1685094131.322274446 -5.727207599516713e-20 9.427419113131046e-19 0 0 0 0 1
1685094131.355607748 -0.0004996636071186964 -0.01800692975046409 0 0 0 0 1
1685094131.388941050 -0.001123332842261296 -0.03663098814433171 0 0 0 0 1
1685094131.422274351 -0.00162045776659245 -0.054985722530401085 0 0 0 0 1
1685094131.455607653 -0.0022959241561004663 -0.07461469152590572 0 0 0 0 1
1685094131.488940954 -0.003129134813735533 -0.09406030681223056 0 0 0 0 1
1685094131.522274256 -0.0029009199000342802 -0.11379473255365581 0 0 0 0 1
1685094131.555607796 -0.0030385075729225533 -0.13488366954330497 0 0 0 0 1
1685094131.588941097 -0.0031613938039526676 -0.15607569927707893 0 0 0 0 1
1685094131.622274399 -0.0028051282783122357 -0.17736244118792735 0 0 0 0 1
1685094131.655607700 -0.0021021203431414908 -0.1987766500148592 0 0 0 0 1
1685094131.688941002 -0.001040445938828449 -0.2200554059627259 0 0 0 0 1
1685094131.722274303 -0.0009609704289322464 -0.2471407970543899 0 0 0 0 1
1685094131.755607605 -0.00189383871618803 -0.26706732871493327 0 0 0 0 1
1685094131.788941145 -0.001360065198628274 -0.2890461742689033 0 0 0 0 1
1685094131.822274446 -0.000970873322825894 -0.3120384250374485 0 0 0 0 1
1685094131.855607748 0.0019393619548375395 -0.3330192551892388 0 0 0 0 1
1685094131.888941050 0.004532159062780966 -0.35724222563259805 0 0 0 0 1
1685094131.922274351 0.00687668974299228 -0.38155141734765846 0 0 0 0 1
1685094131.955607653 0.009424388220537502 -0.40608541315748525 0 0 0 0 1
1685094131.988940954 0.012070409967011985 -0.4309964300927979 0 0 0 0 1
1685094132.022274256 0.01442045525462417 -0.45618067627160064 0 0 0 0 1
1685094132.055607796 0.01640693948277664 -0.48131910664635963 0 0 0 0 1
1685094132.088941097 0.019756609394531333 -0.5050253071671018 0 0 0 0 1
1685094132.122274399 0.02123202087773165 -0.5308261818415894 0 0 0 0 1
1685094132.155607700 0.02267592083082083 -0.5568790573558687 0 0 0 0 1
1685094132.188941002 0.024417871688364515 -0.5823640345519381 0 0 0 0 1
1685094132.222274303 0.025988096533027263 -0.607836108949432 0 0 0 0 1
1685094132.255607605 0.027873090915347235 -0.6330714462582927 0 0 0 0 1
1685094132.288941145 0.029670850214724657 -0.6589127570751929 0 0 0 0 1
1685094132.322274446 0.03161771089151564 -0.6853205499809155 0 0 0 0 1
1685094132.355607748 0.033687991457432655 -0.7115659061394368 0 0 0 0 1
1685094132.388941050 0.03577345270575821 -0.737603262238088 0 0 0 0 1
1685094132.422274351 0.03778863726849756 -0.7639683005554234 0 0 0 0 1
1685094132.455607653 0.03972399636159706 -0.7907421266408653 0 0 0 0 1
1685094132.488940954 0.041649332133970964 -0.817189466389414 0 0 0 0 1
1685094132.522274256 0.043712894436134346 -0.843346346559564 0 0 0 0 1
1685094132.555607796 0.04593985459815247 -0.8694555387936812 0 0 0 0 1
1685094132.588941097 0.04826355887792901 -0.8957635075252163 0 0 0 0 1
1685094132.622274399 0.050571137077885395 -0.9224207898365291 0 0 0 0 1
1685094132.655607700 0.05228698163563663 -0.9488540568704924 0 0 0 0 1
1685094132.688941002 0.05407359906779477 -0.9753285923940425 0 0 0 0 1
1685094132.722274303 0.05599867857167088 -1.0017619325124822 0 0 0 0 1
1685094132.755607605 0.05806090779148606 -1.028443216308979 0 0 0 0 1
1685094132.788941145 0.061136557894820684 -1.0525215512145876 0 0 0 0 1
1685094132.822274446 0.06614415441786638 -1.0755962102032255 0 0 0 0 1
1685094132.855607748 0.06976975645032842 -1.1020024842763796 0 0 0 0 1
1685094132.888941050 0.07310305069076029 -1.1285841402849666 0 0 0 0 1
1685094132.922274351 0.07655833449270184 -1.1551172862705856 0 0 0 0 1
1685094132.955607653 0.07951588685662729 -1.1803293663186096 0 0 0 0 1
1685094132.988940954 0.08105932354409438 -1.2070895936816013 0 0 0 0 1
1685094133.022274256 0.08294832437290549 -1.2342043060472756 0 0 0 0 1
1685094133.055607796 0.08479274575250782 -1.2610204082136678 0 0 0 0 1
1685094133.088941097 0.0864851979516898 -1.287367541304067 0 0 0 0 1
1685094133.122274399 0.08829329432883469 -1.313719408357155 0 0 0 0 1
1685094133.155607700 0.08999784773445386 -1.3407031950317523 0 0 0 0 1
1685094133.188941002 0.09183871585524997 -1.3682101923283716 0 0 0 0 1
1685094133.222274303 0.09366572157538959 -1.3952476259161815 0 0 0 0 1
1685094133.255607605 0.0957538916300767 -1.4222348947254064 0 0 0 0 1
1685094133.288941145 0.09804625285899923 -1.4494450053491816 0 0 0 0 1
1685094133.322274446 0.10000635342459059 -1.4764771470827789 0 0 0 0 1
1685094133.355607748 0.10203485136782184 -1.5031291290266657 0 0 0 0 1
1685094133.388941050 0.10396819693768773 -1.5297957944833196 0 0 0 0 1
1685094133.422274351 0.1058941338799572 -1.5560959018042444 0 0 0 0 1
1685094133.455607653 0.10717704946052563 -1.5820239475615012 0 0 0 0 1
1685094133.488940954 0.10798011462858811 -1.6079939799084493 0 0 0 0 1
1685094133.522274256 0.10905574382853088 -1.6334713663358842 0 0 0 0 1
1685094133.555607796 0.11013137581863937 -1.658801647382873 0 0 0 0 1
1685094133.588941097 0.11120731000913389 -1.6844760587019374 0 0 0 0 1
1685094133.622274399 0.11222549088368676 -1.7105550529864413 0 0 0 0 1
1685094133.655607700 0.11309950953303881 -1.7367580242755045 0 0 0 0 1
1685094133.688941002 0.11405507555305755 -1.7632859147297684 0 0 0 0 1
1685094133.722274303 0.11517569214609698 -1.7904966688864705 0 0 0 0 1
1685094133.755607605 0.11585635648573782 -1.8181219203593626 0 0 0 0 1
1685094133.788941145 0.11809935701524821 -1.8453735829649547 0 0 0 0 1
1685094133.822274446 0.1200000712235076 -1.872990030612385 0 0 0 0 1
1685094133.855607748 0.12196118685837909 -1.9007062775341892 0 0 0 0 1
1685094133.888941050 0.12411141826495764 -1.928376544126839 0 0 0 0 1
1685094133.922274351 0.12714671545951842 -1.962653801985607 0 0 0 0 1
1685094133.955607653 0.12966756578112834 -1.9898339213358474 0 0 0 0 1
1685094133.988940954 0.1323296531197882 -2.013357828215348 0 0 0 0 1
1685094134.022274256 0.13365303590246946 -2.041509948851786 0 0 0 0 1
1685094134.055607796 0.13498269757447734 -2.0696029802075517 0 0 0 0 1
1685094134.088941097 0.13637070788817396 -2.0974837590099678 0 0 0 0 1
1685094134.122274399 0.13686048388206296 -2.12381806994073 0 0 0 0 1
1685094134.155607700 0.13659454076197705 -2.1517421722366596 0 0 0 0 1
1685094134.188941002 0.13433180340685305 -2.1746012285241862 0 0 0 0 1
1685094134.222274303 0.1301490619918061 -2.2017117100894477 0 0 0 0 1
1685094134.255607605 0.12611881106229145 -2.2290488610874495 0 0 0 0 1
1685094134.288941145 0.12196013584116748 -2.2566735498785984 0 0 0 0 1
1685094134.322274446 0.11775337828336004 -2.284306803263385 0 0 0 0 1
1685094134.355607748 0.11334954363883555 -2.3118683158771667 0 0 0 0 1
1685094134.388941050 0.10810180402599505 -2.339031792281433 0 0 0 0 1
1685094134.422274351 0.10258873063309848 -2.366852255328413 0 0 0 0 1
1685094134.455607653 0.09714482883054233 -2.3945937273157085 0 0 0 0 1
1685094134.488940954 0.09151347012426314 -2.4222685618351796 0 0 0 0 1
1685094134.522274256 0.08249361513673364 -2.4517818616280658 0 0 0 0 1
1685094134.555607796 0.07459682578160837 -2.479135304245677 0 0 0 0 1
1685094134.588941097 0.06674190739433127 -2.505786425632643 0 0 0 0 1
1685094134.622274399 0.05875206948093352 -2.5323236579270154 0 0 0 0 1
1685094134.655607700 0.05071022421807202 -2.5584182166507876 0 0 0 0 1
1685094134.688941002 0.04270132861447894 -2.5841937437416123 0 0 0 0 1
1685094134.722274303 0.03503181683265068 -2.609795754982401 0 0 0 0 1
1685094134.755607605 0.027543035468918394 -2.634900321129249 0 0 0 0 1
1685094134.788941145 0.021654231315208924 -2.6600251813252407 0 0 0 0 1
1685094134.822274446 0.014758528150616517 -2.685424923922768 0 0 0 0 1
1685094134.855607748 0.007947764557202922 -2.7112781772258225 0 0 0 0 1
1685094134.888941050 0.001976406235824603 -2.7352086330895444 0 0 0 0 1
1685094134.922274351 -0.0045433662675372685 -2.7606764144982225 0 0 0 0 1
1685094134.955607653 -0.010951619037452566 -2.7863189960554715 0 0 0 0 1
1685094134.988940954 -0.017353123733383144 -2.811349966237911 0 0 0 0 1
1685094135.022274256 -0.023755040055563982 -2.835183185254895 0 0 0 0 1
1685094135.055607796 -0.030720170812534465 -2.859097508439649 0 0 0 0 1
