1685094333.136934042 4.28774665526648e-20 3.1626944762651567e-19 0 0 0 0 1
1685094333.170267344 0.001077848558158256 -0.01613239549225263 0 0 0 0 1
1685094333.203600645 0.0015956948426639468 -0.03301629042746022 0 0 0 0 1
1685094333.236933947 0.0030313554875601076 -0.05080472581484878 0 0 0 0 1
1685094333.270267248 0.004519769494957568 -0.06975110813683591 0 0 0 0 1
1685094333.303600550 0.006112621003771027 -0.08952276638363892 0 0 0 0 1
1685094333.336933851 0.007814674314433183 -0.10980847204946172 0 0 0 0 1
1685094333.370267391 0.00957180120986766 -0.13086340243751873 0 0 0 0 1
1685094333.403600693 0.010619044689456073 -0.1514042168161342 0 0 0 0 1
1685094333.436933994 0.010988239986975236 -0.17397877413390897 0 0 0 0 1
1685094333.470267296 0.011392532029619947 -0.19704534596082865 0 0 0 0 1
1685094333.503600597 0.01199563639212184 -0.2206283522692292 0 0 0 0 1
1685094333.536933899 0.012440742429097835 -0.2447942959264119 0 0 0 0 1
1685094333.570267200 0.012976549856898162 -0.26924432774857543 0 0 0 0 1
1685094333.603600740 0.013795432145740064 -0.29359094053423473 0 0 0 0 1
1685094333.636934042 0.014171507218317067 -0.31830853392408254 0 0 0 0 1
1685094333.670267344 0.014299784008304717 -0.34330346840813736 0 0 0 0 1
1685094333.703600645 0.01474169161258813 -0.36770597965138774 0 0 0 0 1
1685094333.736933947 0.008658917986143313 -0.39306143483035144 0 0 0 0 1
1685094333.770267248 0.0021044025093481327 -0.41895592999467046 0 0 0 0 1
1685094333.803600550 -0.0046122075846039825 -0.4451927593800676 0 0 0 0 1
1685094333.836933851 -0.011314854745067209 -0.4721630138570236 0 0 0 0 1
1685094333.870267391 -0.01807336358558058 -0.4985865035005991 0 0 0 0 1
1685094333.903600693 -0.02541074388487936 -0.5267364721537537 0 0 0 0 1
1685094333.936933994 -0.03305689065349623 -0.5553603533527708 0 0 0 0 1
1685094333.970267296 -0.04056370863420889 -0.5843009275004885 0 0 0 0 1
1685094334.003600597 -0.04790800448790615 -0.6131714603221108 0 0 0 0 1
1685094334.036933899 -0.05460632896305747 -0.6418498635792014 0 0 0 0 1
1685094334.070267200 -0.06090083969761573 -0.6702624851512579 0 0 0 0 1
1685094334.103600740 -0.0671928860571038 -0.6985542710976664 0 0 0 0 1
1685094334.136934042 -0.06923939451144794 -0.7205164240632067 0 0 0 0 1
1685094334.170267344 -0.06755193144426822 -0.7572033674665847 0 0 0 0 1
1685094334.203600645 -0.06638750046946917 -0.786337709605799 0 0 0 0 1
1685094334.236933947 -0.06526726857496688 -0.8157933478358284 0 0 0 0 1
1685094334.270267248 -0.06435691790422216 -0.8452964373362318 0 0 0 0 1
1685094334.303600550 -0.06333282556881194 -0.880829340719033 0 0 0 0 1
1685094334.336933851 -0.06277771117190199 -0.9098869326095337 0 0 0 0 1
1685094334.370267391 -0.062273770924089054 -0.9392139544580211 0 0 0 0 1
1685094334.403600693 -0.06199564248443751 -0.9683208128913849 0 0 0 0 1
1685094334.436933994 -0.0614865953071655 -0.9968175907580376 0 0 0 0 1
1685094334.470267296 -0.06084242873309922 -1.0257268972164135 0 0 0 0 1
1685094334.503600597 -0.05983197196926504 -1.0551663709095265 0 0 0 0 1
1685094334.536933899 -0.0584588755937984 -1.0850231091234872 0 0 0 0 1
1685094334.570267200 -0.05699368319840862 -1.1144454886056678 0 0 0 0 1
1685094334.603600740 -0.0553084770518345 -1.1438532370176984 0 0 0 0 1
1685094334.636934042 -0.053161018784502224 -1.1733883853449063 0 0 0 0 1
1685094334.670267344 -0.050993183266458735 -1.2027812445461414 0 0 0 0 1
1685094334.703600645 -0.049186248078731135 -1.2317407909514302 0 0 0 0 1
1685094334.736933947 -0.047286865283010945 -1.2606441171037663 0 0 0 0 1
1685094334.770267248 -0.046093748870520375 -1.2878648537592965 0 0 0 0 1
1685094334.803600550 -0.04485486616126412 -1.3162837968948127 0 0 0 0 1
1685094334.836933851 -0.04393931451834268 -1.3444473681109335 0 0 0 0 1
1685094334.870267391 -0.04394431501685059 -1.36982312114419 0 0 0 0 1
1685094334.903600693 -0.04485469650208394 -1.3977136343473135 0 0 0 0 1
1685094334.936933994 -0.04624608701098529 -1.4249729252532217 0 0 0 0 1
1685094334.970267296 -0.048024897164080656 -1.4525214477766137 0 0 0 0 1
1685094335.003600597 -0.04983948665446964 -1.480016203469012 0 0 0 0 1
1685094335.036933899 -0.051765259266755306 -1.5074600510069318 0 0 0 0 1
1685094335.070267200 -0.0533478842986427 -1.5340898604385569 0 0 0 0 1
1685094335.103600740 -0.054366612235015904 -1.5599914976576614 0 0 0 0 1
1685094335.136934042 -0.05490862246955918 -1.5855593621619608 0 0 0 0 1
1685094335.170267344 -0.055222483607818895 -1.6109955861518528 0 0 0 0 1
1685094335.203600645 -0.055482402478817694 -1.635964574631721 0 0 0 0 1
1685094335.236933947 -0.05559166641622913 -1.6607780718887644 0 0 0 0 1
1685094335.270267248 -0.05613203818948187 -1.6845555297712536 0 0 0 0 1
1685094335.303600550 -0.056909403632082335 -1.7089543717210198 0 0 0 0 1
1685094335.336933851 -0.05782118172882245 -1.733495070094859 0 0 0 0 1
1685094335.370267391 -0.05884162325780478 -1.7583720036979211 0 0 0 0 1
1685094335.403600693 -0.060086031121352496 -1.7830205804774437 0 0 0 0 1
1685094335.436933994 -0.060968257337119754 -1.8077673694514502 0 0 0 0 1
1685094335.470267296 -0.06155969034342193 -1.832614399074277 0 0 0 0 1
1685094335.503600597 -0.06215833852098172 -1.8574302150683495 0 0 0 0 1
1685094335.536933899 -0.06241698353141821 -1.881643992127353 0 0 0 0 1
1685094335.570267200 -0.06252644978312419 -1.905483289384535 0 0 0 0 1
1685094335.603600740 -0.06265183182642656 -1.9289356290671162 0 0 0 0 1
1685094335.636934042 -0.06285640533204921 -1.9519748844331999 0 0 0 0 1
1685094335.670267344 -0.06324853201629804 -1.974586952992628 0 0 0 0 1
1685094335.703600645 -0.06405510747695002 -1.9969676636403568 0 0 0 0 1
1685094335.736933947 -0.06497531966411091 -2.0191502560840857 0 0 0 0 1
1685094335.770267248 -0.06600151527981124 -2.041533695280076 0 0 0 0 1
1685094335.803600550 -0.06662588126621052 -2.0645064716866672 0 0 0 0 1
1685094335.836933851 -0.06789577982639959 -2.0877636199304166 0 0 0 0 1
1685094335.870267391 -0.06915423879161552 -2.1115341737977067 0 0 0 0 1
1685094335.903600693 -0.07049159005289464 -2.135305602399742 0 0 0 0 1
1685094335.936933994 -0.07153737181901021 -2.159558038265662 0 0 0 0 1
1685094335.970267296 -0.07247873119209741 -2.184453828635853 0 0 0 0 1
1685094336.003600597 -0.07357877808529391 -2.2096355581438365 0 0 0 0 1
1685094336.036933899 -0.07612345101364666 -2.232043012036044 0 0 0 0 1
1685094336.070267200 -0.08001169003103793 -2.257566928361784 0 0 0 0 1
1685094336.103600740 -0.08300669937980389 -2.283461828670047 0 0 0 0 1
1685094336.136934042 -0.08628190300529198 -2.310230615033512 0 0 0 0 1
1685094336.170267344 -0.08970403905430804 -2.337133960679688 0 0 0 0 1
1685094336.203600645 -0.09321703734245083 -2.363819328027223 0 0 0 0 1
1685094336.236933947 -0.0966154654848872 -2.390508153475442 0 0 0 0 1
1685094336.270267248 -0.10032293226238924 -2.417523054225001 0 0 0 0 1
1685094336.303600550 -0.10406556852109376 -2.4449400388552793 0 0 0 0 1
1685094336.336933851 -0.10784671375939614 -2.4722078000517294 0 0 0 0 1
1685094336.370267391 -0.11149707577896804 -2.499409262894018 0 0 0 0 1
1685094336.403600693 -0.11501843101094202 -2.526929531732882 0 0 0 0 1
1685094336.436933994 -0.11863390928469875 -2.5544002304963795 0 0 0 0 1
1685094336.470267296 -0.12239173214902103 -2.5814818226905847 0 0 0 0 1
1685094336.503600597 -0.1261501393402063 -2.6085527630184755 0 0 0 0 1
1685094336.536933899 -0.12983232812627463 -2.6357711101898724 0 0 0 0 1
1685094336.570267200 -0.1333826703112764 -2.662759920843841 0 0 0 0 1
1685094336.603600740 -0.1374036564036784 -2.6887009926342462 0 0 0 0 1
1685094336.636934042 -0.13852199264960638 -2.715633214282175 0 0 0 0 1
1685094336.670267344 -0.13961108056488855 -2.7428905402110897 0 0 0 0 1
1685094336.703600645 -0.13931604763565048 -2.7707407555287493 0 0 0 0 1
1685094336.736933947 -0.1420147805649221 -2.79763540385878 0 0 0 0 1
1685094336.770267248 -0.1461418018594215 -2.8287689854354636 0 0 0 0 1
1685094336.803600550 -0.1494711041568427 -2.855295036683663 0 0 0 0 1
1685094336.836933851 -0.15256859992079935 -2.8815017296552496 0 0 0 0 1
