1685094113.803657055 -3.8122868105675866e-19 1.9068953430875308e-17 0 0 0 0 1
1685094113.836990356 0.000595963660095206 -0.013069726441780432 0 0 0 0 1
1685094113.870323658 0.0010851105250568682 -0.02660008842644672 0 0 0 0 1
1685094113.903656960 0.0017960939242444324 -0.03931318633811562 0 0 0 0 1
1685094113.936990499 0.0021854898542478297 -0.053344146054870714 0 0 0 0 1
1685094113.970323801 0.002560249651236583 -0.06768188693183377 0 0 0 0 1
1685094114.003657103 0.0026327962805548603 -0.08233339069987762 0 0 0 0 1
1685094114.036990404 0.002691503932605478 -0.09731666034655125 0 0 0 0 1
1685094114.070323706 0.002806277918515536 -0.11285033739891193 0 0 0 0 1
1685094114.103657007 0.0024465785163785064 -0.12862418006176377 0 0 0 0 1
1685094114.136990309 0.0019891688582653225 -0.14463556139904857 0 0 0 0 1
1685094114.170323610 0.0015708891484263077 -0.16082602063939325 0 0 0 0 1
1685094114.203657150 0.005357979756057384 -0.16692007499448233 0 0 0 0 1
1685094114.236990452 0.0035860917942905305 -0.18363971161540918 0 0 0 0 1
1685094114.270323753 0.0010190360031868404 -0.19780542539591062 0 0 0 0 1
1685094114.303657055 0.0024380167261529822 -0.21521370231353792 0 0 0 0 1
1685094114.336990356 0.003942320114854795 -0.23278297954005586 0 0 0 0 1
1685094114.370323658 0.0056684834634363685 -0.2506318799095703 0 0 0 0 1
1685094114.403656960 0.007530849727849852 -0.26891788925936905 0 0 0 0 1
1685094114.436990499 0.009502026273684032 -0.2876494842019155 0 0 0 0 1
1685094114.470323801 0.011882292176617551 -0.30706940460030674 0 0 0 0 1
1685094114.503657103 0.014526156808360016 -0.32675728002414 0 0 0 0 1
1685094114.536990404 0.0174713380004766 -0.3463130882787055 0 0 0 0 1
1685094114.570323706 0.020622943681979075 -0.36598893533463195 0 0 0 0 1
1685094114.603657007 0.02366332921990032 -0.38585626539021967 0 0 0 0 1
1685094114.636990309 0.0264898071034863 -0.4059418825222549 0 0 0 0 1
1685094114.670323610 0.029243944544639956 -0.42631325749091664 0 0 0 0 1
1685094114.703657150 0.03184263422982739 -0.4468875825481238 0 0 0 0 1
1685094114.736990452 0.03389398473163472 -0.46753470707219513 0 0 0 0 1
1685094114.770323753 0.03574755636188636 -0.48849247997299217 0 0 0 0 1
1685094114.803657055 0.0374630686553583 -0.5094620052494688 0 0 0 0 1
1685094114.836990356 0.0393131963821088 -0.5306848604042034 0 0 0 0 1
1685094114.870323658 0.04105086359935632 -0.5522161119437138 0 0 0 0 1
1685094114.903656960 0.04246654182839851 -0.5738357437104701 0 0 0 0 1
1685094114.936990499 0.04371585662836781 -0.5955341086704239 0 0 0 0 1
1685094114.970323801 0.0450804597847816 -0.6169367938893672 0 0 0 0 1
1685094115.003657103 0.056331613086820775 -0.6057871058333913 0 0 0 0 1
1685094115.036990404 0.05665739530334284 -0.6216237045944559 0 0 0 0 1
1685094115.070323706 0.07840741428630196 -0.6184694690386693 0 0 0 0 1
1685094115.103657007 0.10037698749243511 -0.614782301676182 0 0 0 0 1
1685094115.136990309 0.12258815565980637 -0.6106722297737158 0 0 0 0 1
1685094115.170323610 0.14476307134606847 -0.6064313270649522 0 0 0 0 1
1685094115.203657150 0.16688636611116064 -0.6019288865917333 0 0 0 0 1
1685094115.236990452 0.1889457982962976 -0.5972018347657406 0 0 0 0 1
1685094115.270323753 0.21096929568111872 -0.5925240897884627 0 0 0 0 1
1685094115.303657055 0.23332633216854615 -0.5881399132801067 0 0 0 0 1
1685094115.336990356 0.2559469413933444 -0.5839132179368847 0 0 0 0 1
1685094115.370323658 0.27898007348223935 -0.5796896233333202 0 0 0 0 1
1685094115.403656960 0.30201320508857615 -0.5754660260981529 0 0 0 0 1
1685094115.436990499 0.3252365985064663 -0.5715227299060791 0 0 0 0 1
1685094115.470323801 0.3484749895829912 -0.5676688011476542 0 0 0 0 1
1685094115.503657103 0.3721986839841374 -0.5637411769826782 0 0 0 0 1
1685094115.536990404 0.395940289226657 -0.5599233126413683 0 0 0 0 1
1685094115.570323706 0.4196992974995593 -0.5562152897843138 0 0 0 0 1
1685094115.603657007 0.44436076010430164 -0.55239639077574 0 0 0 0 1
1685094115.636990309 0.4693548017761036 -0.5484818416824259 0 0 0 0 1
1685094115.670323610 0.49450047009454856 -0.5442340523873207 0 0 0 0 1
1685094115.703657150 0.51937576160381 -0.5399163031333464 0 0 0 0 1
1685094115.736990452 0.5442358057106877 -0.535511613212929 0 0 0 0 1
1685094115.770323753 0.5690802985531879 -0.5310200364641814 0 0 0 0 1
1685094115.803657055 0.5932208056746716 -0.526459568200072 0 0 0 0 1
1685094115.836990356 0.6173612742331875 -0.5218988958104284 0 0 0 0 1
1685094115.870323658 0.5993294135938684 -0.5090668987180244 0 0 0 0 1
1685094115.903656960 0.5999370446020641 -0.5311901654761949 0 0 0 0 1
1685094115.936990499 0.6172373723209671 -0.5173877450973682 0 0 0 0 1
1685094115.970323801 0.5958017073749627 -0.5118813473803542 0 0 0 0 1
1685094116.003657103 0.6043079865729362 -0.5323129738868617 0 0 0 0 1
1685094116.036990404 0.6109505228257216 -0.5571437969710467 0 0 0 0 1
1685094116.070323706 0.6176312103419909 -0.5819643827259726 0 0 0 0 1
1685094116.103657007 0.6330151241625789 -0.5923681362975695 0 0 0 0 1
1685094116.136990309 0.6421621883058397 -0.6170180797170388 0 0 0 0 1
1685094116.170323610 0.6512497302930995 -0.6416900288425894 0 0 0 0 1
1685094116.203657150 0.6602776971843954 -0.6663838399464597 0 0 0 0 1
1685094116.236990452 0.6629496925765568 -0.6706244275293506 0 0 0 0 1
1685094116.270323753 0.6671638032763219 -0.6733379885539134 0 0 0 0 1
1685094116.303657055 0.6721299626984866 -0.6740157813080384 0 0 0 0 1
1685094116.336990356 0.6973161493406362 -0.6715812638321907 0 0 0 0 1
1685094116.370323658 0.7222514476991637 -0.6688353702733634 0 0 0 0 1
1685094116.403656960 0.7473054834453436 -0.6661881084802874 0 0 0 0 1
1685094116.436990499 0.7578910693737376 -0.6687450323468509 0 0 0 0 1
1685094116.470323801 0.7816029718754415 -0.6598237456780436 0 0 0 0 1
1685094116.503657103 0.805580871064627 -0.6507195277102213 0 0 0 0 1
1685094116.536990404 0.8297201469074855 -0.641598556157171 0 0 0 0 1
1685094116.570323706 0.854000800608664 -0.6322557202107032 0 0 0 0 1
1685094116.603657007 0.8782616805434892 -0.6228616565284005 0 0 0 0 1
1685094116.636990309 0.9016956108349088 -0.6140777612536159 0 0 0 0 1
1685094116.670323610 0.9249454957317964 -0.6053231332646972 0 0 0 0 1
1685094116.703657150 0.9480763287901842 -0.5967159260356832 0 0 0 0 1
1685094116.736990452 0.9590354239216472 -0.5872937492786957 0 0 0 0 1
1685094116.770323753 0.9806386629042777 -0.6034722572834209 0 0 0 0 1
1685094116.803657055 1.000505927385797 -0.6173258173402133 0 0 0 0 1
1685094116.836990356 1.0203807617675171 -0.6310886196026357 0 0 0 0 1
1685094116.870323658 1.0401890758918908 -0.6449469910569408 0 0 0 0 1
1685094116.903656960 1.059864950732994 -0.658047709837316 0 0 0 0 1
1685094116.936990499 1.0793201432662543 -0.6709866518679194 0 0 0 0 1
1685094116.970323801 1.098906192745069 -0.6838883317106005 0 0 0 0 1
1685094117.003657103 1.1186295026451238 -0.6969453223938368 0 0 0 0 1
1685094117.036990404 1.138701677737532 -0.710101091443097 0 0 0 0 1
1685094117.070323706 1.1588063673822362 -0.7232071177862677 0 0 0 0 1
1685094117.103657007 1.1784290582930048 -0.736031146537399 0 0 0 0 1
1685094117.136990309 1.1980837920033633 -0.748806010715318 0 0 0 0 1
1685094117.170323610 1.2166809973944104 -0.7610317868705571 0 0 0 0 1
