1685094287.096006393 3.4351925263193203e-20 -9.389972170195334e-19 0 0 0 0 1
1685094287.129339933 1.76912415105445e-18 -4.8358356676505973e-17 0 0 0 0 1
1685094287.162673235 -0.00018126820425998244 -0.0177171359028631 0 0 0 0 1
1685094287.196006536 -0.0003386472559403291 -0.03606908747688344 0 0 0 0 1
1685094287.229339838 -0.0003336600659652531 -0.05496907933911501 0 0 0 0 1
1685094287.262673140 -0.00032915796278589876 -0.07440055656538791 0 0 0 0 1
1685094287.296006441 -0.00020781916418942002 -0.09425520708448372 0 0 0 0 1
1685094287.329339743 1.6983188509350463e-05 -0.11448411520469015 0 0 0 0 1
1685094287.362673044 0.0002777852339840032 -0.13539891335986093 0 0 0 0 1
1685094287.396006584 0.0007780759980538581 -0.15713525032931208 0 0 0 0 1
1685094287.429339886 0.0011420650837782927 -0.1789836758686137 0 0 0 0 1
1685094287.462673187 0.001541769469376164 -0.2011177175100291 0 0 0 0 1
1685094287.496006489 0.0024409109082152735 -0.22417547596778067 0 0 0 0 1
1685094287.529339790 0.0031382765092110754 -0.24790005759641445 0 0 0 0 1
1685094287.562673092 0.003958906887943445 -0.2717818961980425 0 0 0 0 1
1685094287.596006393 0.004963782016846003 -0.2960944099441779 0 0 0 0 1
1685094287.629339933 0.006060700089901112 -0.3205566405326994 0 0 0 0 1
1685094287.662673235 0.007282064201557191 -0.345402721295108 0 0 0 0 1
1685094287.696006536 0.00869991271351657 -0.37062692552124765 0 0 0 0 1
1685094287.729339838 0.009758531620816961 -0.3964318994775726 0 0 0 0 1
1685094287.762673140 0.010901796206391355 -0.42223326186340193 0 0 0 0 1
1685094287.796006441 0.011949566350079814 -0.4488071941314846 0 0 0 0 1
1685094287.829339743 0.014020306119299091 -0.4695899705060717 0 0 0 0 1
1685094287.862673044 0.0180728435447925 -0.4900787161349017 0 0 0 0 1
1685094287.896006584 0.024089451009938756 -0.5169216484936034 0 0 0 0 1
1685094287.929339886 0.029873672468466242 -0.5436270202316592 0 0 0 0 1
1685094287.962673187 0.03550909526839102 -0.5709382467962074 0 0 0 0 1
1685094287.996006489 0.041097367166089936 -0.598259160100696 0 0 0 0 1
1685094288.029339790 0.046882009270105045 -0.6259317561922777 0 0 0 0 1
1685094288.062673092 0.052622018490798124 -0.6536136447273061 0 0 0 0 1
1685094288.096006393 0.05833676036919712 -0.6650352435256509 0 0 0 0 1
1685094288.129339933 0.07458603824247298 -0.6884381125015757 0 0 0 0 1
1685094288.162673235 0.09085122246222929 -0.7118299292331727 0 0 0 0 1
1685094288.196006536 0.10713230551108212 -0.7352106829092968 0 0 0 0 1
1685094288.229339838 0.1238142270654543 -0.7588300791701598 0 0 0 0 1
1685094288.262673140 0.11640170368556983 -0.7617222403299564 0 0 0 0 1
1685094288.296006441 0.11494243693144103 -0.7539004349391362 0 0 0 0 1
1685094288.329339743 0.12289916259681867 -0.7539252485944808 0 0 0 0 1
1685094288.362673044 0.15325947315197544 -0.751935199144982 0 0 0 0 1
1685094288.396006584 0.1836221498407928 -0.7499815824713827 0 0 0 0 1
1685094288.429339886 0.21382912495429154 -0.7480077542874914 0 0 0 0 1
1685094288.462673187 0.24403506362952587 -0.7460181282032622 0 0 0 0 1
1685094288.496006489 0.27423995760437614 -0.74401270476291 0 0 0 0 1
1685094288.529339790 0.3044437986170087 -0.7419914845149711 0 0 0 0 1
1685094288.562673092 0.33464657840587775 -0.7399544680123025 0 0 0 0 1
1685094288.596006393 0.36449741703300886 -0.7382406254992713 0 0 0 0 1
1685094288.629339933 0.3943522341291775 -0.736597543317267 0 0 0 0 1
1685094288.662673235 0.4242108619598199 -0.7350252306976868 0 0 0 0 1
1685094288.696006536 0.4540731327689624 -0.73352369647432 0 0 0 0 1
1685094288.729339838 0.4844471208199295 -0.7320134796216415 0 0 0 0 1
1685094288.762673140 0.5148323640463349 -0.7307497948766978 0 0 0 0 1
1685094288.796006441 0.5452268614900772 -0.7297327254568652 0 0 0 0 1
1685094288.829339743 0.5756286115836378 -0.728962338339172 0 0 0 0 1
1685094288.862673044 0.6182800689768303 -0.7115652846826083 0 0 0 0 1
1685094288.896006584 0.6435562841928921 -0.6945235033861006 0 0 0 0 1
1685094288.929339886 0.6687812964960441 -0.6774060234397851 0 0 0 0 1
1685094288.962673187 0.693954879180398 -0.6602129986843592 0 0 0 0 1
1685094288.996006489 0.7187243597132386 -0.6431214000286637 0 0 0 0 1
1685094289.029339790 0.743283935646886 -0.6261678625093158 0 0 0 0 1
1685094289.062673092 0.7678433431070576 -0.6092140809351121 0 0 0 0 1
1685094289.096006393 0.7924195161528556 -0.5923936273661894 0 0 0 0 1
1685094289.129339933 0.8173921710848309 -0.5754241857114952 0 0 0 0 1
1685094289.162673235 0.8422008221389543 -0.558963679244393 0 0 0 0 1
1685094289.196006536 0.8667337073594399 -0.5429826362153074 0 0 0 0 1
1685094289.229339838 0.8913635720823021 -0.5271514657825023 0 0 0 0 1
1685094289.262673140 0.9160895007405879 -0.5114707564387138 0 0 0 0 1
1685094289.296006441 0.9409105741963557 -0.49594109108358153 0 0 0 0 1
1685094289.329339743 0.9658258697748425 -0.4805630470019812 0 0 0 0 1
1685094289.362673044 0.9894471128796144 -0.46558012152594486 0 0 0 0 1
1685094289.396006584 1.0135897310358826 -0.4499381739442173 0 0 0 0 1
1685094289.429339886 1.0376905992748124 -0.43423197498588767 0 0 0 0 1
1685094289.462673187 1.061186155153358 -0.4184558723127404 0 0 0 0 1
1685094289.496006489 1.0845699613024218 -0.4025145997293315 0 0 0 0 1
1685094289.529339790 1.1084144689246833 -0.3858655803015199 0 0 0 0 1
1685094289.562673092 1.1314955054093538 -0.3696000876327334 0 0 0 0 1
1685094289.596006393 1.154511008772098 -0.35324199783213145 0 0 0 0 1
1685094289.629339933 1.1773648653561621 -0.33718881126294986 0 0 0 0 1
1685094289.662673235 1.2002556068937738 -0.32118826403330203 0 0 0 0 1
1685094289.696006536 1.2231831121408623 -0.3052404408923636 0 0 0 0 1
1685094289.729339838 1.2447451301561137 -0.29028548754429395 0 0 0 0 1
1685094289.762673140 1.265818437469356 -0.2829702614614716 0 0 0 0 1
1685094289.796006441 1.283547920172845 -0.26943282238209476 0 0 0 0 1
1685094289.829339743 1.291875049554198 -0.2455384834482672 0 0 0 0 1
1685094289.862673044 1.3004313448670155 -0.22247271803262772 0 0 0 0 1
