1685094372.409234762 -6.076238775335221e-20 3.3138419574299147e-19 0 0 0 0 1
1685094372.442568064 -0.00021645091801526065 -0.013076424283516219 0 0 0 0 1
1685094372.475901365 -0.0001994938113379625 -0.02726083357604714 0 0 0 0 1
1685094372.509234667 -2.205366282742751e-05 -0.042294659088481984 0 0 0 0 1
1685094372.542568207 0.00020959490549203816 -0.05801734845617777 0 0 0 0 1
1685094372.575901508 -6.01014528454707e-05 -0.0718440771611628 0 0 0 0 1
1685094372.609234810 0.0015001490325121946 -0.08853201893826998 0 0 0 0 1
1685094372.642568111 0.003099658665204551 -0.10568074710852453 0 0 0 0 1
1685094372.675901413 0.005016600693915151 -0.1233367704469671 0 0 0 0 1
1685094372.709234715 0.006796012215014887 -0.1415839539344228 0 0 0 0 1
1685094372.742568016 0.009098937582029044 -0.16050055055054507 0 0 0 0 1
1685094372.775901556 0.011274829285862662 -0.17990687561125976 0 0 0 0 1
1685094372.809234858 0.013600338160088201 -0.19989979200568236 0 0 0 0 1
1685094372.842568159 0.01596491794248115 -0.22064670850548043 0 0 0 0 1
1685094372.875901461 0.01851689088711815 -0.24168669908273208 0 0 0 0 1
1685094372.909234762 0.021248115233534308 -0.26301765322319365 0 0 0 0 1
1685094372.942568064 0.023920492873222517 -0.2847264636163932 0 0 0 0 1
1685094372.975901365 0.020831246173927957 -0.2962686730496202 0 0 0 0 1
1685094373.009234667 0.0162191273026239 -0.3181423825297782 0 0 0 0 1
1685094373.042568207 0.011602981009031624 -0.34034813911525885 0 0 0 0 1
1685094373.075901508 0.006962277176194423 -0.3629779484817643 0 0 0 0 1
1685094373.109234810 0.0021385166187856248 -0.38560642744688417 0 0 0 0 1
1685094373.142568111 -0.0028156912586295843 -0.408461855980825 0 0 0 0 1
1685094373.175901413 -0.007698352078051713 -0.4320244096808081 0 0 0 0 1
1685094373.209234715 -0.0031531028295901896 -0.44664034478163206 0 0 0 0 1
1685094373.242568016 0.0076807963336599045 -0.45745290592701604 0 0 0 0 1
1685094373.275901556 0.012371317139431159 -0.4408424863076416 0 0 0 0 1
1685094373.309234858 0.029949351793370396 -0.4379441158037433 0 0 0 0 1
1685094373.342568159 0.05606781247914389 -0.4372653576063758 0 0 0 0 1
1685094373.375901461 0.07701872138772163 -0.4405952019282289 0 0 0 0 1
1685094373.409234762 0.10127686684691233 -0.4506380198611613 0 0 0 0 1
1685094373.442568064 0.12556835597224972 -0.4605793031659344 0 0 0 0 1
1685094373.475901365 0.14988651083018606 -0.4706091709960898 0 0 0 0 1
1685094373.509234667 0.17421149858153623 -0.4806224559356899 0 0 0 0 1
1685094373.542568207 0.19353576925190233 -0.48954851715813813 0 0 0 0 1
1685094373.575901508 0.21875253461626518 -0.49764079920536486 0 0 0 0 1
1685094373.609234810 0.24418993439436923 -0.5056544449726188 0 0 0 0 1
1685094373.642568111 0.27651386791518545 -0.5155074759050847 0 0 0 0 1
1685094373.675901413 0.31249097531292636 -0.5248977798652865 0 0 0 0 1
1685094373.709234715 0.34541469167896793 -0.5421766387923688 0 0 0 0 1
1685094373.742568016 0.36623544016948373 -0.5613899038406501 0 0 0 0 1
1685094373.775901556 0.3871056185929142 -0.5805494647462399 0 0 0 0 1
1685094373.809234858 0.4080250884275293 -0.5996551943412974 0 0 0 0 1
1685094373.842568159 0.4255243189561564 -0.6184186287457336 0 0 0 0 1
1685094373.875901461 0.4452042863588716 -0.6348803547418643 0 0 0 0 1
1685094373.909234762 0.46676443586974753 -0.6487889669232536 0 0 0 0 1
1685094373.942568064 0.4898754983616055 -0.6599320513365139 0 0 0 0 1
1685094373.975901365 0.5141845189826704 -0.6681394294920674 0 0 0 0 1
1685094374.009234667 0.5429920034279744 -0.6722946667597411 0 0 0 0 1
1685094374.042568207 0.5717916127898014 -0.6765041391047342 0 0 0 0 1
1685094374.075901508 0.6005832449613205 -0.6807678316026815 0 0 0 0 1
1685094374.109234810 0.6298872178365865 -0.6849033174130713 0 0 0 0 1
1685094374.142568111 0.6592438764400567 -0.6889716998052815 0 0 0 0 1
1685094374.175901413 0.6858453378041949 -0.6970808564646153 0 0 0 0 1
1685094374.209234715 0.6585279591491479 -0.6855384371398114 0 0 0 0 1
1685094374.242568016 0.6309756209408497 -0.6743043161592885 0 0 0 0 1
1685094374.275901556 0.6033528612642178 -0.6632444805910482 0 0 0 0 1
1685094374.309234858 0.5756607825684219 -0.6523593718430698 0 0 0 0 1
1685094374.342568159 0.5546069541935418 -0.6525898557655172 0 0 0 0 1
1685094374.375901461 0.528750479505937 -0.6391435416956476 0 0 0 0 1
1685094374.409234762 0.5028248524091542 -0.6258310473773432 0 0 0 0 1
1685094374.442568064 0.47683076547921516 -0.6126527284399714 0 0 0 0 1
1685094374.475901365 0.4826388945246158 -0.6167400877786547 0 0 0 0 1
1685094374.509234667 0.4848475054584803 -0.5871907963075963 0 0 0 0 1
1685094374.542568207 0.4872937133460639 -0.5574759363467461 0 0 0 0 1
1685094374.575901508 0.4898660493092871 -0.5278128446927891 0 0 0 0 1
1685094374.609234810 0.4926503738391453 -0.49857554217531186 0 0 0 0 1
1685094374.642568111 0.49597048462326754 -0.462573991650869 0 0 0 0 1
1685094374.675901413 0.498850104255931 -0.43396462152959414 0 0 0 0 1
1685094374.709234715 0.5012351794511849 -0.4051523605468454 0 0 0 0 1
1685094374.742568016 0.5038009852165872 -0.37632000173494823 0 0 0 0 1
1685094374.775901556 0.5064508483575962 -0.3476972847976423 0 0 0 0 1
1685094374.809234858 0.509060341238487 -0.31907085913106975 0 0 0 0 1
1685094374.842568159 0.5116294586688573 -0.2904407816745174 0 0 0 0 1
1685094374.875901461 0.49932472299016395 -0.25612070957132227 0 0 0 0 1
1685094374.909234762 0.47413968241473986 -0.24206578630807765 0 0 0 0 1
1685094374.942568064 0.44900256857201326 -0.22832511062924798 0 0 0 0 1
1685094374.975901365 0.42385735391974855 -0.21459926491597728 0 0 0 0 1
1685094375.009234667 0.3992129032010802 -0.2010205785986248 0 0 0 0 1
1685094375.042568207 0.3745377809792121 -0.18749770846444844 0 0 0 0 1
1685094375.075901508 0.3749453729913979 -0.20086321376518934 0 0 0 0 1
1685094375.109234810 0.3723537428909531 -0.2285137524591204 0 0 0 0 1
1685094375.142568111 0.3696134171583756 -0.2557578642645893 0 0 0 0 1
1685094375.175901413 0.3670066688958627 -0.2825632506182867 0 0 0 0 1
1685094375.209234715 0.3646550590405203 -0.3095912618514445 0 0 0 0 1
1685094375.242568016 0.38832796095924854 -0.35075089574323043 0 0 0 0 1
1685094375.275901556 0.3523642680762422 -0.31974872579375135 0 0 0 0 1
1685094375.309234858 0.3965632028646467 -0.3370973831173008 0 0 0 0 1
