1685093613.779692888 4.979364018791624e-20 7.22602542952629e-19 0 0 0 0 1
1685093613.813026190 0.0011096667543907246 -0.01473195420490093 0 0 0 0 1
1685093613.846359491 0.002675494662464027 -0.029864685459102643 0 0 0 0 1
1685093613.879692793 0.004591336952940315 -0.04474014994582912 0 0 0 0 1
1685093613.913026094 0.006919798257771691 -0.05950038956727969 0 0 0 0 1
1685093613.946359634 0.008083063556155626 -0.07744111924471199 0 0 0 0 1
1685093613.979692936 0.007464179063751735 -0.09122953283182259 0 0 0 0 1
1685093614.013026237 0.008515680507242428 -0.10874715251495257 0 0 0 0 1
1685093614.046359539 0.009367562122871126 -0.12683053510192152 0 0 0 0 1
1685093614.079692841 0.010022704401299234 -0.14547447451411719 0 0 0 0 1
1685093614.113026142 0.005217565759047106 -0.1678221657654377 0 0 0 0 1
1685093614.146359444 -0.0019071207228337616 -0.1878141509966361 0 0 0 0 1
1685093614.179692745 0.0014478334368745974 -0.1963535983365402 0 0 0 0 1
1685093614.213026285 0.002601286362041982 -0.21803052972268455 0 0 0 0 1
1685093614.246359587 -0.0004973249230038031 -0.24016043165505407 0 0 0 0 1
1685093614.279692888 -0.003686133191075084 -0.2620561835301937 0 0 0 0 1
1685093614.313026190 -0.006732764603755281 -0.28400306766159356 0 0 0 0 1
1685093614.346359491 -0.009637786352113722 -0.30583604519724106 0 0 0 0 1
1685093614.379692793 -0.012599556266413148 -0.3280385095740248 0 0 0 0 1
1685093614.413026094 -0.015752008789855776 -0.35061199646239305 0 0 0 0 1
1685093614.446359634 -0.008237375012754452 -0.36146109327777337 0 0 0 0 1
1685093614.479692936 0.0015155274728534535 -0.3821062789779222 0 0 0 0 1
1685093614.513026237 0.011634441984350024 -0.40292374859759256 0 0 0 0 1
1685093614.546359539 0.021850710706336686 -0.4236936144049836 0 0 0 0 1
1685093614.579692841 0.03225818871551787 -0.4452508567130547 0 0 0 0 1
1685093614.613026142 0.042612050267637466 -0.46678154982358533 0 0 0 0 1
1685093614.646359444 0.053056082650674574 -0.48814279963063895 0 0 0 0 1
1685093614.679692745 0.06358756153015559 -0.5098186082753761 0 0 0 0 1
1685093614.713026285 0.07426947817245813 -0.5317486841581988 0 0 0 0 1
1685093614.746359587 0.08499471214249864 -0.5536629781123802 0 0 0 0 1
1685093614.779692888 0.09578529255185586 -0.5752488253674228 0 0 0 0 1
1685093614.813026190 0.09472673077281855 -0.5889255498138539 0 0 0 0 1
1685093614.846359491 0.09236313850994092 -0.6125776976194396 0 0 0 0 1
1685093614.879692793 0.10036102547218101 -0.6240061349522945 0 0 0 0 1
1685093614.913026094 0.10685033722096882 -0.6465047453130485 0 0 0 0 1
1685093614.946359634 0.11130543972591771 -0.6661788887550654 0 0 0 0 1
1685093614.979692936 0.11803348541524876 -0.6859784872094946 0 0 0 0 1
1685093615.013026237 0.1300864341770746 -0.7054300277267762 0 0 0 0 1
1685093615.046359539 0.14185469560952757 -0.7250123058761331 0 0 0 0 1
1685093615.079692841 0.15286657639119117 -0.7449227162195016 0 0 0 0 1
1685093615.113026142 0.1929058118475724 -0.7528062325934463 0 0 0 0 1
1685093615.146359444 0.2039586586450882 -0.7342779147552071 0 0 0 0 1
1685093615.179692745 0.2146594164756471 -0.7149429994289722 0 0 0 0 1
1685093615.213026285 0.22575959367083118 -0.6952154421004185 0 0 0 0 1
1685093615.246359587 0.2367091664120455 -0.6754064464353142 0 0 0 0 1
1685093615.279692888 0.25443879559480487 -0.649765348688662 0 0 0 0 1
