1685093628.926164150 -5.421184471703501e-19 -2.5638512779815116e-18 0 0 0 0 1
1685093628.959497452 0.0006199003051601025 -0.019971567205314816 0 0 0 0 1
1685093628.992830753 -0.0011084806485521764 -0.03248076406871994 0 0 0 0 1
1685093629.026164055 -0.0088942768134797 -0.053869393008630605 0 0 0 0 1
1685093629.059497356 -0.016285872044256265 -0.07392874452245561 0 0 0 0 1
1685093629.092830896 -0.024042138437275772 -0.0942255549055931 0 0 0 0 1
1685093629.126164198 -0.03223447498674974 -0.11620726901344666 0 0 0 0 1
1685093629.159497499 -0.04064339567193852 -0.1392489168146982 0 0 0 0 1
1685093629.192830801 -0.04962685662427189 -0.16311705463594983 0 0 0 0 1
1685093629.226164103 -0.05847328710074592 -0.1876652786795731 0 0 0 0 1
1685093629.259497404 -0.06730848404085905 -0.21221754804312548 0 0 0 0 1
1685093629.292830706 -0.07675281667602876 -0.23824101968390257 0 0 0 0 1
1685093629.326164246 -0.08653107490408368 -0.2651112909766986 0 0 0 0 1
1685093629.359497547 -0.0965607094781054 -0.2922131727915378 0 0 0 0 1
1685093629.392830849 -0.10640181777315359 -0.3196611097356386 0 0 0 0 1
1685093629.426164150 -0.11613327281355441 -0.3475313112943679 0 0 0 0 1
1685093629.459497452 -0.1258440153300577 -0.37619311111324166 0 0 0 0 1
1685093629.492830753 -0.13857548575191578 -0.39202765627174124 0 0 0 0 1
1685093629.526164055 -0.1326875173999786 -0.421615827702851 0 0 0 0 1
1685093629.559497356 -0.12658987354288742 -0.4513552326538177 0 0 0 0 1
1685093629.592830896 -0.12007696465155637 -0.4813512689454536 0 0 0 0 1
1685093629.626164198 -0.11338886964598066 -0.5113087314653719 0 0 0 0 1
1685093629.659497499 -0.10652581694346909 -0.5412265970817302 0 0 0 0 1
1685093629.692830801 -0.09948804093662926 -0.5711038440150316 0 0 0 0 1
1685093629.726164103 -0.0927396673934404 -0.6016866555521192 0 0 0 0 1
1685093629.759497404 -0.08613948252464569 -0.6323017901539655 0 0 0 0 1
1685093629.792830706 -0.08324877917244468 -0.6590661599927716 0 0 0 0 1
1685093629.826164246 -0.08027665226518454 -0.6858216102858606 0 0 0 0 1
1685093629.859497547 -0.10220831808017937 -0.693401080888266 0 0 0 0 1
1685093629.892830849 -0.08886969333631559 -0.7123886407624502 0 0 0 0 1
1685093629.926164150 -0.10967953019764412 -0.6899883474658062 0 0 0 0 1
1685093629.959497452 -0.1303967973579746 -0.667502412053236 0 0 0 0 1
