1685094196.710059166 8.15152535479394e-19 -4.796198986046003e-18 0 0 0 0 1
1685094196.743392467 0.0004981163711008602 -0.0188928506267378 0 0 0 0 1
1685094196.776725769 0.0007944558771666402 -0.03666800247307229 0 0 0 0 1
1685094196.810059071 -0.0019114615312507167 -0.05097818046571585 0 0 0 0 1
1685094196.843392611 0.0023138255852599683 -0.06794525535202012 0 0 0 0 1
1685094196.876725912 0.002642969755167363 -0.08599656711560867 0 0 0 0 1
1685094196.910059214 0.004196046149064303 -0.10563246632289816 0 0 0 0 1
1685094196.943392515 0.005880630563836481 -0.12587718821946609 0 0 0 0 1
1685094196.976725817 0.007187834990275542 -0.1470670486672954 0 0 0 0 1
1685094197.010059118 0.01086764540893353 -0.16848575883272907 0 0 0 0 1
1685094197.043392420 0.015401969679755212 -0.19065134896695687 0 0 0 0 1
1685094197.076725721 0.019932870923464265 -0.21391694207154455 0 0 0 0 1
1685094197.110059261 0.024410207727046593 -0.23764962036003465 0 0 0 0 1
1685094197.143392563 0.03299172216928145 -0.255421293948158 0 0 0 0 1
1685094197.176725864 0.04746851956954718 -0.26883386675417653 0 0 0 0 1
1685094197.210059166 0.0655558893007568 -0.2792294379703949 0 0 0 0 1
1685094197.243392467 0.07772522762123987 -0.3023493133518041 0 0 0 0 1
1685094197.276725769 0.09003098110863163 -0.32651497732393364 0 0 0 0 1
1685094197.310059071 0.10270050363627016 -0.35175382701985947 0 0 0 0 1
1685094197.343392611 0.11522723267499227 -0.3770638525955541 0 0 0 0 1
1685094197.376725912 0.127610768383153 -0.40244424617832947 0 0 0 0 1
1685094197.410059214 0.1389949479046257 -0.42740339869099503 0 0 0 0 1
1685094197.443392515 0.14963615569673552 -0.4526882466093187 0 0 0 0 1
1685094197.476725817 0.15952508642223673 -0.47827667928179507 0 0 0 0 1
1685094197.510059118 0.1686530925819733 -0.5041463205834333 0 0 0 0 1
1685094197.543392420 0.1770121920767928 -0.5302745484828398 0 0 0 0 1
1685094197.576725721 0.18688117068480956 -0.5588412691093927 0 0 0 0 1
1685094197.610059261 0.1914350651286881 -0.5821130030944534 0 0 0 0 1
1685094197.643392563 0.19643347714279438 -0.6052933273936226 0 0 0 0 1
1685094197.676725864 0.20187457601434455 -0.6283737520072955 0 0 0 0 1
1685094197.710059166 0.2077563688925626 -0.6513458235250138 0 0 0 0 1
1685094197.743392467 0.21407670151857927 -0.6742011282216029 0 0 0 0 1
1685094197.776725769 0.22602262728124534 -0.7024474655914038 0 0 0 0 1
1685094197.810059071 0.23782078383222227 -0.7307558427814581 0 0 0 0 1
1685094197.843392611 0.25080633179927175 -0.7596049868833582 0 0 0 0 1
1685094197.876725912 0.2642728875115895 -0.7883335350436876 0 0 0 0 1
1685094197.910059214 0.2777391353841584 -0.8170622275024102 0 0 0 0 1
1685094197.943392515 0.2912050754154322 -0.8457910642562273 0 0 0 0 1
1685094197.976725817 0.30437064683664417 -0.8742450794475068 0 0 0 0 1
1685094198.010059118 0.3158212713457814 -0.8917381815362421 0 0 0 0 1
1685094198.043392420 0.3209388451125164 -0.9221826185106545 0 0 0 0 1
1685094198.076725721 0.3261258527354808 -0.9526153025175945 0 0 0 0 1
1685094198.110059261 0.3313822672241904 -0.9830360752012368 0 0 0 0 1
1685094198.143392563 0.3363025658090841 -1.013067048814114 0 0 0 0 1
1685094198.176725864 0.33992887634163627 -1.0432815914421822 0 0 0 0 1
1685094198.210059166 0.34402671656361333 -1.0755739511941218 0 0 0 0 1
1685094198.243392467 0.34837767105196893 -1.1078674162931395 0 0 0 0 1
1685094198.276725769 0.35254828255377973 -1.1401846669924516 0 0 0 0 1
1685094198.310059071 0.35669766997560043 -1.1740721897690773 0 0 0 0 1
1685094198.343392611 0.3613426125860867 -1.2069712009196076 0 0 0 0 1
1685094198.376725912 0.36477408909939474 -1.2398620875212145 0 0 0 0 1
1685094198.410059214 0.3677671340708748 -1.2727957653343562 0 0 0 0 1
1685094198.443392515 0.3699549020426942 -1.3052451003041268 0 0 0 0 1
1685094198.476725817 0.3704266863403014 -1.3377646803791434 0 0 0 0 1
1685094198.510059118 0.36918117138847767 -1.3702638243860812 0 0 0 0 1
1685094198.543392420 0.3662218303180867 -1.4026519081377944 0 0 0 0 1
1685094198.576725721 0.3655547820849922 -1.4377207456262284 0 0 0 0 1
1685094198.610059261 0.3794152288125093 -1.469941179090866 0 0 0 0 1
1685094198.643392563 0.4053340534244012 -1.4935734207719562 0 0 0 0 1
1685094198.676725864 0.4356614049661118 -1.5064983165689614 0 0 0 0 1
1685094198.710059166 0.45510910069434957 -1.5145953804796108 0 0 0 0 1
1685094198.743392467 0.48273530559673417 -1.5255677911651748 0 0 0 0 1
1685094198.776725769 0.5061250652715401 -1.5316237371911317 0 0 0 0 1
1685094198.810059071 0.5389794821330227 -1.5401971110814894 0 0 0 0 1
1685094198.843392611 0.5717931060959803 -1.5489253141949353 0 0 0 0 1
1685094198.876725912 0.6045652075189185 -1.5578081524517424 0 0 0 0 1
1685094198.910059214 0.6372950576836356 -1.5668454283337283 0 0 0 0 1
1685094198.943392515 0.6699819288114254 -1.5760369408886454 0 0 0 0 1
1685094198.976725817 0.7026250940792614 -1.5853824857346503 0 0 0 0 1
1685094199.010059118 0.7352238276359572 -1.5948818550648483 0 0 0 0 1
1685094199.043392420 0.7545550132876018 -1.6024292153196817 0 0 0 0 1
1685094199.076725721 0.7743160864854313 -1.6087661997432547 0 0 0 0 1
1685094199.110059261 0.7832313231641482 -1.6119051577726182 0 0 0 0 1
1685094199.143392563 0.773886330889812 -1.6133213575961751 0 0 0 0 1
1685094199.176725864 0.781471224986735 -1.607681864348896 0 0 0 0 1
1685094199.210059166 0.7774238311739996 -1.6162231233820994 0 0 0 0 1
1685094199.243392467 0.7769852808353322 -1.6067816099362526 0 0 0 0 1
1685094199.276725769 0.7883766298852419 -1.6299889265171785 0 0 0 0 1
1685094199.310059071 0.7961584670504058 -1.6502661751633152 0 0 0 0 1
1685094199.343392611 0.8008438381132641 -1.6290583676310477 0 0 0 0 1
1685094199.376725912 0.7852436724850614 -1.644169907416755 0 0 0 0 1
1685094199.410059214 0.8065897976095491 -1.6401615730379775 0 0 0 0 1
1685094199.443392515 0.7865703686747209 -1.631738612308772 0 0 0 0 1
1685094199.476725817 0.7986300227201474 -1.6498020711864898 0 0 0 0 1
1685094199.510059118 0.7985258936244961 -1.6280831172647694 0 0 0 0 1
1685094199.543392420 0.7866399964622363 -1.646261380409816 0 0 0 0 1
1685094199.576725721 0.8065777410486864 -1.6376468494807495 0 0 0 0 1
1685094199.610059261 0.7801347794762016 -1.617011330880668 0 0 0 0 1
1685094199.643392563 0.7529650732852148 -1.5964489415099654 0 0 0 0 1
1685094199.676725864 0.7262647883820829 -1.5765173004246489 0 0 0 0 1
1685094199.710059166 0.710830694362372 -1.5464531943271578 0 0 0 0 1
1685094199.743392467 0.7428693600101883 -1.5357021182341377 0 0 0 0 1
1685094199.776725769 0.7486942654933106 -1.5689907380577828 0 0 0 0 1
1685094199.810059071 0.714908566569814 -1.5697577334301995 0 0 0 0 1
1685094199.843392611 0.7064871803993846 -1.5482689736986486 0 0 0 0 1
1685094199.876725912 0.69679986597619 -1.5273204062273875 0 0 0 0 1
1685094199.910059214 0.6858810740942444 -1.5069865299695122 0 0 0 0 1
1685094199.943392515 0.6700575508470502 -1.4775999776106787 0 0 0 0 1
1685094199.976725817 0.6540632713093182 -1.448306012881372 0 0 0 0 1
1685094200.010059118 0.6378987772156245 -1.4191056279834309 0 0 0 0 1
1685094200.043392420 0.6215646160658006 -1.389999811949096 0 0 0 0 1
1685094200.076725721 0.6091772847658481 -1.3517175586139063 0 0 0 0 1
1685094200.110059261 0.6238729163388339 -1.3142607126465067 0 0 0 0 1
1685094200.143392563 0.648859405573077 -1.2916382369112003 0 0 0 0 1
1685094200.176725864 0.6738599537082073 -1.2690312989144148 0 0 0 0 1
1685094200.210059166 0.6986880095263249 -1.247007120723569 0 0 0 0 1
1685094200.243392467 0.7236484990834723 -1.2251331466503184 0 0 0 0 1
1685094200.276725769 0.7487405136934377 -1.2034101730163294 0 0 0 0 1
1685094200.310059071 0.7746672469442474 -1.1817347916904595 0 0 0 0 1
1685094200.343392611 0.8008824392092931 -1.1605064618007375 0 0 0 0 1
1685094200.376725912 0.8271493326237663 -1.1393421379099795 0 0 0 0 1
1685094200.410059214 0.8534677709134808 -1.1182419459347706 0 0 0 0 1
1685094200.443392515 0.8798375974975858 -1.097206011410143 0 0 0 0 1
1685094200.476725817 0.9062586554894969 -1.0762344594888316 0 0 0 0 1
1685094200.510059118 0.8987925025629911 -1.0776092401738648 0 0 0 0 1
1685094200.543392420 0.9036301514253411 -1.0746075928227707 0 0 0 0 1
1685094200.576725721 0.9160770739322122 -1.1072567359064216 0 0 0 0 1
1685094200.610059261 0.9288887468106164 -1.1397644805535905 0 0 0 0 1
1685094200.643392563 0.9415599607709046 -1.1721649406023251 0 0 0 0 1
1685094200.676725864 0.9544432269014612 -1.2044816689083637 0 0 0 0 1
1685094200.710059166 0.9675379919445847 -1.236713277665335 0 0 0 0 1
1685094200.743392467 0.9817327329057405 -1.2352025602508672 0 0 0 0 1
1685094200.776725769 0.9996153113171953 -1.2533506613087728 0 0 0 0 1
1685094200.810059071 0.9757240601873424 -1.262202118934502 0 0 0 0 1
1685094200.843392611 0.9774656193629653 -1.2367834810031024 0 0 0 0 1
1685094200.876725912 0.9530230569430757 -1.2122334335877092 0 0 0 0 1
1685094200.910059214 0.9291163453159 -1.1870721398399304 0 0 0 0 1
1685094200.943392515 0.9065404920547956 -1.1607101897333845 0 0 0 0 1
1685094200.976725817 0.9034179457293782 -1.1606153496772564 0 0 0 0 1
1685094201.010059118 0.9026477081228416 -1.1575878054215765 0 0 0 0 1
1685094201.043392420 0.9289862088248474 -1.162485141051074 0 0 0 0 1
1685094201.076725721 0.9496028816039839 -1.1453780279394026 0 0 0 0 1
1685094201.110059261 0.9496482437785261 -1.1185881332443757 0 0 0 0 1
1685094201.143392563 0.9290896225291261 -1.1014112997812133 0 0 0 0 1
1685094201.176725864 0.902734688010594 -1.1062194118869562 0 0 0 0 1
1685094201.210059166 0.889565996133066 -1.129549351229617 0 0 0 0 1
1685094201.243392467 0.8990685042449562 -1.1545973622301131 0 0 0 0 1
1685094201.276725769 0.9243978814907419 -1.163322221188181 0 0 0 0 1
1685094201.310059071 0.9473102457086607 -1.1494397112766799 0 0 0 0 1
1685094201.343392611 0.9513026063678803 -1.122948928504851 0 0 0 0 1
1685094201.376725912 0.9364960872853871 -1.0995469538838545 0 0 0 0 1
1685094201.410059214 0.9235038579442088 -1.0697489347658529 0 0 0 0 1
1685094201.443392515 0.9175910805076647 -1.0377839691066122 0 0 0 0 1
1685094201.476725817 0.9190644632298569 -1.0053101471885733 0 0 0 0 1
1685094201.510059118 0.9278475786370307 -0.9740119547430848 0 0 0 0 1
1685094201.543392420 0.943484827982063 -0.9455128951176893 0 0 0 0 1
1685094201.576725721 0.9651650741137512 -0.9212912747284588 0 0 0 0 1
1685094201.610059261 0.9887939585962953 -0.8993878045662911 0 0 0 0 1
1685094201.643392563 1.0123828132039934 -0.8774412302246936 0 0 0 0 1
1685094201.676725864 1.0332450568629805 -0.8522207319782981 0 0 0 0 1
1685094201.710059166 1.0558104016966654 -0.8313866624955276 0 0 0 0 1
1685094201.743392467 1.0779780648938762 -0.8101299471554039 0 0 0 0 1
1685094201.776725769 1.0884952100769636 -0.7992270452433008 0 0 0 0 1
1685094201.810059071 1.1092915611485872 -0.7763668172075288 0 0 0 0 1
1685094201.843392611 1.1304362740373184 -0.7538306643353955 0 0 0 0 1
1685094201.876725912 1.1513217423438642 -0.7310540473118049 0 0 0 0 1
1685094201.910059214 1.1719452316297854 -0.7080399481746119 0 0 0 0 1
1685094201.943392515 1.1923040417563524 -0.6847913800541139 0 0 0 0 1
1685094201.976725817 1.213586615889653 -0.660691220687288 0 0 0 0 1
1685094202.010059118 1.2348315309958056 -0.6365578573622512 0 0 0 0 1
1685094202.043392420 1.256038735271804 -0.6123913489251204 0 0 0 0 1
1685094202.076725721 1.2772081770065964 -0.588191754302832 0 0 0 0 1
1685094202.110059261 1.2983398045812091 -0.5639591325029994 0 0 0 0 1
1685094202.143392563 1.319433566468874 -0.5396935426137683 0 0 0 0 1
1685094202.176725864 1.339432210975484 -0.5157276288802649 0 0 0 0 1
1685094202.210059166 1.3498805487494887 -0.4979527502122252 0 0 0 0 1
1685094202.243392467 1.3693062958065243 -0.4739368326225851 0 0 0 0 1
1685094202.276725769 1.3894901789823286 -0.4487963206792769 0 0 0 0 1
1685094202.310059071 1.4079158672869727 -0.422340158990055 0 0 0 0 1
1685094202.343392611 1.4245079794798112 -0.3965624834997477 0 0 0 0 1
1685094202.376725912 1.4533225702829091 -0.38037756052873917 0 0 0 0 1
1685094202.410059214 1.4770822343453751 -0.35902775706010387 0 0 0 0 1
1685094202.443392515 1.5008398715211473 -0.33767569813514403 0 0 0 0 1
1685094202.476725817 1.52459548159612 -0.31632138394628634 0 0 0 0 1
1685094202.510059118 1.5470843901305693 -0.29585860285820087 0 0 0 0 1
1685094202.543392420 1.537784235198331 -0.2702269789641644 0 0 0 0 1
1685094202.576725721 1.5211951631025922 -0.29610348352121263 0 0 0 0 1
1685094202.610059261 1.5052799062708047 -0.32217959110163447 0 0 0 0 1
1685094202.643392563 1.4884263450784092 -0.3484685821220903 0 0 0 0 1
1685094202.676725864 1.471643416911499 -0.3747130028504602 0 0 0 0 1
1685094202.710059166 1.4542721510024947 -0.4005717618682873 0 0 0 0 1
1685094202.743392467 1.4363214058689737 -0.42603167244108286 0 0 0 0 1
1685094202.776725769 1.4178003355352948 -0.45107975122805366 0 0 0 0 1
1685094202.810059071 1.3987183848644835 -0.4757032249029863 0 0 0 0 1
1685094202.843392611 1.3790852847418016 -0.4998895366680348 0 0 0 0 1
1685094202.876725912 1.3702944053999824 -0.5036108194245178 0 0 0 0 1
1685094202.910059214 1.3422643367777913 -0.4981209258900302 0 0 0 0 1
1685094202.943392515 1.3149775436206461 -0.49242407970165764 0 0 0 0 1
