1685094416.652994633 0.0 0.0 0 0 0 0 1
1685094416.686327934 0.0007858943680989019 -0.016902565724400638 0 0 0 0 1
1685094416.719661236 0.001688101092386565 -0.03441606554483833 0 0 0 0 1
1685094416.752994537 0.004151099597676336 -0.049342672170971505 0 0 0 0 1
1685094416.786328077 0.0021467381649789108 -0.06841645767363935 0 0 0 0 1
1685094416.819661379 0.0001751031394469282 -0.08868705401771944 0 0 0 0 1
1685094416.852994680 -0.002078644936287943 -0.10916748439571218 0 0 0 0 1
1685094416.886327982 -0.004579085658846567 -0.1303457168501605 0 0 0 0 1
1685094416.919661283 -0.0048970774363656065 -0.14671010555999547 0 0 0 0 1
1685094416.952994585 -0.008830310453605779 -0.16883227179242044 0 0 0 0 1
1685094416.986327887 -0.012507352942154262 -0.19172610174480206 0 0 0 0 1
1685094417.019661427 -0.01655015818840748 -0.2146527598002716 0 0 0 0 1
1685094417.052994728 -0.020991230903526267 -0.23806766322096082 0 0 0 0 1
1685094417.086328030 -0.018422678197155658 -0.22576192971032055 0 0 0 0 1
1685094417.119661331 -0.02311078570590025 -0.2507974519136926 0 0 0 0 1
1685094417.152994633 -0.02820557324297507 -0.27632724472168885 0 0 0 0 1
1685094417.186327934 -0.03310353862291799 -0.30233387962129155 0 0 0 0 1
1685094417.219661236 -0.038307628371389714 -0.3282809907043043 0 0 0 0 1
1685094417.252994537 -0.04381711979886097 -0.35416497470744746 0 0 0 0 1
1685094417.286328077 -0.049631247804813 -0.37998223713386975 0 0 0 0 1
1685094417.319661379 -0.05440866209418003 -0.3848850628085651 0 0 0 0 1
1685094417.352994680 -0.059837677431176114 -0.3807152691254962 0 0 0 0 1
1685094417.386327982 -0.07515123270755457 -0.3806134755378388 0 0 0 0 1
1685094417.419661283 -0.0634415926698995 -0.3904826025167429 0 0 0 0 1
1685094417.452994585 -0.04966322544249339 -0.3896584645568367 0 0 0 0 1
1685094417.486327887 -0.03835802051277472 -0.40415621877837654 0 0 0 0 1
1685094417.519661427 -0.024631669485697248 -0.41552783996874015 0 0 0 0 1
1685094417.552994728 -0.006258725396686277 -0.438889548828386 0 0 0 0 1
1685094417.586328030 0.012051137255738021 -0.46230073087864 0 0 0 0 1
1685094417.619661331 0.01643991184307249 -0.46525801988348947 0 0 0 0 1
1685094417.652994633 0.02060286782055822 -0.46852554159973747 0 0 0 0 1
1685094417.686327934 0.02857483551270061 -0.47000565276710193 0 0 0 0 1
1685094417.719661236 0.0366692879367014 -0.4704777098694813 0 0 0 0 1
1685094417.752994537 0.05791530843807508 -0.49084369696310126 0 0 0 0 1
1685094417.786328077 0.075847123249549 -0.5086520738356607 0 0 0 0 1
1685094417.819661379 0.1006379318343164 -0.5254018957622442 0 0 0 0 1
1685094417.852994680 0.1231391126366829 -0.542832205329737 0 0 0 0 1
1685094417.886327982 0.1438549006422473 -0.5623507851046062 0 0 0 0 1
1685094417.919661283 0.16259227092920314 -0.5837757654744671 0 0 0 0 1
1685094417.952994585 0.18116355023611114 -0.6065079258240995 0 0 0 0 1
1685094417.986327887 0.1994161607822111 -0.6288185761480163 0 0 0 0 1
1685094418.019661427 0.21740975057766077 -0.6507723337025927 0 0 0 0 1
1685094418.052994728 0.24005710922761772 -0.6403482729273104 0 0 0 0 1
1685094418.086328030 0.2310582572757133 -0.6146729751338306 0 0 0 0 1
1685094418.119661331 0.2234459483577454 -0.5885530018150542 0 0 0 0 1
1685094418.152994633 0.2172419872567614 -0.5620631713155277 0 0 0 0 1
1685094418.186327934 0.21246414466852506 -0.5352793614028547 0 0 0 0 1
1685094418.219661236 0.20912610629893638 -0.5082782919225671 0 0 0 0 1
1685094418.252994537 0.207237433662542 -0.48113730504093916 0 0 0 0 1
1685094418.286328077 0.20141330253412873 -0.45699297471938777 0 0 0 0 1
1685094418.319661379 0.1945667329406008 -0.43136290483544826 0 0 0 0 1
1685094418.352994680 0.18371933033748875 -0.42157837521278924 0 0 0 0 1
1685094418.386327982 0.18705047483761877 -0.406307666739377 0 0 0 0 1
1685094418.419661283 0.19370389973086832 -0.40405779594549773 0 0 0 0 1
1685094418.452994585 0.2168266293718212 -0.3907474337008226 0 0 0 0 1
1685094418.486327887 0.2402788603325696 -0.37684049648776996 0 0 0 0 1
1685094418.519661427 0.2641283222702828 -0.3621455328447625 0 0 0 0 1
1685094418.552994728 0.2867022674039459 -0.3466831187557342 0 0 0 0 1
1685094418.586328030 0.30929741499549945 -0.3309642105064433 0 0 0 0 1
1685094418.619661331 0.33236287543912957 -0.3149202846628647 0 0 0 0 1
1685094418.652994633 0.3156537133674902 -0.2937121075544565 0 0 0 0 1
1685094418.686327934 0.29314912567387746 -0.31212586610228416 0 0 0 0 1
1685094418.719661236 0.27062844793237567 -0.3310216978187359 0 0 0 0 1
1685094418.752994537 0.24761162617156995 -0.35119864782467364 0 0 0 0 1
1685094418.786328077 0.22502185875014946 -0.37147357930757163 0 0 0 0 1
1685094418.819661379 0.20248195922023235 -0.3921544870109329 0 0 0 0 1
1685094418.852994680 0.21919967828764192 -0.3838771555316443 0 0 0 0 1
1685094418.886327982 0.19604384016846504 -0.40460056975424796 0 0 0 0 1
1685094418.919661283 0.22455186198753752 -0.4084665290252654 0 0 0 0 1
1685094418.952994585 0.19580520709654278 -0.40733392949324854 0 0 0 0 1
1685094418.986327887 0.16633211188050903 -0.4267775167793443 0 0 0 0 1
1685094419.019661427 0.14773146127996184 -0.4293704082403686 0 0 0 0 1
1685094419.052994728 0.13391275530996746 -0.4166522851788814 0 0 0 0 1
1685094419.086328030 0.1349565124599213 -0.3979008089728807 0 0 0 0 1
1685094419.119661331 0.15010132907369267 -0.3867948727841785 0 0 0 0 1
1685094419.152994633 0.16829931078077226 -0.3914360742106506 0 0 0 0 1
1685094419.186327934 0.1762753295433957 -0.40843873322595076 0 0 0 0 1
1685094419.219661236 0.1888048408944095 -0.4118142192349717 0 0 0 0 1
1685094419.252994537 0.19871396532886434 -0.4034361637663818 0 0 0 0 1
1685094419.286328077 0.23193511936582706 -0.39332014946730487 0 0 0 0 1
1685094419.319661379 0.2608529711980827 -0.3740916116587651 0 0 0 0 1
1685094419.352994680 0.28303232411075274 -0.3473698017421077 0 0 0 0 1
1685094419.386327982 0.2814605978899017 -0.3144779488002052 0 0 0 0 1
1685094419.419661283 0.28023811208102095 -0.28157126495463763 0 0 0 0 1
1685094419.452994585 0.2790477057206622 -0.24792179239303852 0 0 0 0 1
1685094419.486327887 0.27779639689952845 -0.2142745295443201 0 0 0 0 1
1685094419.519661427 0.2764841897168832 -0.18062958663626322 0 0 0 0 1
1685094419.552994728 0.2804989095793531 -0.16045456495525925 0 0 0 0 1
1685094419.586328030 0.28351681216578134 -0.16278608956372695 0 0 0 0 1
1685094419.619661331 0.31257242521708123 -0.17903224687403835 0 0 0 0 1
1685094419.652994633 0.3415517225697422 -0.19541414548452646 0 0 0 0 1
1685094419.686327934 0.3704540700754543 -0.21193142691330016 0 0 0 0 1
1685094419.719661236 0.39966379468283525 -0.22861953516562317 0 0 0 0 1
1685094419.752994537 0.4290167923218801 -0.2450543305182436 0 0 0 0 1
1685094419.786328077 0.45918549056213115 -0.26225582033458117 0 0 0 0 1
1685094419.819661379 0.4812731332623711 -0.2819322097943259 0 0 0 0 1
1685094419.852994680 0.4972907798662376 -0.3068010509313524 0 0 0 0 1
1685094419.886327982 0.4899005949315589 -0.3204414547750535 0 0 0 0 1
1685094419.919661283 0.5065592155227376 -0.34959468357745743 0 0 0 0 1
1685094419.952994585 0.5222812190840317 -0.3792635054891009 0 0 0 0 1
1685094419.986327887 0.5370506651292736 -0.40941783939192244 0 0 0 0 1
1685094420.019661427 0.5464421186797905 -0.3998214756960578 0 0 0 0 1
1685094420.052994728 0.5490014102134352 -0.41300250838779484 0 0 0 0 1
1685094420.086328030 0.5726355743619009 -0.38937320363693145 0 0 0 0 1
1685094420.119661331 0.5962053730076586 -0.36567969503638353 0 0 0 0 1
1685094420.152994633 0.5973190918502879 -0.35752396520096574 0 0 0 0 1
1685094420.186327934 0.5715787059686688 -0.33736044706632473 0 0 0 0 1
1685094420.219661236 0.5436781790801298 -0.32031065151791516 0 0 0 0 1
1685094420.252994537 0.515489346691676 -0.30699403047987117 0 0 0 0 1
1685094420.286328077 0.4874484408327039 -0.2933686766898413 0 0 0 0 1
1685094420.319661379 0.459558842713824 -0.27943623311153853 0 0 0 0 1
1685094420.352994680 0.4318239153007536 -0.26519837973798077 0 0 0 0 1
1685094420.386327982 0.40424700290880544 -0.25065683338891487 0 0 0 0 1
1685094420.419661283 0.37683143079962605 -0.2358133475038001 0 0 0 0 1
1685094420.452994585 0.34784864489302075 -0.21948799973045768 0 0 0 0 1
1685094420.486327887 0.31886745884222645 -0.2031598120196938 0 0 0 0 1
1685094420.519661427 0.2902729504623745 -0.18701358314575534 0 0 0 0 1
1685094420.552994728 0.2844635772517742 -0.179752883197775 0 0 0 0 1
1685094420.586328030 0.2879284678236232 -0.17112379783721943 0 0 0 0 1
1685094420.619661331 0.3159973062538863 -0.15635544451015085 0 0 0 0 1
1685094420.652994633 0.33691181994393815 -0.15003857739594184 0 0 0 0 1
1685094420.686327934 0.3592056526706823 -0.1427775697146899 0 0 0 0 1
1685094420.719661236 0.3796823036230258 -0.13135636242425275 0 0 0 0 1
1685094420.752994537 0.3975741120076798 -0.1162031316491978 0 0 0 0 1
1685094420.786328077 0.41400681997706884 -0.11197901723912045 0 0 0 0 1
1685094420.819661379 0.4301095558018112 -0.11732494397965902 0 0 0 0 1
1685094420.852994680 0.44075327738438713 -0.13053812772277157 0 0 0 0 1
1685094420.886327982 0.44780490792895183 -0.13678685946995983 0 0 0 0 1
1685094420.919661283 0.4444160282382564 -0.14557819817503473 0 0 0 0 1
1685094420.952994585 0.43499467549567555 -0.14547693473039308 0 0 0 0 1
1685094420.986327887 0.4317955406307843 -0.13661478612513975 0 0 0 0 1
1685094421.019661427 0.4613831542530053 -0.12071274598503388 0 0 0 0 1
1685094421.052994728 0.4911936974109839 -0.1052326530556723 0 0 0 0 1
1685094421.086328030 0.5211953741772634 -0.09043157560937837 0 0 0 0 1
1685094421.119661331 0.5513845258711395 -0.0760167352577255 0 0 0 0 1
1685094421.152994633 0.5817561803870566 -0.06199050610213008 0 0 0 0 1
1685094421.186327934 0.595646713085764 -0.059799362230424084 0 0 0 0 1
1685094421.219661236 0.6094410054309971 -0.057067053899613335 0 0 0 0 1
1685094421.252994537 0.6362927423025736 -0.04015462628467363 0 0 0 0 1
1685094421.286328077 0.6627145133408227 -0.02416940557046277 0 0 0 0 1
1685094421.319661379 0.6888944546822482 -0.007791129182539342 0 0 0 0 1
1685094421.352994680 0.6776875565608668 0.007245242174112092 0 0 0 0 1
1685094421.386327982 0.7042663930975835 -0.007636774641665761 0 0 0 0 1
1685094421.419661283 0.7305125824956817 -0.022128221142421495 0 0 0 0 1
1685094421.452994585 0.7568994191829933 -0.03636196025912085 0 0 0 0 1
1685094421.486327887 0.781938711070777 -0.049481884941513905 0 0 0 0 1
1685094421.519661427 0.8074297494480187 -0.061700948913982596 0 0 0 0 1
1685094421.552994728 0.8335505443438715 -0.07313739349456572 0 0 0 0 1
1685094421.586328030 0.8593366245411317 -0.08451177216936567 0 0 0 0 1
1685094421.619661331 0.8848365226978209 -0.09576499772661548 0 0 0 0 1
1685094421.652994633 0.9104443874015397 -0.1092506683318941 0 0 0 0 1
1685094421.686327934 0.9357103947799298 -0.12216762992689076 0 0 0 0 1
1685094421.719661236 0.9610700678899421 -0.13489971559440017 0 0 0 0 1
1685094421.752994537 0.986766740603843 -0.14745168319635873 0 0 0 0 1
1685094421.786328077 1.012056357559013 -0.15979504470072622 0 0 0 0 1
1685094421.819661379 1.0373924246447428 -0.1720427793318376 0 0 0 0 1
1685094421.852994680 1.0632417660098004 -0.18454852008490447 0 0 0 0 1
1685094421.886327982 1.0888461945007673 -0.19750459316345712 0 0 0 0 1
1685094421.919661283 1.105386315731364 -0.20405632520097916 0 0 0 0 1
1685094421.952994585 1.1231763113722955 -0.2041861639855039 0 0 0 0 1
1685094421.986327887 1.1497065903062758 -0.19651357063605734 0 0 0 0 1
1685094422.019661427 1.1745041827599345 -0.18435611212191788 0 0 0 0 1
1685094422.052994728 1.198810679703663 -0.16734763100824687 0 0 0 0 1
1685094422.086328030 1.2234438687754396 -0.1499564037095558 0 0 0 0 1
1685094422.119661331 1.2484918448704003 -0.1319550343554361 0 0 0 0 1
1685094422.152994633 1.2732750604970913 -0.11359086739153308 0 0 0 0 1
1685094422.186327934 1.2973310148808566 -0.0949095753104971 0 0 0 0 1
1685094422.219661236 1.3121412192112638 -0.0834269334076413 0 0 0 0 1
1685094422.252994537 1.326513544388995 -0.07140073341083497 0 0 0 0 1
1685094422.286328077 1.3298303381837118 -0.08120071394060033 0 0 0 0 1
1685094422.319661379 1.3195870760906654 -0.08265547204888166 0 0 0 0 1
1685094422.352994680 1.320044145566578 -0.07231952376366661 0 0 0 0 1
1685094422.386327982 1.3131273061879118 -0.033563135906822 0 0 0 0 1
1685094422.419661283 1.3066634425106463 0.005271368506935659 0 0 0 0 1
1685094422.452994585 1.300653435716946 0.044178695388130046 0 0 0 0 1
1685094422.486327887 1.2963156690284812 0.07574111524278004 0 0 0 0 1
1685094422.519661427 1.2918769292991268 0.10728949327620371 0 0 0 0 1
1685094422.552994728 1.2804587708095265 0.11321786773734377 0 0 0 0 1
1685094422.586328030 1.2922602408285822 0.11834088173639341 0 0 0 0 1
1685094422.619661331 1.2620427386726818 0.10726692701959012 0 0 0 0 1
1685094422.652994633 1.231413837650956 0.09663898338518978 0 0 0 0 1
1685094422.686327934 1.2007260880028423 0.0861821776956226 0 0 0 0 1
1685094422.719661236 1.169980445947469 0.07589683578115423 0 0 0 0 1
1685094422.752994537 1.153600680271701 0.07005309655483354 0 0 0 0 1
1685094422.786328077 1.1381632485897515 0.062394311160005884 0 0 0 0 1
1685094422.819661379 1.1101143371972484 0.04795421082244456 0 0 0 0 1
1685094422.852994680 1.0823318036840035 0.033020084432894316 0 0 0 0 1
1685094422.886327982 1.0541517150434967 0.018850401880104943 0 0 0 0 1
1685094422.919661283 1.0255951001669203 0.0054557370382906385 0 0 0 0 1
1685094422.952994585 0.9966415590257489 0.0016132787056460317 0 0 0 0 1
1685094422.986327887 0.9663225614978916 0.00021762366404441355 0 0 0 0 1
1685094423.019661427 0.936016751439784 -0.0014398867616445604 0 0 0 0 1
1685094423.052994728 0.9065480667320317 -0.003531029298009408 0 0 0 0 1
1685094423.086328030 0.8770824271695061 -0.005664650792940746 0 0 0 0 1
1685094423.119661331 0.8487553654514158 -0.0071386813372626475 0 0 0 0 1
1685094423.152994633 0.8204151436656553 -0.008333261079260242 0 0 0 0 1
