1685094295.688920975 -4.144076466232095e-20 -2.495980160966207e-20 0 0 0 0 1
1685094295.722254515 0.0005828410573864028 -0.015934534251610993 0 0 0 0 1
1685094295.755587816 0.001028860806613928 -0.03269992962049649 0 0 0 0 1
1685094295.788921118 0.0008411826896900568 -0.049049913194708576 0 0 0 0 1
1685094295.822254419 -5.941047197880753e-05 -0.06766302129679215 0 0 0 0 1
1685094295.855587721 -0.0009020221072793943 -0.08670629948976538 0 0 0 0 1
1685094295.888921022 -0.0018317718540092904 -0.10636007213845483 0 0 0 0 1
1685094295.922254324 -0.0026715560349436017 -0.12624478715902474 0 0 0 0 1
1685094295.955587626 -0.0037782100964592422 -0.14671490505964072 0 0 0 0 1
1685094295.988921165 -0.005163258122725106 -0.16700898226419642 0 0 0 0 1
1685094296.022254467 -0.006652241299845584 -0.1875638905816122 0 0 0 0 1
1685094296.055587769 -0.010735418099742437 -0.2064273226302115 0 0 0 0 1
1685094296.088921070 -0.007079768957833276 -0.22782065842946092 0 0 0 0 1
1685094296.122254372 -0.003248213824647223 -0.25039022823002444 0 0 0 0 1
1685094296.155587673 0.000555689691815289 -0.2729644749230725 0 0 0 0 1
1685094296.188920975 0.004715860530047814 -0.2969701432549242 0 0 0 0 1
1685094296.222254515 0.008942022027282802 -0.32096428196548094 0 0 0 0 1
1685094296.255587816 0.013435538573255256 -0.3461898905088559 0 0 0 0 1
1685094296.288921118 0.01773599747757719 -0.3719423343259266 0 0 0 0 1
1685094296.322254419 0.025232431180274156 -0.39787161597210785 0 0 0 0 1
1685094296.355587721 0.016842486838113038 -0.4206991865837643 0 0 0 0 1
1685094296.388921022 0.01156753009237954 -0.4471985995510571 0 0 0 0 1
1685094296.422254324 0.006401614719985757 -0.4741898242738097 0 0 0 0 1
1685094296.455587626 0.0012437867963781242 -0.5013578026542308 0 0 0 0 1
1685094296.488921165 0.019788507766386368 -0.5130434009390888 0 0 0 0 1
1685094296.522254467 0.008813705872816557 -0.4868684844235809 0 0 0 0 1
1685094296.555587769 -0.0021769470117275285 -0.4607002196670407 0 0 0 0 1
1685094296.588921070 -0.013183446855658674 -0.4345386162685015 0 0 0 0 1
1685094296.622254372 -0.024205789621576775 -0.4083836838245526 0 0 0 0 1
1685094296.655587673 -0.03574026124535172 -0.3810641402766604 0 0 0 0 1
1685094296.688920975 -0.047198384815554516 -0.3537124876839045 0 0 0 0 1
1685094296.722254515 -0.05858007094990416 -0.32632893941046115 0 0 0 0 1
1685094296.755587816 -0.06988523086239114 -0.2989137090693178 0 0 0 0 1
1685094296.788921118 -0.08171932340873983 -0.2709396859583061 0 0 0 0 1
1685094296.822254419 -0.0938897406914692 -0.24311033708746108 0 0 0 0 1
1685094296.855587721 -0.10639471444936453 -0.21542970583155746 0 0 0 0 1
1685094296.888921022 -0.11923242781291571 -0.1879018139579276 0 0 0 0 1
1685094296.922254324 -0.13240101556829323 -0.16053066104213176 0 0 0 0 1
1685094296.955587626 -0.14589856442834845 -0.1333202238868529 0 0 0 0 1
1685094296.988921165 -0.15972311331059852 -0.10627445594410008 0 0 0 0 1
1685094297.022254467 -0.17387265362215532 -0.07939728674080436 0 0 0 0 1
1685094297.055587769 -0.1883451295515575 -0.052692621307891103 0 0 0 0 1
1685094297.088921070 -0.2035308639297796 -0.0247864103740727 0 0 0 0 1
1685094297.122254372 -0.21863510610228093 0.003163992229165661 0 0 0 0 1
1685094297.155587673 -0.2336577274690673 0.031158348527513643 0 0 0 0 1
1685094297.188920975 -0.2485986001250773 0.059196420172431985 0 0 0 0 1
1685094297.222254515 -0.2634575968612716 0.08727796844318174 0 0 0 0 1
1685094297.255587816 -0.27823459116571586 0.11540275424885688 0 0 0 0 1
1685094297.288921118 -0.2929294572246577 0.1435705381304199 0 0 0 0 1
1685094297.322254419 -0.3075420699235982 0.1717810802627406 0 0 0 0 1
1685094297.355587721 -0.32207230484835725 0.2000341404566381 0 0 0 0 1
1685094297.388921022 -0.33652003828613225 0.22832947816092566 0 0 0 0 1
1685094297.422254324 -0.350885147226552 0.256666852464459 0 0 0 0 1
1685094297.455587626 -0.36516750936272385 0.2850460220981873 0 0 0 0 1
1685094297.488921165 -0.37936700309227483 0.31346674543720743 0 0 0 0 1
1685094297.522254467 -0.3934835075183873 0.34192878050282116 0 0 0 0 1
1685094297.555587769 -0.4115813717026562 0.32657215484948626 0 0 0 0 1
1685094297.588921070 -0.40501098236947125 0.30376451087867523 0 0 0 0 1
1685094297.622254372 -0.41707486750922235 0.275020073180616 0 0 0 0 1
1685094297.655587673 -0.42917887755293527 0.24629250864575833 0 0 0 0 1
1685094297.688920975 -0.4625829838954458 0.23731671862646692 0 0 0 0 1
1685094297.722254515 -0.4767791683565612 0.2523629666389267 0 0 0 0 1
1685094297.755587816 -0.47509197296573574 0.23174562917213332 0 0 0 0 1
1685094297.788921118 -0.4635308630359191 0.24889969486214283 0 0 0 0 1
1685094297.822254419 -0.4832742874179232 0.24272568269997855 0 0 0 0 1
1685094297.855587721 -0.463999967715497 0.23521423593419974 0 0 0 0 1
1685094297.888921022 -0.4953735760051224 0.2414293930628735 0 0 0 0 1
1685094297.922254324 -0.5267297723409909 0.24773180740909187 0 0 0 0 1
1685094297.955587626 -0.5580683140412082 0.25412143019519595 0 0 0 0 1
1685094297.988921165 -0.5893889585605181 0.26059821196857513 0 0 0 0 1
1685094298.022254467 -0.6206914634921803 0.2671621026020504 0 0 0 0 1
1685094298.055587769 -0.6519755865698458 0.27381305129426187 0 0 0 0 1
1685094298.088921070 -0.6807176946399154 0.2796317001246475 0 0 0 0 1
1685094298.122254372 -0.7057022651975323 0.2821960936768485 0 0 0 0 1
1685094298.155587673 -0.7342204761255207 0.28947026371388046 0 0 0 0 1
1685094298.188920975 -0.7627800035776379 0.29658048846227225 0 0 0 0 1
1685094298.222254515 -0.7913799050746415 0.30352653328091356 0 0 0 0 1
1685094298.255587816 -0.8190189799762957 0.3104964252831472 0 0 0 0 1
1685094298.288921118 -0.8466590033150461 0.3174625551825525 0 0 0 0 1
1685094298.322254419 -0.8682683463252957 0.3334415061975732 0 0 0 0 1
1685094298.355587721 -0.891116274222036 0.34632019929914404 0 0 0 0 1
