1685094325.013296366 1.0437394442412187e-19 -1.3984903207871284e-18 0 0 0 0 1
1685094325.046629906 0.000611402449734908 -0.017489982948825655 0 0 0 0 1
1685094325.079963207 0.0008543688045561332 -0.03392408146900443 0 0 0 0 1
1685094325.113296509 0.0009204139797592306 -0.0494234237300534 0 0 0 0 1
1685094325.146629810 0.0010780728530795725 -0.06551977329647654 0 0 0 0 1
1685094325.179963112 0.0017909970720453915 -0.08226162377822173 0 0 0 0 1
1685094325.213296413 0.0051888609863930645 -0.09928022534173724 0 0 0 0 1
1685094325.246629715 0.005707024801985019 -0.11850814855846271 0 0 0 0 1
1685094325.279963017 0.006812552938283645 -0.13847622211046184 0 0 0 0 1
1685094325.313296556 0.007271313590802766 -0.15156707169583597 0 0 0 0 1
1685094325.346629858 0.00689170678492326 -0.17340331039762108 0 0 0 0 1
1685094325.379963160 0.006183991637929758 -0.19613089961045282 0 0 0 0 1
1685094325.413296461 -0.0011845243892995463 -0.21963980048629864 0 0 0 0 1
1685094325.446629763 0.00040906652823217147 -0.24315425940526653 0 0 0 0 1
1685094325.479963064 0.0006098058136034934 -0.26599584646135205 0 0 0 0 1
1685094325.513296366 0.003061911038368543 -0.2897551485573356 0 0 0 0 1
1685094325.546629906 0.005811340578658573 -0.30436835502662046 0 0 0 0 1
1685094325.579963207 0.017292214486644496 -0.3269668175241528 0 0 0 0 1
1685094325.613296509 0.0289626924828985 -0.3499600419999141 0 0 0 0 1
1685094325.646629810 0.04079758002743579 -0.37286907657717117 0 0 0 0 1
1685094325.679963112 0.05035571824697912 -0.383938981057042 0 0 0 0 1
1685094325.713296413 0.05221296900296012 -0.3981160218958996 0 0 0 0 1
1685094325.746629715 0.06581703174510255 -0.40251685638779794 0 0 0 0 1
1685094325.779963017 0.07562582781941564 -0.39211371326229166 0 0 0 0 1
1685094325.813296556 0.04939751942485608 -0.3805513071200549 0 0 0 0 1
1685094325.846629858 0.022968225958111606 -0.3694559998288233 0 0 0 0 1
1685094325.879963160 -0.003653734812523793 -0.35883128327896147 0 0 0 0 1
1685094325.913296461 -0.030459984482932016 -0.34868050125756533 0 0 0 0 1
1685094325.946629763 -0.04443376057176149 -0.34645056946543806 0 0 0 0 1
1685094325.979963064 -0.06417603994046399 -0.32465882128565765 0 0 0 0 1
1685094326.013296366 -0.08363206169432176 -0.30261112070450247 0 0 0 0 1
1685094326.046629906 -0.10279850780992876 -0.2803112277294142 0 0 0 0 1
1685094326.079963207 -0.12274854348591922 -0.2569064249522367 0 0 0 0 1
1685094326.113296509 -0.13596210102431364 -0.23300897307044027 0 0 0 0 1
1685094326.146629810 -0.15979815375023157 -0.21384596038998305 0 0 0 0 1
1685094326.179963112 -0.1845298063443181 -0.19421871804593646 0 0 0 0 1
1685094326.213296413 -0.2094289760091584 -0.17480442866754248 0 0 0 0 1
1685094326.246629715 -0.22019066634337192 -0.15943081715261945 0 0 0 0 1
1685094326.279963017 -0.23926034592419398 -0.1350196553114797 0 0 0 0 1
1685094326.313296556 -0.25815927608467737 -0.1111666981427025 0 0 0 0 1
1685094326.346629858 -0.2771600994158426 -0.0871620640667338 0 0 0 0 1
1685094326.379963160 -0.2964751786149037 -0.06270562443276065 0 0 0 0 1
1685094326.413296461 -0.29778817281655984 -0.058311163970166606 0 0 0 0 1
1685094326.446629763 -0.30207240560730114 -0.05667391447005299 0 0 0 0 1
1685094326.479963064 -0.30598149375466455 -0.059072719669944825 0 0 0 0 1
1685094326.513296366 -0.2970782100815254 -0.08997811557923419 0 0 0 0 1
1685094326.546629906 -0.2881347353678111 -0.12059506429066241 0 0 0 0 1
1685094326.579963207 -0.27895009059601017 -0.151140531855735 0 0 0 0 1
1685094326.613296509 -0.26914564457823237 -0.18167804595496873 0 0 0 0 1
1685094326.646629810 -0.25851275616440655 -0.2119370712706584 0 0 0 0 1
1685094326.679963112 -0.24960988707040407 -0.24400016533301502 0 0 0 0 1
1685094326.713296413 -0.23459297812234367 -0.2731299822176763 0 0 0 0 1
1685094326.746629715 -0.21970817710750293 -0.3024174237035227 0 0 0 0 1
1685094326.779963017 -0.20499264770694836 -0.33179028063810934 0 0 0 0 1
1685094326.813296556 -0.19044688005148785 -0.3612475746983525 0 0 0 0 1
1685094326.846629858 -0.17625782890828665 -0.39005796903581885 0 0 0 0 1
1685094326.879963160 -0.16206775249913638 -0.41956133988107974 0 0 0 0 1
1685094326.913296461 -0.17059369484901543 -0.4306969245625712 0 0 0 0 1
1685094326.946629763 -0.18478798140133593 -0.4587336727544616 0 0 0 0 1
1685094326.979963064 -0.1996247843937068 -0.4873079547872059 0 0 0 0 1
1685094327.013296366 -0.2146566785707286 -0.5157800898348636 0 0 0 0 1
1685094327.046629906 -0.22392562159168689 -0.5362252510204275 0 0 0 0 1
1685094327.079963207 -0.25552158528603663 -0.5334269136331357 0 0 0 0 1
1685094327.113296509 -0.28714491959649296 -0.5309570267942504 0 0 0 0 1
1685094327.146629810 -0.3191150294456385 -0.5283578377486086 0 0 0 0 1
1685094327.179963112 -0.34618977072839574 -0.5072467476123977 0 0 0 0 1
1685094327.213296413 -0.3776024511384131 -0.4943850388130961 0 0 0 0 1
1685094327.246629715 -0.4088745063328798 -0.48118509155205913 0 0 0 0 1
1685094327.279963017 -0.4400811235549989 -0.46893310023553136 0 0 0 0 1
1685094327.313296556 -0.47145064512262974 -0.4571044330964969 0 0 0 0 1
1685094327.346629858 -0.5038778485037644 -0.44401043802252044 0 0 0 0 1
1685094327.379963160 -0.5354612728499929 -0.4289949948827109 0 0 0 0 1
1685094327.413296461 -0.5660871865513856 -0.41211217414464574 0 0 0 0 1
1685094327.446629763 -0.5956453059847151 -0.39342277068482867 0 0 0 0 1
1685094327.479963064 -0.6240291926437322 -0.37299408486691915 0 0 0 0 1
1685094327.513296366 -0.6511366364232122 -0.35089968019376433 0 0 0 0 1
1685094327.546629906 -0.6768700236765686 -0.32721911840592693 0 0 0 0 1
1685094327.579963207 -0.6920767175120512 -0.3141415485940972 0 0 0 0 1
1685094327.613296509 -0.7023342113544776 -0.29690640456621126 0 0 0 0 1
1685094327.646629810 -0.7065771461147453 -0.27730375489302933 0 0 0 0 1
1685094327.679963112 -0.704364844061943 -0.25736956092345653 0 0 0 0 1
1685094327.713296413 -0.6875107200755664 -0.22868275347854722 0 0 0 0 1
1685094327.746629715 -0.670032274785194 -0.20037200698607682 0 0 0 0 1
1685094327.779963017 -0.6519378953437385 -0.1724509065536423 0 0 0 0 1
1685094327.813296556 -0.6332362644643764 -0.1449328503144826 0 0 0 0 1
1685094327.846629858 -0.6139363562540888 -0.11783104299829172 0 0 0 0 1
1685094327.879963160 -0.6134109772281994 -0.12205865399834655 0 0 0 0 1
1685094327.913296461 -0.5861052762057697 -0.1330291714680562 0 0 0 0 1
1685094327.946629763 -0.6250381967332761 -0.11689729761841353 0 0 0 0 1
1685094327.979963064 -0.5833267381788849 -0.11088365646124176 0 0 0 0 1
1685094328.013296366 -0.6161172953567037 -0.1373560763481754 0 0 0 0 1
1685094328.046629906 -0.6014448997329511 -0.09784999502691544 0 0 0 0 1
1685094328.079963207 -0.5938837465816463 -0.13930887366255187 0 0 0 0 1
1685094328.113296509 -0.6215576582940053 -0.10752579223172647 0 0 0 0 1
1685094328.146629810 -0.5815331057780706 -0.12071839813810827 0 0 0 0 1
1685094328.179963112 -0.6226820115727741 -0.12981659612455207 0 0 0 0 1
1685094328.213296413 -0.5919504042791343 -0.10097950251490727 0 0 0 0 1
1685094328.246629715 -0.6036449574994152 -0.14146711888929925 0 0 0 0 1
1685094328.279963017 -0.6359472221037343 -0.15273815789686976 0 0 0 0 1
1685094328.313296556 -0.6680692986305606 -0.16451291133302876 0 0 0 0 1
1685094328.346629858 -0.7000033328091796 -0.17678850011550368 0 0 0 0 1
1685094328.379963160 -0.715916089323704 -0.18646753989064363 0 0 0 0 1
1685094328.413296461 -0.7150755014951616 -0.1953394917756535 0 0 0 0 1
1685094328.446629763 -0.702094557804048 -0.18552604864340802 0 0 0 0 1
1685094328.479963064 -0.7139848861453081 -0.17441620358784096 0 0 0 0 1
1685094328.513296366 -0.7159436806250887 -0.18361506188168897 0 0 0 0 1
1685094328.546629906 -0.7073299209382592 -0.18739117281515807 0 0 0 0 1
1685094328.579963207 -0.6855754487583025 -0.17324888624244053 0 0 0 0 1
1685094328.613296509 -0.7096843986295995 -0.16365618769423929 0 0 0 0 1
1685094328.646629810 -0.7109420203236221 -0.16333975620968758 0 0 0 0 1
1685094328.679963112 -0.7108417936259673 -0.1620468154458593 0 0 0 0 1
1685094328.713296413 -0.7095504305179989 -0.16192797718152535 0 0 0 0 1
1685094328.746629715 -0.7092159185861272 -0.163180910929625 0 0 0 0 1
1685094328.779963017 -0.7103946679312237 -0.1637215505426077 0 0 0 0 1
1685094328.813296556 -0.7111260069612839 -0.16265062363903188 0 0 0 0 1
1685094328.846629858 -0.7006181656706795 -0.1613329129679445 0 0 0 0 1
1685094328.879963160 -0.7051382408282729 -0.1907144325347663 0 0 0 0 1
1685094328.913296461 -0.6663012750517513 -0.18292440605558855 0 0 0 0 1
1685094328.946629763 -0.6990835217064084 -0.20515768578544905 0 0 0 0 1
1685094328.979963064 -0.6716718346152869 -0.22784339960582417 0 0 0 0 1
1685094329.013296366 -0.6538008701329062 -0.2514310096616219 0 0 0 0 1
1685094329.046629906 -0.6359240529713399 -0.2750141843386412 0 0 0 0 1
1685094329.079963207 -0.6148703113154259 -0.30115943709199866 0 0 0 0 1
1685094329.113296509 -0.5934381004175158 -0.3269953542477415 0 0 0 0 1
1685094329.146629810 -0.5808008296673699 -0.3140852767039748 0 0 0 0 1
1685094329.179963112 -0.5833550507261344 -0.29620101912974134 0 0 0 0 1
1685094329.213296413 -0.5991009992970444 -0.2873446193080971 0 0 0 0 1
1685094329.246629715 -0.6157107738217157 -0.2944499767542882 0 0 0 0 1
1685094329.279963017 -0.6201801615450401 -0.311954127335712 0 0 0 0 1
1685094329.313296556 -0.6493088725892864 -0.32979851050326897 0 0 0 0 1
1685094329.346629858 -0.678119126196764 -0.34736557522813194 0 0 0 0 1
1685094329.379963160 -0.7068932879523832 -0.36499169480210925 0 0 0 0 1
1685094329.413296461 -0.7356312368065272 -0.38267679507412616 0 0 0 0 1
1685094329.446629763 -0.7643328518619226 -0.4004208016449826 0 0 0 0 1
1685094329.479963064 -0.7929980123741477 -0.41822363986766653 0 0 0 0 1
1685094329.513296366 -0.8229133433085728 -0.45286029085264257 0 0 0 0 1
1685094329.546629906 -0.7986399725434955 -0.45474946253611587 0 0 0 0 1
1685094329.579963207 -0.8099210076301937 -0.43167531477786203 0 0 0 0 1
1685094329.613296509 -0.8206855440473385 -0.4035450982864788 0 0 0 0 1
1685094329.646629810 -0.8108373298140704 -0.4024754356545609 0 0 0 0 1
1685094329.679963112 -0.8379159908801446 -0.4149697728337132 0 0 0 0 1
1685094329.713296413 -0.8688831255393134 -0.4167963936143928 0 0 0 0 1
1685094329.746629715 -0.8998488292218305 -0.4186471145339369 0 0 0 0 1
1685094329.779963017 -0.9312594310953095 -0.4201831786755527 0 0 0 0 1
1685094329.813296556 -0.947984596624071 -0.42363241040449157 0 0 0 0 1
1685094329.846629858 -0.9636701850352326 -0.41688032349154214 0 0 0 0 1
1685094329.879963160 -0.972660702732822 -0.4023614064171277 0 0 0 0 1
1685094329.913296461 -0.982540939032113 -0.43035127489306113 0 0 0 0 1
1685094329.946629763 -0.9973286038111195 -0.40461459334680094 0 0 0 0 1
1685094329.979963064 -1.0297907435412141 -0.4017047192384063 0 0 0 0 1
1685094330.013296366 -1.0621127757906852 -0.3975161497395144 0 0 0 0 1
1685094330.046629906 -1.0931002224238942 -0.39343606042170043 0 0 0 0 1
1685094330.079963207 -1.1246891319080903 -0.38995225845444187 0 0 0 0 1
1685094330.113296509 -1.1563151359375083 -0.3868230496600271 0 0 0 0 1
1685094330.146629810 -1.187711633688131 -0.3934667012440656 0 0 0 0 1
1685094330.179963112 -1.2030990624460458 -0.3830856484096771 0 0 0 0 1
1685094330.213296413 -1.2098549616415912 -0.3657970091402062 0 0 0 0 1
1685094330.246629715 -1.211028500649637 -0.3330974806218661 0 0 0 0 1
1685094330.279963017 -1.2136356368637982 -0.3014021036181784 0 0 0 0 1
1685094330.313296556 -1.2482086263039747 -0.3171515888282111 0 0 0 0 1
1685094330.346629858 -1.2486630930513667 -0.31370585859086425 0 0 0 0 1
1685094330.379963160 -1.2510457383272362 -0.3162361942173037 0 0 0 0 1
1685094330.413296461 -1.2475789311257288 -0.3164828614437995 0 0 0 0 1
1685094330.446629763 -1.221855061865034 -0.33367325477931087 0 0 0 0 1
1685094330.479963064 -1.1964862276539772 -0.3508578206688845 0 0 0 0 1
1685094330.513296366 -1.1697107791458574 -0.3680212860352658 0 0 0 0 1
1685094330.546629906 -1.1421495402020063 -0.3838922436016472 0 0 0 0 1
1685094330.579963207 -1.1138648545967587 -0.3984347931169911 0 0 0 0 1
1685094330.613296509 -1.084920702547408 -0.4116160392014096 0 0 0 0 1
1685094330.646629810 -1.0550772896179796 -0.4227515749814396 0 0 0 0 1
1685094330.679963112 -1.0249493144415867 -0.43309249196956773 0 0 0 0 1
1685094330.713296413 -1.0099105541209579 -0.4354738625217709 0 0 0 0 1
1685094330.746629715 -0.9947833626690354 -0.4372068704459023 0 0 0 0 1
1685094330.779963017 -0.9652583710328588 -0.44568266934621315 0 0 0 0 1
1685094330.813296556 -0.9510468664193226 -0.45274174955830576 0 0 0 0 1
1685094330.846629858 -0.93869940545404 -0.46270857876985244 0 0 0 0 1
1685094330.879963160 -0.915784388906083 -0.4829178469237287 0 0 0 0 1
1685094330.913296461 -0.8923382553944331 -0.5035021497399871 0 0 0 0 1
1685094330.946629763 -0.8968530717332579 -0.517309315364927 0 0 0 0 1
1685094330.979963064 -0.9107266373708063 -0.5216157716422476 0 0 0 0 1
1685094331.013296366 -0.9222662559782909 -0.5127920200840026 0 0 0 0 1
1685094331.046629906 -0.950261898606743 -0.4998611066846193 0 0 0 0 1
1685094331.079963207 -0.980730459222219 -0.4918898392596377 0 0 0 0 1
1685094331.113296509 -1.0098083612275346 -0.4880564755979136 0 0 0 0 1
1685094331.146629810 -1.0389342847353795 -0.48460688985337436 0 0 0 0 1
1685094331.179963112 -1.0444021331391486 -0.4655457960081382 0 0 0 0 1
1685094331.213296413 -1.0552862137939507 -0.4851756182280096 0 0 0 0 1
1685094331.246629715 -1.052073735042564 -0.5091153398683765 0 0 0 0 1
1685094331.279963017 -1.0568412484319873 -0.5425886802096429 0 0 0 0 1
1685094331.313296556 -1.0656700271804993 -0.5605972446447215 0 0 0 0 1
