1685093629.406207085 -2.1113348011128275e-20 2.3830517067328984e-19 0 0 0 0 1
1685093629.439540386 -0.0002730869589447894 -0.008282822049058414 0 0 0 0 1
1685093629.472873688 -0.0005737172599241693 -0.016932975485069692 0 0 0 0 1
1685093629.506206989 -0.0008992313232687518 -0.02594129012826147 0 0 0 0 1
1685093629.539540291 -0.0012967517106743048 -0.03530181589550667 0 0 0 0 1
1685093629.572873831 -0.0015711136021759283 -0.045261955789241234 0 0 0 0 1
1685093629.606207132 -0.0016551096670766937 -0.0558106376388949 0 0 0 0 1
1685093629.639540434 -0.0016200505931545438 -0.06698351753461858 0 0 0 0 1
1685093629.672873735 -0.0014457854445186458 -0.07889901726919296 0 0 0 0 1
1685093629.706207037 -0.001198186984541652 -0.09149715276490458 0 0 0 0 1
1685093629.739540339 -0.0009909308876261342 -0.10467037365160566 0 0 0 0 1
1685093629.772873640 -0.0006796981623037063 -0.1183414791242011 0 0 0 0 1
1685093629.806206942 -0.00020641006872757858 -0.13246994460703965 0 0 0 0 1
1685093629.839540482 0.0004963720602852648 -0.14718248679240148 0 0 0 0 1
1685093629.872873783 0.0013829149838036471 -0.1623599568617694 0 0 0 0 1
1685093629.906207085 0.002553456993419748 -0.1819533287053804 0 0 0 0 1
1685093629.939540386 0.0034277607434642864 -0.19844260140150569 0 0 0 0 1
1685093629.972873688 0.004246226980717392 -0.21577074168733038 0 0 0 0 1
1685093630.006206989 0.005687301836966852 -0.2322545925592626 0 0 0 0 1
1685093630.039540291 0.007137856195819999 -0.2510192809397204 0 0 0 0 1
1685093630.072873831 0.00844795155958857 -0.2704224396647162 0 0 0 0 1
1685093630.106207132 0.009601518946314523 -0.2901695461196738 0 0 0 0 1
1685093630.139540434 0.010896689882635386 -0.30996749353892733 0 0 0 0 1
1685093630.172873735 0.012178047311686133 -0.3297763686762291 0 0 0 0 1
1685093630.206207037 0.013280580404079078 -0.34970445175487497 0 0 0 0 1
1685093630.239540339 0.014337613863602798 -0.369930734207468 0 0 0 0 1
1685093630.272873640 0.015250131571400606 -0.3904394452702121 0 0 0 0 1
1685093630.306206942 0.016189923643230287 -0.41114059559859156 0 0 0 0 1
1685093630.339540482 0.01730018299662579 -0.4320555100503528 0 0 0 0 1
1685093630.372873783 0.018429311444187434 -0.4534362239210329 0 0 0 0 1
1685093630.406207085 0.019684044936425497 -0.4748420078248491 0 0 0 0 1
1685093630.439540386 0.021073688200409828 -0.49641828124347526 0 0 0 0 1
1685093630.472873688 0.022644011744761394 -0.5184946083263007 0 0 0 0 1
1685093630.506206989 0.024397661792636593 -0.5405038901239122 0 0 0 0 1
1685093630.539540291 0.026223841011966616 -0.562745716477392 0 0 0 0 1
1685093630.572873831 0.028040990255787077 -0.5850571114798904 0 0 0 0 1
1685093630.606207132 0.02981549224512534 -0.6078205309041762 0 0 0 0 1
1685093630.639540434 0.03166355931260545 -0.6308116120868681 0 0 0 0 1
1685093630.672873735 0.03326183974379569 -0.6536968645995643 0 0 0 0 1
1685093630.706207037 0.034978864525999555 -0.6767543663679477 0 0 0 0 1
1685093630.739540339 0.03664182509321035 -0.6996309718238053 0 0 0 0 1
1685093630.772873640 0.038242131092591176 -0.722595652690951 0 0 0 0 1
1685093630.806206942 0.03963050667051112 -0.7455934858625984 0 0 0 0 1
1685093630.839540482 0.040667804586365396 -0.7681293717689192 0 0 0 0 1
1685093630.872873783 0.041707785680079754 -0.791755566173248 0 0 0 0 1
1685093630.906207085 0.04299254415714511 -0.8152214887841561 0 0 0 0 1
1685093630.939540386 0.044408203898811574 -0.8386206548897912 0 0 0 0 1
1685093630.972873688 0.04589744619879757 -0.8622855438930652 0 0 0 0 1
1685093631.006206989 0.04752860787917716 -0.8863513913144306 0 0 0 0 1
1685093631.039540291 0.049402446300233216 -0.9108825701726514 0 0 0 0 1
1685093631.072873831 0.053652342376411304 -0.9329159218016446 0 0 0 0 1
1685093631.106207132 0.05732039398280704 -0.9570998286521385 0 0 0 0 1
1685093631.139540434 0.061032958721841585 -0.9815602039269551 0 0 0 0 1
1685093631.172873735 0.06465393752316383 -1.0058998274635662 0 0 0 0 1
1685093631.206207037 0.06789539481323544 -1.0303056715693841 0 0 0 0 1
1685093631.239540339 0.07096147307409933 -1.0547731241661735 0 0 0 0 1
1685093631.272873640 0.07381060006590306 -1.0790396919329621 0 0 0 0 1
1685093631.306206942 0.07642078083148594 -1.1029766238319572 0 0 0 0 1
1685093631.339540482 0.07896495406268732 -1.126787556168954 0 0 0 0 1
1685093631.372873783 0.08156037681980575 -1.1504221360553561 0 0 0 0 1
1685093631.406207085 0.08430217147184149 -1.1735152685566501 0 0 0 0 1
1685093631.439540386 0.08713462279126982 -1.196409418778784 0 0 0 0 1
1685093631.472873688 0.09019149390132301 -1.2193545318046097 0 0 0 0 1
1685093631.506206989 0.09363908606293421 -1.242483471493137 0 0 0 0 1
1685093631.539540291 0.09716404122124586 -1.2654752164243803 0 0 0 0 1
1685093631.572873831 0.10072696919265446 -1.2884905706312766 0 0 0 0 1
1685093631.606207132 0.10431285147723442 -1.3113795824781198 0 0 0 0 1
1685093631.639540434 0.10777580594803671 -1.3338998513828082 0 0 0 0 1
1685093631.672873735 0.11099708377515977 -1.3559898822787255 0 0 0 0 1
1685093631.706207037 0.11409694245965524 -1.377790835351224 0 0 0 0 1
1685093631.739540339 0.11729078968587822 -1.3995492532542981 0 0 0 0 1
1685093631.772873640 0.1209122579366262 -1.4261624802562975 0 0 0 0 1
1685093631.806206942 0.12415494712871647 -1.4515717640837424 0 0 0 0 1
