1685094275.010174990 4.443771704609144e-20 -8.285862558119654e-19 0 0 0 0 1
1685094275.043508530 1.823673668636091e-05 -0.01777327027400226 0 0 0 0 1
1685094275.076841831 0.00016237790894736083 -0.03595422926290959 0 0 0 0 1
1685094275.110175133 0.0003216359079190064 -0.054520354842024554 0 0 0 0 1
1685094275.143508434 0.00023159347788536154 -0.0736602548143126 0 0 0 0 1
1685094275.176841736 -0.0010161481394705605 -0.09165986046608178 0 0 0 0 1
1685094275.210175037 -0.0016962195576967105 -0.11175524850523162 0 0 0 0 1
1685094275.243508339 -0.0024024176065453335 -0.13249661365040505 0 0 0 0 1
1685094275.276841879 -0.003314120185644124 -0.15352305974832223 0 0 0 0 1
1685094275.310175180 -0.004073736498097543 -0.17501618487719395 0 0 0 0 1
1685094275.343508482 -0.004792084383838825 -0.1969195209679517 0 0 0 0 1
1685094275.376841784 -0.005519248805367219 -0.2192657020799755 0 0 0 0 1
1685094275.410175085 -0.006223969634753751 -0.2421424589539095 0 0 0 0 1
1685094275.443508387 -0.0070884177088296925 -0.26529983319359046 0 0 0 0 1
1685094275.476841688 -0.007975995693717809 -0.28904152888758194 0 0 0 0 1
1685094275.510174990 -0.008732275141709845 -0.31347636935992695 0 0 0 0 1
1685094275.543508530 -0.009390597363837443 -0.338187641976491 0 0 0 0 1
1685094275.576841831 -0.010023508478084297 -0.36312879112067287 0 0 0 0 1
1685094275.610175133 -0.010653960656114396 -0.3881140526433465 0 0 0 0 1
1685094275.643508434 -0.011313794803978186 -0.41328803619055715 0 0 0 0 1
1685094275.676841736 -0.011820541772113887 -0.43867095519629934 0 0 0 0 1
1685094275.710175037 -0.012331184037131852 -0.4641800345974097 0 0 0 0 1
1685094275.743508339 -0.012941871269558125 -0.4896166593298283 0 0 0 0 1
1685094275.776841879 -0.013505768694705472 -0.5150531403454266 0 0 0 0 1
1685094275.810175180 -0.013945864081738478 -0.5406288491013534 0 0 0 0 1
1685094275.843508482 -0.013423267161199274 -0.5663510223771191 0 0 0 0 1
1685094275.876841784 -0.013263972477028233 -0.5921346212319583 0 0 0 0 1
1685094275.910175085 -0.01345813081832602 -0.6177650706384147 0 0 0 0 1
1685094275.943508387 -0.013933515632724693 -0.64351293208037 0 0 0 0 1
1685094275.976841688 -0.014333139478066538 -0.6696106080069635 0 0 0 0 1
1685094276.010174990 -0.015020981287237032 -0.6961533091735669 0 0 0 0 1
1685094276.043508530 -0.01580473614300126 -0.7231542550522876 0 0 0 0 1
1685094276.076841831 -0.0167325757794454 -0.7500466581090128 0 0 0 0 1
1685094276.110175133 -0.01747894087695806 -0.7769671971710186 0 0 0 0 1
1685094276.143508434 -0.018170188143166174 -0.8040054128481928 0 0 0 0 1
1685094276.176841736 -0.01821138704051736 -0.8301887788305502 0 0 0 0 1
1685094276.210175037 -0.018324988954560337 -0.857083038871418 0 0 0 0 1
1685094276.243508339 -0.01831073886421214 -0.8839749212288508 0 0 0 0 1
1685094276.276841879 -0.018235929781188674 -0.9109197168299834 0 0 0 0 1
1685094276.310175180 -0.01823006129481143 -0.9369259638224819 0 0 0 0 1
1685094276.343508482 -0.017961716215765543 -0.9637415280869421 0 0 0 0 1
1685094276.376841784 -0.017809301837696107 -0.9907108675400502 0 0 0 0 1
1685094276.410175085 -0.01756340714750283 -1.0177321114838354 0 0 0 0 1
1685094276.443508387 -0.017036889526799534 -1.0449899568654493 0 0 0 0 1
1685094276.476841688 -0.016280922358174413 -1.0722876991070471 0 0 0 0 1
1685094276.510174990 -0.015586812809906219 -1.0993764564560042 0 0 0 0 1
1685094276.543508530 -0.014791226888521043 -1.1266431752828003 0 0 0 0 1
1685094276.576841831 -0.01384723008547279 -1.1542310833030405 0 0 0 0 1
1685094276.610175133 -0.012682137682376792 -1.1813075816623944 0 0 0 0 1
1685094276.643508434 -0.010361993145070627 -1.208904561479893 0 0 0 0 1
1685094276.676841736 -0.00783345852694371 -1.2368683367485769 0 0 0 0 1
1685094276.710175037 -0.005178313348614306 -1.2648521558073595 0 0 0 0 1
1685094276.743508339 -0.0024677898755188763 -1.2922358391933986 0 0 0 0 1
1685094276.776841879 0.000272262468655288 -1.319685035929201 0 0 0 0 1
1685094276.810175180 0.0028747873225175003 -1.3475382020225823 0 0 0 0 1
1685094276.843508482 0.005142348967274164 -1.3754946090401639 0 0 0 0 1
1685094276.876841784 0.0076298584757987144 -1.4035173161286871 0 0 0 0 1
1685094276.910175085 0.010065627683085927 -1.4314048601678462 0 0 0 0 1
1685094276.943508387 0.012245574165666784 -1.4591519023543202 0 0 0 0 1
1685094276.976841688 0.014317593244828857 -1.4869057367967067 0 0 0 0 1
1685094277.010174990 0.01607692243874637 -1.5143275779275687 0 0 0 0 1
1685094277.043508530 0.017632604110550416 -1.5480158333706358 0 0 0 0 1
1685094277.076841831 0.0183176608491707 -1.5748217463624141 0 0 0 0 1
1685094277.110175133 0.019191457844128647 -1.6011515091888258 0 0 0 0 1
1685094277.143508434 0.019922850047001287 -1.6284030752649985 0 0 0 0 1
1685094277.176841736 0.020587243245109934 -1.6558308427575796 0 0 0 0 1
1685094277.210175037 0.021477959694140607 -1.6834974364837254 0 0 0 0 1
1685094277.243508339 0.022760539623915527 -1.7113140923168315 0 0 0 0 1
1685094277.276841879 0.02485386062171335 -1.7461469431134702 0 0 0 0 1
1685094277.310175180 0.028201065976586715 -1.7730865570424896 0 0 0 0 1
1685094277.343508482 0.03195833149496748 -1.8010892092526665 0 0 0 0 1
1685094277.376841784 0.03582010669432244 -1.829520160664155 0 0 0 0 1
1685094277.410175085 0.03971065270968441 -1.8583940619806014 0 0 0 0 1
1685094277.443508387 0.043522541777582704 -1.887192843000865 0 0 0 0 1
1685094277.476841688 0.047236347832191085 -1.916003378702018 0 0 0 0 1
1685094277.510174990 0.050801984839302566 -1.9448208024184914 0 0 0 0 1
1685094277.543508530 0.054084169056179486 -1.9732951061461423 0 0 0 0 1
1685094277.576841831 0.057308412525347345 -2.0017185590184003 0 0 0 0 1
1685094277.610175133 0.06077988763795814 -2.0301853842005784 0 0 0 0 1
1685094277.643508434 0.06441155899271982 -2.059028581366887 0 0 0 0 1
1685094277.676841736 0.06811570513590673 -2.0884225038500257 0 0 0 0 1
1685094277.710175037 0.07252568347856828 -2.116741865768399 0 0 0 0 1
1685094277.743508339 0.07716591749719658 -2.145353988189149 0 0 0 0 1
1685094277.776841879 0.08152517567949956 -2.1751453918321193 0 0 0 0 1
1685094277.810175180 0.08584132544568107 -2.2051005753421378 0 0 0 0 1
1685094277.843508482 0.09009220722495971 -2.2347911000060106 0 0 0 0 1
1685094277.876841784 0.094380647799915 -2.2643996226535963 0 0 0 0 1
1685094277.910175085 0.09842647224620255 -2.292863717153196 0 0 0 0 1
1685094277.943508387 0.1032204827783233 -2.322146441535897 0 0 0 0 1
1685094277.976841688 0.10770356653376642 -2.3517177035391557 0 0 0 0 1
1685094278.010174990 0.11216422395167235 -2.3815486462146196 0 0 0 0 1
1685094278.043508530 0.11671145151292064 -2.4111231891207345 0 0 0 0 1
1685094278.076841831 0.1210569856504646 -2.440314342408509 0 0 0 0 1
1685094278.110175133 0.12556781793411154 -2.467715315470449 0 0 0 0 1
1685094278.143508434 0.13073790240635513 -2.4963737511489117 0 0 0 0 1
1685094278.176841736 0.1360614622979476 -2.5249054106922872 0 0 0 0 1
1685094278.210175037 0.14162120157241856 -2.55290881837413 0 0 0 0 1
1685094278.243508339 0.1471648056702358 -2.581190250547281 0 0 0 0 1
1685094278.276841879 0.15266573575876968 -2.6098946851165996 0 0 0 0 1
1685094278.310175180 0.1578237903974194 -2.6382005197214524 0 0 0 0 1
1685094278.343508482 0.16312851403000933 -2.6660843716920515 0 0 0 0 1
1685094278.376841784 0.16880087366701388 -2.693687122766315 0 0 0 0 1
1685094278.410175085 0.17517339888425063 -2.7204645287072613 0 0 0 0 1
1685094278.443508387 0.18042483941790924 -2.74592181800112 0 0 0 0 1
1685094278.476841688 0.1855419497916328 -2.7727137385041143 0 0 0 0 1
1685094278.510174990 0.19023268639488777 -2.7975576037546745 0 0 0 0 1
1685094278.543508530 0.19565146544216552 -2.8242444905322093 0 0 0 0 1
1685094278.576841831 0.20119638590460315 -2.850811610080127 0 0 0 0 1
1685094278.610175133 0.20654062555878092 -2.8767057770095543 0 0 0 0 1
1685094278.643508434 0.21154625366287994 -2.902401084396139 0 0 0 0 1
