1685093667.211193800 -2.521842351276462e-20 2.4332752764999713e-19 0 0 0 0 1
1685093667.244527102 0.000264800610889722 -0.010193823037323756 0 0 0 0 1
1685093667.277860403 0.0006364431146247479 -0.0215893052215083 0 0 0 0 1
1685093667.311193705 0.0011497065005777478 -0.03279815017636899 0 0 0 0 1
1685093667.344527245 0.0017856395791786917 -0.04476223402863765 0 0 0 0 1
1685093667.377860546 0.0023592847419817743 -0.057669748179949444 0 0 0 0 1
1685093667.411193848 0.002943887145514056 -0.07132711165428991 0 0 0 0 1
1685093667.444527149 0.0033451213356386505 -0.08566320045254286 0 0 0 0 1
1685093667.477860451 0.0037302589364095204 -0.10059839978746597 0 0 0 0 1
1685093667.511193752 0.004039049454365832 -0.1160045545598457 0 0 0 0 1
1685093667.544527054 0.004296765898784564 -0.13158376364620752 0 0 0 0 1
1685093667.577860355 0.004466628649819951 -0.1477221567403891 0 0 0 0 1
1685093667.611193895 0.004833389538201274 -0.16432337411140052 0 0 0 0 1
1685093667.644527197 0.005044038886282526 -0.18151812750875956 0 0 0 0 1
1685093667.677860498 0.0049076067955877946 -0.1987840944065381 0 0 0 0 1
1685093667.711193800 0.004804014053272236 -0.2163353395438768 0 0 0 0 1
1685093667.744527102 0.004633852644395121 -0.23458859624060177 0 0 0 0 1
1685093667.777860403 0.004619571995872544 -0.2532670473078276 0 0 0 0 1
1685093667.811193705 0.004605152443670842 -0.2721591461625985 0 0 0 0 1
1685093667.844527245 0.004719510489821408 -0.29156717520977204 0 0 0 0 1
1685093667.877860546 0.005029702588100276 -0.3114789439539621 0 0 0 0 1
1685093667.911193848 0.005336339770422839 -0.33186224351187177 0 0 0 0 1
1685093667.944527149 0.0054939153575823295 -0.35240810447523235 0 0 0 0 1
1685093667.977860451 0.005796701799510661 -0.373228742834167 0 0 0 0 1
1685093668.011193752 0.006319919190827129 -0.39413133030396375 0 0 0 0 1
1685093668.044527054 0.0070807944982253694 -0.4154056033947816 0 0 0 0 1
1685093668.077860355 0.00798079687761846 -0.4368520094263296 0 0 0 0 1
1685093668.111193895 0.009013610244564435 -0.4584656661627906 0 0 0 0 1
1685093668.144527197 0.010072983554820612 -0.48002854822801566 0 0 0 0 1
1685093668.177860498 0.011397657698927045 -0.5019592250322914 0 0 0 0 1
1685093668.211193800 0.012820315291556104 -0.5244528970870739 0 0 0 0 1
1685093668.244527102 0.014160945761762467 -0.5473530469000383 0 0 0 0 1
1685093668.277860403 0.016681908914885274 -0.5703813947433525 0 0 0 0 1
1685093668.311193705 0.020643220995773606 -0.5937247565274697 0 0 0 0 1
1685093668.344527245 0.02462012674107253 -0.6174534897306801 0 0 0 0 1
1685093668.377860546 0.028554235545546165 -0.6415306479766761 0 0 0 0 1
1685093668.411193848 0.032614277587571475 -0.6656238078289493 0 0 0 0 1
1685093668.444527149 0.03670173160863215 -0.6897033911731235 0 0 0 0 1
1685093668.477860451 0.04065332535791812 -0.713744894410535 0 0 0 0 1
1685093668.511193752 0.04453663456562665 -0.7378068924601175 0 0 0 0 1
1685093668.544527054 0.048666269097623525 -0.7608714841472187 0 0 0 0 1
1685093668.577860355 0.05049290959833916 -0.782811702053488 0 0 0 0 1
1685093668.611193895 0.047861338522726206 -0.8063228903221485 0 0 0 0 1
1685093668.644527197 0.045093373217592825 -0.8298273185916519 0 0 0 0 1
1685093668.677860498 0.04235944623144629 -0.8536132870778641 0 0 0 0 1
1685093668.711193800 0.03960868827503427 -0.8775281799017569 0 0 0 0 1
1685093668.744527102 0.03663207916426412 -0.9011227224774991 0 0 0 0 1
1685093668.777860403 0.03342707526294316 -0.9250399809259175 0 0 0 0 1
1685093668.811193705 0.030328910787199122 -0.9494099261823105 0 0 0 0 1
1685093668.844527245 0.02693797005332894 -0.9738745100448103 0 0 0 0 1
1685093668.877860546 0.02301736960392141 -0.9973612781832124 0 0 0 0 1
1685093668.911193848 0.01843351421132265 -1.0208821173931415 0 0 0 0 1
1685093668.944527149 0.014163407171215022 -1.0444077976114026 0 0 0 0 1
1685093668.977860451 0.010073887792244154 -1.0676325655008698 0 0 0 0 1
1685093669.011193752 0.00603911998786309 -1.0910554701892128 0 0 0 0 1
1685093669.044527054 0.002057244053990827 -1.1142074650935976 0 0 0 0 1
1685093669.077860355 -0.001941877002331671 -1.1372415266943763 0 0 0 0 1
1685093669.111193895 -0.005899041946215349 -1.1599542939354006 0 0 0 0 1
1685093669.144527197 -0.00979033064741438 -1.1829214292692785 0 0 0 0 1
1685093669.177860498 -0.013586184440715984 -1.2059190869287404 0 0 0 0 1
1685093669.211193800 -0.01620148690149218 -1.2237083778623135 0 0 0 0 1
1685093669.244527102 -0.02413963819846719 -1.2450195692260484 0 0 0 0 1
1685093669.277860403 -0.03191129697342663 -1.2664147583313767 0 0 0 0 1
1685093669.311193705 -0.03985613743988749 -1.28817831767123 0 0 0 0 1
1685093669.344527245 -0.04777497518046267 -1.3100350592687162 0 0 0 0 1
1685093669.377860546 -0.05562114942607669 -1.331833385241099 0 0 0 0 1
1685093669.411193848 -0.06326342058605476 -1.353324067648954 0 0 0 0 1
1685093669.444527149 -0.07076835121862443 -1.3746655072042668 0 0 0 0 1
1685093669.477860451 -0.0780715521204281 -1.3957371879462195 0 0 0 0 1
1685093669.511193752 -0.08514210834908668 -1.4162919912151455 0 0 0 0 1
