1685094160.796077967 5.9145459146361515e-18 -5.539082873613173e-17 0 0 0 0 1
1685094160.829411268 0.00014444098286733588 -0.01958279294827377 0 0 0 0 1
1685094160.862744570 -3.759625702313585e-05 -0.038793391678083676 0 0 0 0 1
1685094160.896077871 -0.00011835197640394537 -0.06005683979780976 0 0 0 0 1
1685094160.929411173 -0.0001844041887441727 -0.08163386382066078 0 0 0 0 1
1685094160.962744474 -0.0009603368526762034 -0.10357548016394917 0 0 0 0 1
1685094160.996077776 -0.001396804756746806 -0.12588353657676998 0 0 0 0 1
1685094161.029411316 -0.0016867400144823252 -0.14884673983233537 0 0 0 0 1
1685094161.062744617 -0.0020968117719674783 -0.17232549151497265 0 0 0 0 1
1685094161.096077919 -0.00255964843109487 -0.19636582948919007 0 0 0 0 1
1685094161.129411221 -0.003372004113287599 -0.22056646217857429 0 0 0 0 1
1685094161.162744522 -0.0043883600905789116 -0.24533001770584031 0 0 0 0 1
1685094161.196077824 -0.005543292578552842 -0.2703124228249736 0 0 0 0 1
1685094161.229411125 -0.0067916960346582735 -0.2954335443415933 0 0 0 0 1
1685094161.262744427 -0.008152762903206738 -0.32048610288612883 0 0 0 0 1
1685094161.296077967 -0.00965003117691805 -0.34591542479883863 0 0 0 0 1
1685094161.329411268 -0.010991554441937492 -0.3713539391813602 0 0 0 0 1
1685094161.362744570 -0.01248625156908636 -0.39729454234745837 0 0 0 0 1
1685094161.396077871 -0.012866559638582516 -0.41938821337736865 0 0 0 0 1
1685094161.429411173 -0.008383846286508815 -0.4402968256506292 0 0 0 0 1
1685094161.462744474 -0.0012254719641306149 -0.46555053581705125 0 0 0 0 1
1685094161.496077776 0.006203364466934872 -0.4908141653111903 0 0 0 0 1
1685094161.529411316 0.013698530207423017 -0.5162522944410608 0 0 0 0 1
1685094161.562744617 0.02129216457205021 -0.5417257692291585 0 0 0 0 1
1685094161.596077919 0.02920800705292577 -0.5670733180906442 0 0 0 0 1
1685094161.629411221 0.03738370252017079 -0.5926767731266194 0 0 0 0 1
1685094161.662744522 0.045342324980061244 -0.6179766042166617 0 0 0 0 1
1685094161.696077824 0.053622575123630625 -0.6441991276053272 0 0 0 0 1
1685094161.729411125 0.06210979335767427 -0.67051743191591 0 0 0 0 1
1685094161.762744427 0.0709488474920917 -0.6969439243030287 0 0 0 0 1
1685094161.796077967 0.07937954251062974 -0.7239624716539166 0 0 0 0 1
1685094161.829411268 0.08839888915246052 -0.7508861241769514 0 0 0 0 1
1685094161.862744570 0.09739458076579677 -0.7774207841018324 0 0 0 0 1
1685094161.896077871 0.10615794992711043 -0.8036521747576997 0 0 0 0 1
1685094161.929411173 0.11565901778129971 -0.8306448650306514 0 0 0 0 1
1685094161.962744474 0.12470552340234782 -0.8574476263617284 0 0 0 0 1
1685094161.996077776 0.13358941791753445 -0.8841844517302845 0 0 0 0 1
1685094162.029411316 0.1427778312609859 -0.9110049263944046 0 0 0 0 1
1685094162.062744617 0.15197446851045887 -0.9377841183558306 0 0 0 0 1
1685094162.096077919 0.1609810972252078 -0.9646870037786712 0 0 0 0 1
1685094162.129411221 0.16977440627891288 -0.9915968749292876 0 0 0 0 1
1685094162.162744522 0.17878101155878576 -1.0186193398295684 0 0 0 0 1
1685094162.196077824 0.18749798529618122 -1.04541623259804 0 0 0 0 1
1685094162.229411125 0.19692434227541453 -1.072706580822648 0 0 0 0 1
1685094162.262744427 0.2062401489343327 -1.0999990345011768 0 0 0 0 1
1685094162.296077967 0.21556883663970525 -1.1271931010763003 0 0 0 0 1
1685094162.329411268 0.2254719331147648 -1.1534656039226603 0 0 0 0 1
1685094162.362744570 0.2360334915511567 -1.1802687027984322 0 0 0 0 1
1685094162.396077871 0.2464605627204565 -1.2069386662433192 0 0 0 0 1
1685094162.429411173 0.25709849220949005 -1.2336609065107078 0 0 0 0 1
1685094162.462744474 0.268341524010137 -1.2604366512103786 0 0 0 0 1
1685094162.496077776 0.2786673683175977 -1.2871907108414615 0 0 0 0 1
1685094162.529411316 0.29160337157875366 -1.320942094277217 0 0 0 0 1
1685094162.562744617 0.3021670452539199 -1.3482573237248003 0 0 0 0 1
1685094162.596077919 0.3125124735407619 -1.3754126312054458 0 0 0 0 1
1685094162.629411221 0.3228160017222484 -1.402282301154718 0 0 0 0 1
1685094162.662744522 0.33298989754424674 -1.429122641792892 0 0 0 0 1
1685094162.696077824 0.34294712495510765 -1.4561648372470493 0 0 0 0 1
1685094162.729411125 0.35301189385142956 -1.483466172871215 0 0 0 0 1
1685094162.762744427 0.3631458926005878 -1.5092043155932304 0 0 0 0 1
1685094162.796077967 0.37264817551402357 -1.536395995393497 0 0 0 0 1
1685094162.829411268 0.3823902382339052 -1.563595972036862 0 0 0 0 1
1685094162.862744570 0.39213891741312285 -1.5907763540240234 0 0 0 0 1
1685094162.896077871 0.40175892565685334 -1.6179100188269164 0 0 0 0 1
1685094162.929411173 0.411514503284388 -1.645186132177874 0 0 0 0 1
1685094162.962744474 0.42151892948128733 -1.6722512013760111 0 0 0 0 1
1685094162.996077776 0.4316935805771236 -1.6989073570719235 0 0 0 0 1
1685094163.029411316 0.44223493050323753 -1.7255642305293504 0 0 0 0 1
1685094163.062744617 0.45239440326039376 -1.7448143326725978 0 0 0 0 1
1685094163.096077919 0.4710472372609707 -1.7668795996275612 0 0 0 0 1
1685094163.129411221 0.48998573098866227 -1.7890059951327728 0 0 0 0 1
1685094163.162744522 0.5087780000626466 -1.8109234400002456 0 0 0 0 1
1685094163.196077824 0.5275281395277903 -1.832991508316703 0 0 0 0 1
1685094163.229411125 0.5465864261382073 -1.8553413453374346 0 0 0 0 1
1685094163.262744427 0.5649040867148379 -1.8780271113965925 0 0 0 0 1
1685094163.296077967 0.5834208844341754 -1.9004980295564682 0 0 0 0 1
1685094163.329411268 0.6022614184722158 -1.9232853337975773 0 0 0 0 1
1685094163.362744570 0.6213777283203888 -1.9464065391814152 0 0 0 0 1
1685094163.396077871 0.640425632096652 -1.9694693347183037 0 0 0 0 1
1685094163.429411173 0.659290314203879 -1.9923506520770196 0 0 0 0 1
1685094163.462744474 0.677708184672969 -2.0112137970263455 0 0 0 0 1
1685094163.496077776 0.6982225685597753 -2.0317708510507275 0 0 0 0 1
1685094163.529411316 0.7187260729313966 -2.0537880992196023 0 0 0 0 1
1685094163.562744617 0.7390981328921622 -2.075813975754144 0 0 0 0 1
1685094163.596077919 0.7596048473843083 -2.09787004944933 0 0 0 0 1
1685094163.629411221 0.7800006174819867 -2.12020924454325 0 0 0 0 1
1685094163.662744522 0.8001415412806532 -2.142760573344886 0 0 0 0 1
1685094163.696077824 0.8204713524934576 -2.1655889352098887 0 0 0 0 1
1685094163.729411125 0.8424324007007297 -2.1726684329625674 0 0 0 0 1
1685094163.762744427 0.8711922139101645 -2.1834006167551028 0 0 0 0 1
1685094163.796077967 0.8997838285278249 -2.1938923395706817 0 0 0 0 1
1685094163.829411268 0.9279696136528414 -2.2046020388378067 0 0 0 0 1
1685094163.862744570 0.9561471589908187 -2.21534141445902 0 0 0 0 1
1685094163.896077871 0.9841810949760884 -2.2258782169278017 0 0 0 0 1
1685094163.929411173 1.0101036915217472 -2.2344958233779857 0 0 0 0 1
1685094163.962744474 1.0380012589703431 -2.2431948590001793 0 0 0 0 1
1685094163.996077776 1.0657939751110326 -2.2516313244441455 0 0 0 0 1
1685094164.029411316 1.0932367172624315 -2.2597364000667017 0 0 0 0 1
1685094164.062744617 1.1191089874465827 -2.267203933017181 0 0 0 0 1
1685094164.096077919 1.1472446726013372 -2.2724671073817655 0 0 0 0 1
1685094164.129411221 1.175563771089605 -2.2777977835688077 0 0 0 0 1
1685094164.162744522 1.2035672875244046 -2.2833600674893657 0 0 0 0 1
1685094164.196077824 1.2309473417793506 -2.2889578511870217 0 0 0 0 1
1685094164.229411125 1.257141647199701 -2.294612956753376 0 0 0 0 1
1685094164.262744427 1.2837103436408306 -2.30044720281985 0 0 0 0 1
1685094164.296077967 1.3099911735628293 -2.306390003409424 0 0 0 0 1
