1685094200.316288710 -3.57059657910755e-19 1.2975808099224876e-17 0 0 0 0 1
1685094200.349622011 -0.00029545929271226315 -0.020426735812809464 0 0 0 0 1
1685094200.382955313 -0.00039969938566705005 -0.04122306501236778 0 0 0 0 1
1685094200.416288614 -0.0005245940499190188 -0.06284238322816481 0 0 0 0 1
1685094200.449621916 -0.0008390266077385808 -0.08535964023334852 0 0 0 0 1
1685094200.482955456 -0.0011571458937769349 -0.10798499953772425 0 0 0 0 1
1685094200.516288757 -0.0015414754368993386 -0.1309579200411681 0 0 0 0 1
1685094200.549622059 -0.0019593235921649224 -0.15445409744362038 0 0 0 0 1
1685094200.582955360 -0.0022359359352191405 -0.17836596765847557 0 0 0 0 1
1685094200.616288662 -0.0023868680472143686 -0.20237685830976643 0 0 0 0 1
1685094200.649621964 -0.0016695797326723891 -0.22544861250477813 0 0 0 0 1
1685094200.682955265 -0.0016649105213261922 -0.25058459028822194 0 0 0 0 1
1685094200.716288805 -0.0019319691327651467 -0.28184531115738315 0 0 0 0 1
1685094200.749622107 -0.00256511597539313 -0.3063049162815456 0 0 0 0 1
1685094200.782955408 -0.004825468255881091 -0.32952783876074676 0 0 0 0 1
1685094200.816288710 -0.00685159369910215 -0.35590230608768053 0 0 0 0 1
1685094200.849622011 -0.009009067478402962 -0.38262836220105634 0 0 0 0 1
1685094200.882955313 -0.01117673637499845 -0.40931331008393845 0 0 0 0 1
1685094200.916288614 -0.013595090121830303 -0.436369920881804 0 0 0 0 1
1685094200.949621916 -0.015830061962010363 -0.46423048656219373 0 0 0 0 1
1685094200.982955456 -0.01791959752459086 -0.4927106099728174 0 0 0 0 1
1685094201.016288757 -0.01970934137578147 -0.5214312928865096 0 0 0 0 1
1685094201.049622059 -0.022473158900862076 -0.5501085725317317 0 0 0 0 1
1685094201.082955360 -0.025519327432591853 -0.5789150358418717 0 0 0 0 1
1685094201.116288662 -0.02830716804778602 -0.6078533139258867 0 0 0 0 1
1685094201.149621964 -0.03116927204428193 -0.6361081659322447 0 0 0 0 1
1685094201.182955265 -0.03432943743980864 -0.6639156673276211 0 0 0 0 1
1685094201.216288805 -0.03730607069137943 -0.691898269905361 0 0 0 0 1
1685094201.249622107 -0.04039763066257253 -0.7200551242409003 0 0 0 0 1
1685094201.282955408 -0.04431279773587308 -0.7470590613794091 0 0 0 0 1
1685094201.316288710 -0.04905213006967087 -0.7754439221316803 0 0 0 0 1
1685094201.349622011 -0.05388862980558859 -0.8042218281043085 0 0 0 0 1
1685094201.382955313 -0.05903192654805252 -0.8332553441809624 0 0 0 0 1
1685094201.416288614 -0.0635265314625073 -0.8618567837114633 0 0 0 0 1
1685094201.449621916 -0.0677217744012348 -0.8904387376940615 0 0 0 0 1
1685094201.482955456 -0.07212218710576943 -0.9200814316819502 0 0 0 0 1
1685094201.516288757 -0.07653272715241131 -0.9498552105481791 0 0 0 0 1
1685094201.549622059 -0.08088796674904797 -0.9794052899675021 0 0 0 0 1
1685094201.582955360 -0.08523135242458717 -1.0085547431614716 0 0 0 0 1
1685094201.616288662 -0.08930779629976493 -1.03743278623671 0 0 0 0 1
1685094201.649621964 -0.09317295247995065 -1.066279492888544 0 0 0 0 1
1685094201.682955265 -0.09703063966027085 -1.0951129057668179 0 0 0 0 1
1685094201.716288805 -0.10076597320086808 -1.124007664212998 0 0 0 0 1
1685094201.749622107 -0.10430423475752686 -1.1532396043690747 0 0 0 0 1
1685094201.782955408 -0.10768408240161088 -1.1828605281478204 0 0 0 0 1
1685094201.816288710 -0.11064495934570866 -1.2121462848186662 0 0 0 0 1
1685094201.849622011 -0.11386075762590692 -1.2410202950317197 0 0 0 0 1
1685094201.882955313 -0.11710184612865425 -1.2700278201009292 0 0 0 0 1
1685094201.916288614 -0.12033433004905499 -1.2989515089692125 0 0 0 0 1
1685094201.949621916 -0.12353919839853786 -1.3275280240726437 0 0 0 0 1
1685094201.982955456 -0.12718367520753154 -1.3559929001309134 0 0 0 0 1
1685094202.016288757 -0.13105786546214993 -1.384759063825554 0 0 0 0 1
1685094202.049622059 -0.13490544220598244 -1.4135924172601846 0 0 0 0 1
1685094202.082955360 -0.13901177122914593 -1.4423476499372723 0 0 0 0 1
1685094202.116288662 -0.14283990249518386 -1.471715614183203 0 0 0 0 1
1685094202.149621964 -0.14692378320880867 -1.501790410236564 0 0 0 0 1
1685094202.182955265 -0.1513338565125878 -1.5322929978128499 0 0 0 0 1
1685094202.216288805 -0.15717485197113357 -1.5614097982410529 0 0 0 0 1
1685094202.249622107 -0.16252853543478896 -1.5907813665615291 0 0 0 0 1
1685094202.282955408 -0.16839529862303626 -1.6211952111753183 0 0 0 0 1
1685094202.316288710 -0.17433911296677715 -1.6513890437552847 0 0 0 0 1
1685094202.349622011 -0.18338807305170246 -1.6698963336702595 0 0 0 0 1
1685094202.382955313 -0.20416613417247398 -1.692559765058591 0 0 0 0 1
1685094202.416288614 -0.22309362548334832 -1.7142654871213803 0 0 0 0 1
1685094202.449621916 -0.2426966962150006 -1.7377632019814906 0 0 0 0 1
1685094202.482955456 -0.2622790775765409 -1.761179571737276 0 0 0 0 1
1685094202.516288757 -0.2816383754558958 -1.7846383505749244 0 0 0 0 1
1685094202.549622059 -0.30130476144407214 -1.8056450528608636 0 0 0 0 1
1685094202.582955360 -0.3216031076049022 -1.8280174046941506 0 0 0 0 1
1685094202.616288662 -0.3421101236080571 -1.850495661412134 0 0 0 0 1
1685094202.649621964 -0.36259118935844015 -1.8730463725382633 0 0 0 0 1
1685094202.682955265 -0.38279653092711463 -1.8958416491621068 0 0 0 0 1
1685094202.716288805 -0.4028558154312203 -1.91870481252278 0 0 0 0 1
1685094202.749622107 -0.4228884523751407 -1.9419024816587986 0 0 0 0 1
1685094202.782955408 -0.4429920299125586 -1.9650649419432198 0 0 0 0 1
1685094202.816288710 -0.4581475982309112 -1.9843152424503843 0 0 0 0 1
1685094202.849622011 -0.4756616453547828 -2.009741266495994 0 0 0 0 1
1685094202.882955313 -0.4935293795366677 -2.0353456105212833 0 0 0 0 1
1685094202.916288614 -0.5108256471923525 -2.0617938114808783 0 0 0 0 1
1685094202.949621916 -0.5282072313143128 -2.0879021285806094 0 0 0 0 1
1685094202.982955456 -0.5458638061095049 -2.114004210192176 0 0 0 0 1
1685094203.016288757 -0.5636789988729171 -2.1395427589771434 0 0 0 0 1
1685094203.049622059 -0.5815571803966665 -2.1643491137815722 0 0 0 0 1
1685094203.082955360 -0.5995611468255522 -2.1887108409097213 0 0 0 0 1
1685094203.116288662 -0.6167751610619271 -2.2111727041313896 0 0 0 0 1
1685094203.149621964 -0.6336458370107121 -2.2359457456490435 0 0 0 0 1
1685094203.182955265 -0.6503205232102942 -2.260421651501006 0 0 0 0 1
1685094203.216288805 -0.6667300768846199 -2.284441496084763 0 0 0 0 1
1685094203.249622107 -0.6831631201987561 -2.309074306461737 0 0 0 0 1
1685094203.282955408 -0.6993391204367214 -2.334093016961733 0 0 0 0 1
1685094203.316288710 -0.7150751216063557 -2.359239792893977 0 0 0 0 1
1685094203.349622011 -0.7308831886094603 -2.3843440921196004 0 0 0 0 1
1685094203.382955313 -0.7473790793099786 -2.4095247758723435 0 0 0 0 1
1685094203.416288614 -0.7638156897543119 -2.434631521660231 0 0 0 0 1
1685094203.449621916 -0.7797926757839333 -2.459337956279305 0 0 0 0 1
1685094203.482955456 -0.795050263958928 -2.481704230465174 0 0 0 0 1
1685094203.516288757 -0.809985351149262 -2.505882940511374 0 0 0 0 1
1685094203.549622059 -0.8246400703791635 -2.5295823705093285 0 0 0 0 1
1685094203.582955360 -0.8375732523492336 -2.552017893451055 0 0 0 0 1
1685094203.616288662 -0.8506375793808096 -2.5755063086437926 0 0 0 0 1
1685094203.649621964 -0.8637671175195288 -2.599274300061403 0 0 0 0 1
1685094203.682955265 -0.8765268804746407 -2.622529146451394 0 0 0 0 1
1685094203.716288805 -0.8896310978658514 -2.64547802455799 0 0 0 0 1
