1685094314.168622732 1.1188253325483013e-20 -1.7077413555422933e-19 0 0 0 0 1
1685094314.201956034 -5.5466927244666934e-05 -0.019255176079394268 0 0 0 0 1
1685094314.235289335 -0.0001555377946876028 -0.039012766611406645 0 0 0 0 1
1685094314.268622875 -0.0003467182743233491 -0.059270353136652514 0 0 0 0 1
1685094314.301956177 -0.0006086225918061008 -0.08022860535712197 0 0 0 0 1
1685094314.335289478 -0.0006762158434747935 -0.10147459038708105 0 0 0 0 1
1685094314.368622780 -0.000777103831263559 -0.12314330319134861 0 0 0 0 1
1685094314.401956081 -0.0007667389407629967 -0.14552288185958528 0 0 0 0 1
1685094314.435289383 -0.00044667932582118607 -0.1685856606036304 0 0 0 0 1
1685094314.468622684 7.848113146456698e-05 -0.19244010640483467 0 0 0 0 1
1685094314.501956224 0.0012650566442334206 -0.21589330107277563 0 0 0 0 1
1685094314.535289526 0.0020457448121222062 -0.24119999227180133 0 0 0 0 1
1685094314.568622828 0.003129624412480663 -0.26723679016990187 0 0 0 0 1
1685094314.601956129 0.004660283933969637 -0.29263283761875125 0 0 0 0 1
1685094314.635289431 0.007796212680978311 -0.31956475261540057 0 0 0 0 1
1685094314.668622732 0.011298208615633904 -0.35360587942973754 0 0 0 0 1
1685094314.701956034 0.013885895926125906 -0.3810692927883741 0 0 0 0 1
1685094314.735289335 0.01608663184473039 -0.40857902274107305 0 0 0 0 1
1685094314.768622875 0.018222405297523565 -0.4365047217522201 0 0 0 0 1
1685094314.801956177 0.021742970354209478 -0.4639164693209476 0 0 0 0 1
1685094314.835289478 0.024999075627933777 -0.4926788722974228 0 0 0 0 1
1685094314.868622780 0.028302912109781638 -0.5218381031521194 0 0 0 0 1
1685094314.901956081 0.03213266563013475 -0.5509040687036588 0 0 0 0 1
1685094314.935289383 0.036181456142346136 -0.5800631626679964 0 0 0 0 1
1685094314.968622684 0.04041684754781447 -0.6090645214929149 0 0 0 0 1
1685094315.001956224 0.044851385464756664 -0.6380717357425864 0 0 0 0 1
1685094315.035289526 0.04920624669059587 -0.6667844711447811 0 0 0 0 1
1685094315.068622828 0.053606726753293796 -0.6955978593743029 0 0 0 0 1
1685094315.101956129 0.05824976616768647 -0.7244507656601689 0 0 0 0 1
1685094315.135289431 0.06263112271140693 -0.753436516998705 0 0 0 0 1
1685094315.168622732 0.06716234677787883 -0.7825959230251783 0 0 0 0 1
1685094315.201956034 0.07185432949013981 -0.8117291047209365 0 0 0 0 1
1685094315.235289335 0.07639904626075357 -0.8409702027624011 0 0 0 0 1
1685094315.268622875 0.08118396954121926 -0.8703183634145979 0 0 0 0 1
1685094315.301956177 0.0861784221092665 -0.8994556484008254 0 0 0 0 1
1685094315.335289478 0.09117779234795947 -0.9284529634446949 0 0 0 0 1
1685094315.368622780 0.09749286126589851 -0.9647903955587157 0 0 0 0 1
1685094315.401956081 0.10233476028931697 -0.9936249300888769 0 0 0 0 1
1685094315.435289383 0.10654337550797356 -1.0221382505587722 0 0 0 0 1
1685094315.468622684 0.11072350774360686 -1.0505047090482105 0 0 0 0 1
1685094315.501956224 0.11392908465596316 -1.0778388724080894 0 0 0 0 1
1685094315.535289526 0.11537967141724159 -1.1064743390427008 0 0 0 0 1
1685094315.568622828 0.11728532377208326 -1.1346957487796066 0 0 0 0 1
1685094315.601956129 0.11924906006650186 -1.1635164902464947 0 0 0 0 1
1685094315.635289431 0.1202080391797048 -1.1912656844848684 0 0 0 0 1
1685094315.668622732 0.12048346627475102 -1.219763051497781 0 0 0 0 1
1685094315.701956034 0.12059494145965335 -1.247842089431098 0 0 0 0 1
1685094315.735289335 0.12066133410224852 -1.2757281807993062 0 0 0 0 1
1685094315.768622875 0.12054632119810889 -1.303546974543094 0 0 0 0 1
1685094315.801956177 0.12036451157399297 -1.330208271174586 0 0 0 0 1
1685094315.835289478 0.12002777966846667 -1.357575927853538 0 0 0 0 1
1685094315.868622780 0.1198137783102494 -1.3850615148319085 0 0 0 0 1
1685094315.901956081 0.11970058800913051 -1.4128094806833233 0 0 0 0 1
1685094315.935289383 0.11936789210939296 -1.440807812668845 0 0 0 0 1
1685094315.968622684 0.11972492408274914 -1.468097682542225 0 0 0 0 1
1685094316.001956224 0.12003380540615216 -1.496700444701431 0 0 0 0 1
1685094316.035289526 0.12040590559748718 -1.5259311462258416 0 0 0 0 1
1685094316.068622828 0.12099844444184486 -1.5555936357375006 0 0 0 0 1
1685094316.101956129 0.12150228400050767 -1.5854660651742922 0 0 0 0 1
1685094316.135289431 0.12208925291651214 -1.6149007339617594 0 0 0 0 1
1685094316.168622732 0.12389617729645983 -1.645244323112613 0 0 0 0 1
1685094316.201956034 0.12557447848685444 -1.6752342351270784 0 0 0 0 1
1685094316.235289335 0.1270465665408457 -1.7051954866475416 0 0 0 0 1
1685094316.268622875 0.12892893452742718 -1.7351561958425827 0 0 0 0 1
1685094316.301956177 0.12991472639072602 -1.765193663241662 0 0 0 0 1
1685094316.335289478 0.13085538841321975 -1.7947265043825154 0 0 0 0 1
1685094316.368622780 0.1319499733169704 -1.824238950923754 0 0 0 0 1
1685094316.401956081 0.1331481726373734 -1.8541363406972133 0 0 0 0 1
1685094316.435289383 0.13462342367732066 -1.8846168727682104 0 0 0 0 1
1685094316.468622684 0.13624348707904918 -1.9150995644510531 0 0 0 0 1
1685094316.501956224 0.1377380224912071 -1.9456273723453565 0 0 0 0 1
1685094316.535289526 0.1392568847180508 -1.9764859269867159 0 0 0 0 1
1685094316.568622828 0.14100232240498775 -2.007157188689541 0 0 0 0 1
1685094316.601956129 0.14242134698051703 -2.0371037054326417 0 0 0 0 1
1685094316.635289431 0.143904144887236 -2.0666243646494133 0 0 0 0 1
1685094316.668622732 0.14548467403954055 -2.095955750134973 0 0 0 0 1
1685094316.701956034 0.14791764295545898 -2.12356965042328 0 0 0 0 1
1685094316.735289335 0.1505861821954889 -2.1529234749073596 0 0 0 0 1
1685094316.768622875 0.15336236892249475 -2.1823963589900877 0 0 0 0 1
1685094316.801956177 0.15669343059329802 -2.212075929795019 0 0 0 0 1
1685094316.835289478 0.15984111236351903 -2.242735998521951 0 0 0 0 1
1685094316.868622780 0.1627924555638987 -2.2728475821063854 0 0 0 0 1
1685094316.901956081 0.16650477169609632 -2.3020754220995068 0 0 0 0 1
1685094316.935289383 0.16971634899585958 -2.330588696157325 0 0 0 0 1
1685094316.968622684 0.1743673568330293 -2.3593844859038247 0 0 0 0 1
1685094317.001956224 0.1783962732429314 -2.387191219109138 0 0 0 0 1
1685094317.035289526 0.1812638731834475 -2.4159402911196297 0 0 0 0 1
1685094317.068622828 0.18384334344462888 -2.4445584364319672 0 0 0 0 1
1685094317.101956129 0.18630620604965487 -2.472912995989769 0 0 0 0 1
1685094317.135289431 0.1890136342161923 -2.501434347299531 0 0 0 0 1
1685094317.168622732 0.1940084378676554 -2.529657464015111 0 0 0 0 1
1685094317.201956034 0.19947603086865148 -2.5583343588112646 0 0 0 0 1
1685094317.235289335 0.20499211183035806 -2.586658715273175 0 0 0 0 1
1685094317.268622875 0.21074114246885284 -2.614691848923943 0 0 0 0 1
1685094317.301956177 0.21694798522649122 -2.642682319895263 0 0 0 0 1
1685094317.335289478 0.22307145472894663 -2.670100191388358 0 0 0 0 1
1685094317.368622780 0.22824962583404218 -2.6957746778324254 0 0 0 0 1
1685094317.401956081 0.2331729675269522 -2.7228498715327243 0 0 0 0 1
1685094317.435289383 0.23775519756642513 -2.7479510552610638 0 0 0 0 1
1685094317.468622684 0.24197962329056447 -2.7745175507335955 0 0 0 0 1
1685094317.501956224 0.24578540159281118 -2.8009210094989547 0 0 0 0 1
1685094317.535289526 0.2496378075865054 -2.827211392606451 0 0 0 0 1
1685094317.568622828 0.2536237001768592 -2.8538538822486625 0 0 0 0 1
1685094317.601956129 0.25777652204123586 -2.880411916417436 0 0 0 0 1
1685094317.635289431 0.2620470113814176 -2.9065060944029772 0 0 0 0 1
