1685094324.922410965 -2.009145848863961e-18 1.3695742558286886e-17 0 0 0 0 1
1685094324.955744505 0.0005039801584689019 -0.012451024250958037 0 0 0 0 1
1685094324.989077806 0.0012071569436990248 -0.025986992976952044 0 0 0 0 1
1685094325.022411108 0.0010174875270669754 -0.038839872122074875 0 0 0 0 1
1685094325.055744410 0.0008416191630421803 -0.054800549636067154 0 0 0 0 1
1685094325.089077711 0.00034172592038441167 -0.07046261529416742 0 0 0 0 1
1685094325.122411013 -0.002788126286542961 -0.08647397382312731 0 0 0 0 1
1685094325.155744314 -0.004785635800751381 -0.10437250199433222 0 0 0 0 1
1685094325.189077616 -0.003617839651123731 -0.1157119350128225 0 0 0 0 1
1685094325.222411156 0.0004469439712853312 -0.13403059187773078 0 0 0 0 1
1685094325.255744457 0.004740832372575961 -0.1524306408019111 0 0 0 0 1
1685094325.289077759 0.008771809905916837 -0.17078673276776646 0 0 0 0 1
1685094325.322411060 0.01292571269874315 -0.1894159387923437 0 0 0 0 1
1685094325.355744362 0.017085138942580944 -0.2086590936111503 0 0 0 0 1
1685094325.389077663 0.021314470303478193 -0.22868166672316698 0 0 0 0 1
1685094325.422410965 0.025425713972541987 -0.2490331412317849 0 0 0 0 1
1685094325.455744505 0.029370487132658496 -0.27005539354982805 0 0 0 0 1
1685094325.489077806 0.03345377101847071 -0.29144250205605865 0 0 0 0 1
1685094325.522411108 0.037179778357116326 -0.3131383574092449 0 0 0 0 1
1685094325.555744410 0.040943696489262375 -0.33519868267709746 0 0 0 0 1
1685094325.589077711 0.045244952586822915 -0.3578813570465732 0 0 0 0 1
1685094325.622411013 0.05073614504936411 -0.3869812485880509 0 0 0 0 1
1685094325.655744314 0.055298923708670476 -0.410462211903237 0 0 0 0 1
1685094325.689077616 0.06002582264709234 -0.43444555752042563 0 0 0 0 1
1685094325.722411156 0.06529003005642028 -0.4589056063162984 0 0 0 0 1
1685094325.755744457 0.07048416620483795 -0.48356505057261656 0 0 0 0 1
1685094325.789077759 0.07552746820856582 -0.5085947422871461 0 0 0 0 1
1685094325.822411060 0.08084419438116423 -0.5338277782197856 0 0 0 0 1
1685094325.855744362 0.0862611171380812 -0.5594368445233947 0 0 0 0 1
1685094325.889077663 0.09348204177057429 -0.6006211950290739 0 0 0 0 1
1685094325.922410965 0.06775277861960681 -0.6052042722063884 0 0 0 0 1
1685094325.955744505 0.04195525100127323 -0.6101273878586037 0 0 0 0 1
1685094325.989077806 0.016155062082882393 -0.6150365375527068 0 0 0 0 1
1685094326.022411108 -0.00964778057484226 -0.6199317198500759 0 0 0 0 1
1685094326.055744410 -0.035453269410399654 -0.6248129333161818 0 0 0 0 1
1685094326.089077711 -0.06268626600836154 -0.6295076359135174 0 0 0 0 1
1685094326.122411013 -0.08299461830491832 -0.6380918640702684 0 0 0 0 1
1685094326.155744314 -0.09296559596562191 -0.6577564960408384 0 0 0 0 1
1685094326.189077616 -0.09206139571631135 -0.6862659256010272 0 0 0 0 1
1685094326.222411156 -0.09120014218344948 -0.7147766848734554 0 0 0 0 1
1685094326.255744457 -0.09038183732134596 -0.7432887091630578 0 0 0 0 1
1685094326.289077759 -0.08960648298685374 -0.7718019337718985 0 0 0 0 1
1685094326.322411060 -0.08810136767586399 -0.783431393352704 0 0 0 0 1
1685094326.355744362 -0.09189075485431705 -0.7945287014520918 0 0 0 0 1
1685094326.389077663 -0.10019436301694842 -0.8028087856136473 0 0 0 0 1
1685094326.422410965 -0.11130237694268352 -0.8065666744979331 0 0 0 0 1
1685094326.455744505 -0.13969138790393584 -0.7997640965334916 0 0 0 0 1
1685094326.489077806 -0.1681073685243074 -0.7930750715146211 0 0 0 0 1
1685094326.522411108 -0.19678480459245956 -0.7867642512927465 0 0 0 0 1
1685094326.555744410 -0.22546759298132416 -0.7804778022509278 0 0 0 0 1
1685094326.589077711 -0.25415571297934597 -0.7742157289285472 0 0 0 0 1
1685094326.622411013 -0.2827264390498246 -0.7678409461342007 0 0 0 0 1
1685094326.655744314 -0.3113081071439171 -0.7615154032461514 0 0 0 0 1
1685094326.689077616 -0.33990063239971013 -0.7552391190455869 0 0 0 0 1
1685094326.722411156 -0.36802551702012715 -0.7489899800734465 0 0 0 0 1
1685094326.755744457 -0.3961524164908018 -0.7427499160536268 0 0 0 0 1
1685094326.789077759 -0.42428132788355305 -0.7365189276357561 0 0 0 0 1
1685094326.822411060 -0.4524122482699902 -0.7302970154685182 0 0 0 0 1
1685094326.855744362 -0.48054517472151353 -0.7240841801996521 0 0 0 0 1
1685094326.889077663 -0.5086801043093144 -0.7178804224759515 0 0 0 0 1
1685094326.922410965 -0.538245125914486 -0.7110370816183778 0 0 0 0 1
1685094326.955744505 -0.568085559800772 -0.7042435858525062 0 0 0 0 1
1685094326.989077806 -0.597911601729042 -0.697387179932799 0 0 0 0 1
1685094327.022411108 -0.6277231190711031 -0.6904678943478045 0 0 0 0 1
1685094327.055744410 -0.6575391220702049 -0.6838002528943979 0 0 0 0 1
1685094327.089077711 -0.6873721732608318 -0.6772093095589508 0 0 0 0 1
1685094327.122411013 -0.7172220753465488 -0.6706951079296836 0 0 0 0 1
1685094327.155744314 -0.7465573366503838 -0.6651087259979006 0 0 0 0 1
1685094327.189077616 -0.7755580957012843 -0.6594484369716267 0 0 0 0 1
1685094327.222411156 -0.8045894453222524 -0.6539471974227201 0 0 0 0 1
1685094327.255744457 -0.8340741410407041 -0.6485542867455327 0 0 0 0 1
1685094327.289077759 -0.8635541039297311 -0.6431355640876183 0 0 0 0 1
1685094327.322411060 -0.8930293113925862 -0.637691033602493 0 0 0 0 1
1685094327.355744362 -0.9224997408361671 -0.6322206994634554 0 0 0 0 1
1685094327.389077663 -0.9519653696710342 -0.6267245658635824 0 0 0 0 1
1685094327.422410965 -0.9814261753114273 -0.6212026370157269 0 0 0 0 1
1685094327.455744505 -1.006530305923535 -0.6263814796927917 0 0 0 0 1
1685094327.489077806 -1.0246952611139077 -0.6495819191782702 0 0 0 0 1
1685094327.522411108 -1.0421712460528252 -0.6723163737101975 0 0 0 0 1
1685094327.555744410 -1.0595184819317829 -0.6947595375635165 0 0 0 0 1
1685094327.589077711 -1.076829730923467 -0.7172304711163318 0 0 0 0 1
1685094327.622411013 -1.0941049485738277 -0.7397291166648927 0 0 0 0 1
1685094327.655744314 -1.110368974429164 -0.7616370128451531 0 0 0 0 1
1685094327.689077616 -1.1264166179473012 -0.7832267089435434 0 0 0 0 1
1685094327.722411156 -1.1419949873108621 -0.8050707497789433 0 0 0 0 1
1685094327.755744457 -1.1571916626839156 -0.8266184098318562 0 0 0 0 1
1685094327.789077759 -1.1720814084130609 -0.8474843312088542 0 0 0 0 1
1685094327.822411060 -1.1853838659245308 -0.8549416866864711 0 0 0 0 1
