1685094142.982971191 1.3975442553397795e-18 -4.292473489887606e-18 0 0 0 0 1
1685094143.016304493 0.0022250779741124324 -0.008378767749473482 0 0 0 0 1
1685094143.049637794 0.006627445645369923 -0.023469087856025382 0 0 0 0 1
1685094143.082971096 0.018942635721649993 -0.037079339017520155 0 0 0 0 1
1685094143.116304398 0.025274050245871107 -0.04963150757528425 0 0 0 0 1
1685094143.149637699 0.03170813483906572 -0.05820553811139598 0 0 0 0 1
1685094143.182971239 0.03630673557719348 -0.06830507742602403 0 0 0 0 1
1685094143.216304541 0.03870517393243524 -0.07932397369316177 0 0 0 0 1
1685094143.249637842 0.04215489284328701 -0.08951191467711 0 0 0 0 1
1685094143.282971144 0.04478317951044732 -0.10566530872812185 0 0 0 0 1
1685094143.316304445 0.046186163872488924 -0.11557425921828123 0 0 0 0 1
1685094143.349637747 0.04968402751077656 -0.12423028492026059 0 0 0 0 1
1685094143.382971048 0.05211122523463415 -0.1325887427945092 0 0 0 0 1
1685094143.416304588 0.05839200447070439 -0.13991190953091748 0 0 0 0 1
1685094143.449637890 0.0702570921895035 -0.15382683852409 0 0 0 0 1
1685094143.482971191 0.0781109311363013 -0.164569762778224 0 0 0 0 1
1685094143.516304493 0.08817892242447081 -0.1764590494035239 0 0 0 0 1
1685094143.549637794 0.10004095014165279 -0.18554872827006555 0 0 0 0 1
1685094143.582971096 0.10499714310866401 -0.19335089592360757 0 0 0 0 1
1685094143.616304398 0.11165582634107456 -0.20433716184851378 0 0 0 0 1
1685094143.649637699 0.12394081782505771 -0.22350746620757667 0 0 0 0 1
1685094143.682971239 0.1320547525036404 -0.23101744099630786 0 0 0 0 1
1685094143.716304541 0.1472428615989454 -0.23368200820605456 0 0 0 0 1
1685094143.749637842 0.15369629286849176 -0.23491664179082955 0 0 0 0 1
1685094143.782971144 0.16243898389293382 -0.2329179991079298 0 0 0 0 1
1685094143.816304445 0.17495289851236603 -0.22715115510231712 0 0 0 0 1
1685094143.849637747 0.19279926309986947 -0.22085264772877944 0 0 0 0 1
1685094143.882971048 0.20580210350570158 -0.21401458031666384 0 0 0 0 1
1685094143.916304588 0.21456605707323165 -0.21135353978029803 0 0 0 0 1
1685094143.949637890 0.22319965774763323 -0.19935063276655035 0 0 0 0 1
1685094143.982971191 0.23747439784062518 -0.18715174186781058 0 0 0 0 1
1685094144.016304493 0.24765008805585398 -0.17462730206874033 0 0 0 0 1
1685094144.049637794 0.24894402696498574 -0.16886493723810483 0 0 0 0 1
1685094144.082971096 0.25431309575230054 -0.14885986357623274 0 0 0 0 1
1685094144.116304398 0.2507855577981499 -0.12883323263130486 0 0 0 0 1
