1685094183.949644566 -3.274241783931934e-19 -8.593375017236775e-18 0 0 0 0 1
1685094183.982977867 6.360410081119005e-05 -0.018237944715748335 0 0 0 0 1
1685094184.016311169 -0.0003837796989744455 -0.03564891930482613 0 0 0 0 1
1685094184.049644709 -0.0010801471662461339 -0.05286429199244983 0 0 0 0 1
1685094184.082978010 -0.001833187996359536 -0.06993896542893897 0 0 0 0 1
1685094184.116311312 -0.002555544543335799 -0.08764340628272084 0 0 0 0 1
1685094184.149644613 -0.003102568580192869 -0.1058357979649815 0 0 0 0 1
1685094184.182977915 -0.004817134627945055 -0.12115484300396409 0 0 0 0 1
1685094184.216311216 -0.005165364493177759 -0.1406650859745191 0 0 0 0 1
1685094184.249644518 -0.005568043006779674 -0.16078805353856182 0 0 0 0 1
1685094184.282978058 -0.005504200862281308 -0.1812505178659001 0 0 0 0 1
1685094184.316311359 -0.002601363139067859 -0.20210586460774257 0 0 0 0 1
1685094184.349644661 -0.0008495964568789334 -0.22375643318631122 0 0 0 0 1
1685094184.382977962 0.0009568244273657955 -0.24589996738697933 0 0 0 0 1
1685094184.416311264 0.002425136585168488 -0.268443018383223 0 0 0 0 1
1685094184.449644566 0.0039251446879873565 -0.2909839825263885 0 0 0 0 1
1685094184.482977867 0.005456845770201622 -0.31352281525141534 0 0 0 0 1
1685094184.516311169 0.00123642261392684 -0.33055747753732745 0 0 0 0 1
1685094184.549644709 -0.01763361387261193 -0.3431165757593786 0 0 0 0 1
1685094184.582978010 -0.03670194082518207 -0.3592440372143654 0 0 0 0 1
1685094184.616311312 -0.05589549293613006 -0.37534919436387376 0 0 0 0 1
1685094184.649644613 -0.06964365664319042 -0.3705347668833577 0 0 0 0 1
1685094184.682977915 -0.09257239798660821 -0.3588409696244722 0 0 0 0 1
1685094184.716311216 -0.10161468393777434 -0.34303615117808733 0 0 0 0 1
1685094184.749644518 -0.12202330303819468 -0.3267382481956893 0 0 0 0 1
1685094184.782978058 -0.137007903443301 -0.3236457716478345 0 0 0 0 1
1685094184.816311359 -0.14009046202144299 -0.30401342406107756 0 0 0 0 1
1685094184.849644661 -0.14613252089600845 -0.27689363112197474 0 0 0 0 1
1685094184.882977962 -0.14280747732107701 -0.24364686237029565 0 0 0 0 1
1685094184.916311264 -0.13641111283714474 -0.232826536360282 0 0 0 0 1
1685094184.949644566 -0.12502122246925423 -0.22751020952855647 0 0 0 0 1
1685094184.982977867 -0.11261934985775383 -0.2295563007538946 0 0 0 0 1
1685094185.016311169 -0.08527545179393098 -0.23936176484319582 0 0 0 0 1
1685094185.049644709 -0.05738221779372529 -0.24936162037751508 0 0 0 0 1
1685094185.082978010 -0.030621687139457697 -0.26093101820837505 0 0 0 0 1
1685094185.116311312 -0.003164250556509229 -0.2731818188895035 0 0 0 0 1
1685094185.149644613 0.024729971639889818 -0.28500684484448385 0 0 0 0 1
1685094185.182977915 0.0528453250880689 -0.296296033090855 0 0 0 0 1
1685094185.216311216 0.08084735620835992 -0.307641433872106 0 0 0 0 1
1685094185.249644518 0.10026835369147895 -0.3194898243487246 0 0 0 0 1
1685094185.282978058 0.08758383018980674 -0.29122026424486835 0 0 0 0 1
1685094185.316311359 0.07450540648039525 -0.26328469930223164 0 0 0 0 1
1685094185.349644661 0.06182268575025791 -0.23829426176589952 0 0 0 0 1
1685094185.382977962 0.04608472069201667 -0.2151061219267155 0 0 0 0 1
1685094185.416311264 0.02622139792103977 -0.19148293867616467 0 0 0 0 1
1685094185.449644566 0.006345638911496216 -0.16823587234408738 0 0 0 0 1
1685094185.482977867 -0.013809894693071874 -0.14506680393025398 0 0 0 0 1
1685094185.516311169 -0.033976834522919254 -0.12190766310100289 0 0 0 0 1
1685094185.549644709 -0.0543469711613546 -0.09817677374093896 0 0 0 0 1
1685094185.582978010 -0.07437108064598286 -0.07415318916586472 0 0 0 0 1
1685094185.616311312 -0.09404495781576941 -0.04984195444616619 0 0 0 0 1
1685094185.649644613 -0.1133644710601806 -0.025248175060168104 0 0 0 0 1
1685094185.682977915 -0.13232556318684216 -0.00037701582195854194 0 0 0 0 1
1685094185.716311216 -0.14748009755455202 0.019212695169809807 0 0 0 0 1
1685094185.749644518 -0.14766214573697037 0.04397927642565512 0 0 0 0 1
1685094185.782978058 -0.12792606946401403 0.05310670868665463 0 0 0 0 1
1685094185.816311359 -0.10805453696194957 0.04427806652885468 0 0 0 0 1
1685094185.849644661 -0.08540688682866938 0.019486214384975165 0 0 0 0 1
1685094185.882977962 -0.06294029482137138 -0.0054698316331958 0 0 0 0 1
1685094185.916311264 -0.04065595129918184 -0.030588749266495633 0 0 0 0 1
1685094185.949644566 -0.01855503696506073 -0.05586920762625035 0 0 0 0 1
1685094185.982977867 0.003361277196756026 -0.08130986726478964 0 0 0 0 1
1685094186.016311169 0.02509182998279941 -0.10690938024641557 0 0 0 0 1
1685094186.049644709 0.046635470031891973 -0.13266639021882087 0 0 0 0 1
1685094186.082978010 0.067991055886151 -0.1585795324849534 0 0 0 0 1
1685094186.116311312 0.08915745605146691 -0.18464743407532247 0 0 0 0 1
1685094186.149644613 0.050971518076045455 -0.17471080589398974 0 0 0 0 1
1685094186.182977915 0.01290676157552647 -0.16431961966560407 0 0 0 0 1
1685094186.216311216 -0.02503140268464683 -0.15347535245915334 0 0 0 0 1
1685094186.249644518 -0.06283758193365369 -0.14217954574742367 0 0 0 0 1
1685094186.282978058 -0.10050640216185831 -0.13043380518788483 0 0 0 0 1
1685094186.316311359 -0.13803250888470564 -0.11823980039445178 0 0 0 0 1
1685094186.349644661 -0.15020792042641543 -0.1094143408845603 0 0 0 0 1
1685094186.382977962 -0.16173120584200454 -0.09975290853725242 0 0 0 0 1
1685094186.416311264 -0.17254508135536717 -0.08930353161074475 0 0 0 0 1
1685094186.449644566 -0.18259578976086266 -0.07811815533998671 0 0 0 0 1
1685094186.482977867 -0.19183336765749556 -0.06625238371002627 0 0 0 0 1
1685094186.516311169 -0.20021189382359122 -0.053765203041244984 0 0 0 0 1
1685094186.549644709 -0.2076897174972632 -0.04071868876055662 0 0 0 0 1
1685094186.582978010 -0.20409715205770784 -0.07503358004435712 0 0 0 0 1
1685094186.616311312 -0.20403265474609447 -0.10953595866313252 0 0 0 0 1
1685094186.649644613 -0.20630996829218157 -0.14357213672515937 0 0 0 0 1
1685094186.682977915 -0.20633139463316486 -0.12880921459780056 0 0 0 0 1
1685094186.716311216 -0.2399158470667016 -0.12570758352481823 0 0 0 0 1
1685094186.749644518 -0.2738446676931819 -0.12249260456978518 0 0 0 0 1
1685094186.782978058 -0.30728462482081553 -0.11832078347890122 0 0 0 0 1
1685094186.816311359 -0.3406012893861023 -0.11325771265612057 0 0 0 0 1
1685094186.849644661 -0.34861049650317194 -0.10763161663546073 0 0 0 0 1
1685094186.882977962 -0.35342731478059225 -0.11615209882604793 0 0 0 0 1
1685094186.916311264 -0.3207088620682758 -0.11477243191228742 0 0 0 0 1
1685094186.949644566 -0.28328828363200553 -0.12640675538887594 0 0 0 0 1
1685094186.982977867 -0.25241328911685523 -0.15053955230411967 0 0 0 0 1
1685094187.016311169 -0.23208598828660226 -0.18404265685010696 0 0 0 0 1
1685094187.049644709 -0.21508357164031702 -0.18463638415190262 0 0 0 0 1
1685094187.082978010 -0.20066914843564543 -0.17559984235764287 0 0 0 0 1
1685094187.116311312 -0.18005139245039425 -0.1712753266637085 0 0 0 0 1
1685094187.149644613 -0.15520041325874498 -0.17156266309451879 0 0 0 0 1
1685094187.182977915 -0.13046537297913618 -0.17397751534142472 0 0 0 0 1
1685094187.216311216 -0.10602807457694688 -0.17850213419947358 0 0 0 0 1
1685094187.249644518 -0.08206813260970948 -0.1851032636433545 0 0 0 0 1
1685094187.282978058 -0.0587616530570671 -0.19373238525974848 0 0 0 0 1
1685094187.316311359 -0.036279938938837665 -0.20432607485848875 0 0 0 0 1
1685094187.349644661 -0.01478823123491421 -0.21680646864143374 0 0 0 0 1
1685094187.382977962 0.005602911832885583 -0.22254152272293348 0 0 0 0 1
1685094187.416311264 -0.027193971256753546 -0.22413362937278586 0 0 0 0 1
1685094187.449644566 -0.059991217697470775 -0.2257182333885641 0 0 0 0 1
1685094187.482977867 -0.09308804683249237 -0.22756717642288332 0 0 0 0 1
1685094187.516311169 -0.12614113691392226 -0.23007953093724884 0 0 0 0 1
1685094187.549644709 -0.15972438196482697 -0.23285903755786094 0 0 0 0 1
1685094187.582978010 -0.19331337826552986 -0.23556815784210633 0 0 0 0 1
1685094187.616311312 -0.22623865770733614 -0.2384087677657543 0 0 0 0 1
1685094187.649644613 -0.25915330057603614 -0.2413700809685914 0 0 0 0 1
1685094187.682977915 -0.29205686437782236 -0.2444520576396812 0 0 0 0 1
1685094187.716311216 -0.32494890676783084 -0.2476546563459267 0 0 0 0 1
1685094187.749644518 -0.3143855224042253 -0.25534478278150097 0 0 0 0 1
1685094187.782978058 -0.32383324076204456 -0.23418391981642508 0 0 0 0 1
1685094187.816311359 -0.3421752208748299 -0.22002011845035166 0 0 0 0 1
1685094187.849644661 -0.3650375028014186 -0.2162309801967948 0 0 0 0 1
1685094187.882977962 -0.38696818305616915 -0.22372009010113525 0 0 0 0 1
1685094187.916311264 -0.4027375145601464 -0.24070154137931127 0 0 0 0 1
1685094187.949644566 -0.4085850295845019 -0.2631258155400357 0 0 0 0 1
1685094187.982977867 -0.4301172952097816 -0.24073656769486854 0 0 0 0 1
1685094188.016311169 -0.4033056364696074 -0.25642260727247906 0 0 0 0 1
1685094188.049644709 -0.4333736927109867 -0.24862332038872043 0 0 0 0 1
1685094188.082978010 -0.40231793657036485 -0.24794738210444545 0 0 0 0 1
1685094188.116311312 -0.4320181709893249 -0.25704754460237583 0 0 0 0 1
1685094188.149644613 -0.4638275345088028 -0.24735966031352116 0 0 0 0 1
1685094188.182977915 -0.4760291665840504 -0.22340937538842898 0 0 0 0 1
1685094188.216311216 -0.460855731475359 -0.20122237828888587 0 0 0 0 1
1685094188.249644518 -0.4354248596991016 -0.17932741656526077 0 0 0 0 1
1685094188.282978058 -0.4103988824502655 -0.15697078330083158 0 0 0 0 1
1685094188.316311359 -0.3848770291183478 -0.1341489883018069 0 0 0 0 1
1685094188.349644661 -0.35979866644516234 -0.11124439544303939 0 0 0 0 1
1685094188.382977962 -0.33463814003104053 -0.08843008942777768 0 0 0 0 1
1685094188.416311264 -0.3093957749237571 -0.06570636499307449 0 0 0 0 1
1685094188.449644566 -0.28407189722835724 -0.04307351570576293 0 0 0 0 1
1685094188.482977867 -0.25866683410294394 -0.02053183395866396 0 0 0 0 1
1685094188.516311169 -0.23318091375445127 0.0019183890331910445 0 0 0 0 1
1685094188.549644709 -0.2076144654344043 0.024276863236322527 0 0 0 0 1
1685094188.582978010 -0.18544249659580786 0.04017978160888935 0 0 0 0 1
1685094188.616311312 -0.16403159853853197 0.057093458303362224 0 0 0 0 1
1685094188.649644613 -0.1434278101068801 0.07498152463843442 0 0 0 0 1
1685094188.682977915 -0.12367543465539294 0.0938055167487096 0 0 0 0 1
1685094188.716311216 -0.10481694478543457 0.11352495829173748 0 0 0 0 1
1685094188.749644518 -0.09773772135005505 0.13531335996498825 0 0 0 0 1
1685094188.782978058 -0.12063636118103244 0.13602198244143088 0 0 0 0 1
1685094188.816311359 -0.1149179235086796 0.11383754369463452 0 0 0 0 1
1685094188.849644661 -0.0952152214249504 0.12552742746320797 0 0 0 0 1
1685094188.882977962 -0.11194516484766098 0.14117858860210902 0 0 0 0 1
1685094188.916311264 -0.1222977855354749 0.12074153654421205 0 0 0 0 1
1685094188.949644566 -0.09978193814128433 0.11651229689098057 0 0 0 0 1
1685094188.982977867 -0.09196759605067696 0.1482619293400006 0 0 0 0 1
1685094189.016311169 -0.08341063502349343 0.17981951988389613 0 0 0 0 1
1685094189.049644709 -0.0751210408973501 0.21093861929292582 0 0 0 0 1
1685094189.082978010 -0.06684900286463495 0.24206239004119112 0 0 0 0 1
1685094189.116311312 -0.05859452355773069 0.27319082222427976 0 0 0 0 1
1685094189.149644613 -0.050902114092349515 0.30420001219371373 0 0 0 0 1
1685094189.182977915 -0.04285250804118317 0.3354490040078189 0 0 0 0 1
1685094189.216311216 -0.03484001552612655 0.36670753261479505 0 0 0 0 1
1685094189.249644518 -0.026306006877357523 0.39823289109887056 0 0 0 0 1
1685094189.282978058 -0.017711206014896588 0.4297417300064117 0 0 0 0 1
1685094189.316311359 -0.0497774878711808 0.4332549144335802 0 0 0 0 1
1685094189.349644661 -0.06636398106831025 0.42867179513176856 0 0 0 0 1
1685094189.382977962 -0.08108573505153624 0.4375817164990101 0 0 0 0 1
1685094189.416311264 -0.1036980994583276 0.45999286421962626 0 0 0 0 1
1685094189.449644566 -0.12624090414556857 0.48247397902858774 0 0 0 0 1
1685094189.482977867 -0.14871393262240523 0.5050248450274821 0 0 0 0 1
1685094189.516311169 -0.17111696906808255 0.5276452456480383 0 0 0 0 1
1685094189.549644709 -0.19344979833401724 0.550334963654206 0 0 0 0 1
1685094189.582978010 -0.21571220594586382 0.5730937811442426 0 0 0 0 1
1685094189.616311312 -0.23790397810557443 0.5959214795528053 0 0 0 0 1
1685094189.649644613 -0.26002490169345194 0.6188178396530502 0 0 0 0 1
1685094189.682977915 -0.2820747642701968 0.6417826415587377 0 0 0 0 1
1685094189.716311216 -0.3032004882460731 0.6606118626050866 0 0 0 0 1
1685094189.749644518 -0.3281431544977279 0.6739797038285509 0 0 0 0 1
1685094189.782978058 -0.3555200231374445 0.6811450958067257 0 0 0 0 1
1685094189.816311359 -0.38757566838660923 0.6843810169983274 0 0 0 0 1
1685094189.849644661 -0.41966739340933357 0.6872370217890099 0 0 0 0 1
1685094189.882977962 -0.4517906956800174 0.6897127094762658 0 0 0 0 1
1685094189.916311264 -0.4839410682427171 0.6918077327167478 0 0 0 0 1
1685094189.949644566 -0.5161140003434792 0.6935217975750015 0 0 0 0 1
1685094189.982977867 -0.5483009583272733 0.6947321533136039 0 0 0 0 1
1685094190.016311169 -0.5804810530911703 0.6961129959009772 0 0 0 0 1
1685094190.049644709 -0.5874463005140478 0.7092658602707106 0 0 0 0 1
1685094190.082978010 -0.5774410219700375 0.7202843408396128 0 0 0 0 1
1685094190.116311312 -0.5636793139548015 0.714616192526989 0 0 0 0 1
1685094190.149644613 -0.5401248025560943 0.6998034391320227 0 0 0 0 1
1685094190.182977915 -0.5257696861657644 0.6826989359732057 0 0 0 0 1
1685094190.216311216 -0.5087761145904215 0.6626958461344824 0 0 0 0 1
1685094190.249644518 -0.5041585582256927 0.656615351178086 0 0 0 0 1
