1685094140.734650135 0.0 0.0 0 0 0 0 1
1685094140.767983437 0.00116533875312175 -0.010111669344796107 0 0 0 0 1
1685094140.801316738 0.0009599913444883931 -0.022948290881560585 0 0 0 0 1
1685094140.834650040 0.005808721401487484 -0.03658933611154208 0 0 0 0 1
1685094140.867983341 0.010781863547767084 -0.052503903634285504 0 0 0 0 1
1685094140.901316643 0.013597505575200133 -0.06598783336829321 0 0 0 0 1
1685094140.934649944 0.016644406004925776 -0.07753891906619999 0 0 0 0 1
1685094140.967983246 0.01761737600879221 -0.09035271437409279 0 0 0 0 1
1685094141.001316786 0.022055241270380853 -0.09747924724903431 0 0 0 0 1
1685094141.034650087 0.022861636452289048 -0.09005204143058483 0 0 0 0 1
1685094141.067983389 0.020683024794573235 -0.10483310525669488 0 0 0 0 1
1685094141.101316690 0.020221227595448518 -0.11618540357495095 0 0 0 0 1
1685094141.134649992 0.02002377199734673 -0.12256800625881245 0 0 0 0 1
1685094141.167983294 0.01690992972479379 -0.1363808411604513 0 0 0 0 1
1685094141.201316595 0.012926754813266592 -0.15580341285837632 0 0 0 0 1
1685094141.234650135 0.026108074789242985 -0.16900642058859716 0 0 0 0 1
1685094141.267983437 0.035436558828263666 -0.1671734859669759 0 0 0 0 1
1685094141.301316738 0.04586194621694153 -0.17238526345020005 0 0 0 0 1
1685094141.334650040 0.0641340528617099 -0.1743896252834899 0 0 0 0 1
1685094141.367983341 0.07597247034405859 -0.18770528671856143 0 0 0 0 1
1685094141.401316643 0.08794108832687314 -0.20275851172726786 0 0 0 0 1
1685094141.434649944 0.09903636859208872 -0.2211243060127873 0 0 0 0 1
1685094141.467983246 0.10796304484269613 -0.23128372335958236 0 0 0 0 1
1685094141.501316786 0.11695901375918025 -0.2491547772484016 0 0 0 0 1
1685094141.534650087 0.13365885726828008 -0.2610266304163309 0 0 0 0 1
1685094141.567983389 0.14974485233657467 -0.2719311276015356 0 0 0 0 1
1685094141.601316690 0.1674033433157232 -0.28479743609933744 0 0 0 0 1
1685094141.634649992 0.17728935443109642 -0.2997621982724518 0 0 0 0 1
1685094141.667983294 0.18176099629271703 -0.30903671516876774 0 0 0 0 1
1685094141.701316595 0.1807485286038711 -0.3220244060678977 0 0 0 0 1
1685094141.734650135 0.15908085106594316 -0.3312128093144933 0 0 0 0 1
1685094141.767983437 0.14599330995065954 -0.341971999312894 0 0 0 0 1
1685094141.801316738 0.12839575763011907 -0.3519505725768104 0 0 0 0 1
1685094141.834650040 0.11553029656306714 -0.362711709807974 0 0 0 0 1
1685094141.867983341 0.10539329611763512 -0.3727649759525514 0 0 0 0 1
