1685094132.868306875 6.7709449715599685e-18 3.634365657108262e-17 0 0 0 0 1
1685094132.901640177 0.00038751929255792983 -0.012577155754285314 0 0 0 0 1
1685094132.934973478 0.001098749384363487 -0.025420548370473313 0 0 0 0 1
1685094132.968306780 0.0017264924754282639 -0.03906843805090233 0 0 0 0 1
1685094133.001640081 0.00196639617858104 -0.05338241186737234 0 0 0 0 1
1685094133.034973383 0.0020021670444792454 -0.06837158282156766 0 0 0 0 1
1685094133.068306923 0.001990849129817956 -0.08362368046960061 0 0 0 0 1
1685094133.101640224 0.0017813575627073442 -0.09911624699049688 0 0 0 0 1
1685094133.134973526 0.0013710917972086644 -0.11520532829723765 0 0 0 0 1
1685094133.168306828 0.0010551052403462522 -0.1317322124962727 0 0 0 0 1
1685094133.201640129 0.0006757484520888249 -0.1485422405778124 0 0 0 0 1
1685094133.234973431 0.0003169157300961041 -0.16558331799797982 0 0 0 0 1
1685094133.268306732 -5.179693432350336e-05 -0.1831518621049915 0 0 0 0 1
1685094133.301640034 -0.0001579428715825423 -0.20108130689709908 0 0 0 0 1
1685094133.334973574 -0.0005441055907192967 -0.21942644717869111 0 0 0 0 1
1685094133.368306875 -0.000937105566751417 -0.23837188033881437 0 0 0 0 1
1685094133.401640177 -0.0013265491156510053 -0.2582830935350999 0 0 0 0 1
1685094133.434973478 -0.0019048548657733058 -0.2789390832780284 0 0 0 0 1
1685094133.468306780 -0.005130174824392052 -0.29596371106098746 0 0 0 0 1
1685094133.501640081 -0.0094980864856383 -0.30733787974627036 0 0 0 0 1
1685094133.534973383 -0.024811776003240926 -0.321800364483003 0 0 0 0 1
1685094133.568306923 -0.04007677010127676 -0.33673947949707134 0 0 0 0 1
1685094133.601640224 -0.0555993969752007 -0.35210372318829813 0 0 0 0 1
1685094133.634973526 -0.07167710771849198 -0.3677329231929451 0 0 0 0 1
1685094133.668306828 -0.08805259988297033 -0.3833377390653237 0 0 0 0 1
1685094133.701640129 -0.10501043709985275 -0.3990156408637135 0 0 0 0 1
1685094133.734973431 -0.12259218809058026 -0.4148008024889264 0 0 0 0 1
1685094133.768306732 -0.14055002745719342 -0.43035901227594014 0 0 0 0 1
1685094133.801640034 -0.15875543360134045 -0.44568577756825645 0 0 0 0 1
1685094133.834973574 -0.17657428995548843 -0.46083398272569154 0 0 0 0 1
1685094133.868306875 -0.19436472530420465 -0.47614706366358234 0 0 0 0 1
1685094133.901640177 -0.21183420277816623 -0.49113951107853165 0 0 0 0 1
1685094133.934973478 -0.22932009381038693 -0.5061128119007477 0 0 0 0 1
1685094133.968306780 -0.24724587655132446 -0.5215894969599234 0 0 0 0 1
1685094134.001640081 -0.2651760743902989 -0.5375687805882201 0 0 0 0 1
1685094134.034973383 -0.28290551906956224 -0.5539130779820588 0 0 0 0 1
1685094134.068306923 -0.3008939607777917 -0.5705353065730536 0 0 0 0 1
1685094134.101640224 -0.3191495019707718 -0.5880294381833949 0 0 0 0 1
1685094134.134973526 -0.33769249447301386 -0.6058635939298311 0 0 0 0 1
1685094134.168306828 -0.3564398531268352 -0.6235252845637989 0 0 0 0 1
1685094134.201640129 -0.37548010367574924 -0.6409780148591226 0 0 0 0 1
1685094134.234973431 -0.3944612755732049 -0.6584949794684942 0 0 0 0 1
1685094134.268306732 -0.4138559517352375 -0.6759009700386354 0 0 0 0 1
1685094134.301640034 -0.43326279792478356 -0.6931376792633731 0 0 0 0 1
1685094134.334973574 -0.4524820455139841 -0.7105158475719295 0 0 0 0 1
1685094134.368306875 -0.47214288357732226 -0.7273928040008208 0 0 0 0 1
1685094134.401640177 -0.4920758422470323 -0.7436519583047076 0 0 0 0 1
1685094134.434973478 -0.5120512568915758 -0.7598589243929221 0 0 0 0 1
1685094134.468306780 -0.5319890595789811 -0.7766065685386649 0 0 0 0 1
1685094134.501640081 -0.5518895373721633 -0.7933985471009847 0 0 0 0 1
1685094134.534973383 -0.5717525916877243 -0.8102347768954314 0 0 0 0 1
1685094134.568306923 -0.5918511693270454 -0.8273179316519046 0 0 0 0 1
1685094134.601640224 -0.6101014114540316 -0.8443373904305806 0 0 0 0 1
1685094134.634973526 -0.6221261610639051 -0.8567394972941204 0 0 0 0 1
1685094134.668306828 -0.6391968493072415 -0.8593849576951893 0 0 0 0 1
1685094134.701640129 -0.6589366519136646 -0.8421820310816379 0 0 0 0 1
1685094134.734973431 -0.6784805826813257 -0.82523814968961 0 0 0 0 1
1685094134.768306732 -0.6981485241132945 -0.8086387548673047 0 0 0 0 1
1685094134.801640034 -0.7179299387249103 -0.7921224183677102 0 0 0 0 1
1685094134.834973574 -0.7372302294435005 -0.7758099370771224 0 0 0 0 1
1685094134.868306875 -0.7563309181165848 -0.7592641835466302 0 0 0 0 1
1685094134.901640177 -0.7757903420655916 -0.7422807822554711 0 0 0 0 1
1685094134.934973478 -0.7953513595185379 -0.7254144935098917 0 0 0 0 1
1685094134.968306780 -0.8150132656687523 -0.7086659250222902 0 0 0 0 1
1685094135.001640081 -0.8351306580379952 -0.6909338558968597 0 0 0 0 1
1685094135.034973383 -0.8551930863167855 -0.6731396230455813 0 0 0 0 1
1685094135.068306923 -0.8752003584169905 -0.6552833968397035 0 0 0 0 1
1685094135.101640224 -0.895152282778572 -0.6373653482440318 0 0 0 0 1
1685094135.134973526 -0.9150486683714193 -0.6193856488152911 0 0 0 0 1
1685094135.168306828 -0.9348893246971791 -0.6013444707004838 0 0 0 0 1
1685094135.201640129 -0.9546740617910792 -0.5832419866352408 0 0 0 0 1
1685094135.234973431 -0.9744026902237469 -0.5650783699421686 0 0 0 0 1
1685094135.268306732 -0.9940750211030234 -0.546853794529189 0 0 0 0 1
1685094135.301640034 -1.013923619971512 -0.529279996377835 0 0 0 0 1
1685094135.334973574 -1.033926877060356 -0.5115537116391808 0 0 0 0 1
1685094135.368306875 -1.0539536294642415 -0.49384660287825155 0 0 0 0 1
1685094135.401640177 -1.07408239884114 -0.4762555495871735 0 0 0 0 1
1685094135.434973478 -1.0947964499013074 -0.45875567045411847 0 0 0 0 1
1685094135.468306780 -1.1156012380727816 -0.44124237946474104 0 0 0 0 1
1685094135.501640081 -1.136199606001511 -0.4238986866559738 0 0 0 0 1
1685094135.534973383 -1.1566244046527596 -0.4065573476888264 0 0 0 0 1
1685094135.568306923 -1.1770580621500604 -0.3892264481622419 0 0 0 0 1
1685094135.601640224 -1.188209855047494 -0.38014754923114147 0 0 0 0 1
1685094135.634973526 -1.2093496648199256 -0.36478887802082116 0 0 0 0 1
1685094135.668306828 -1.2305045367443896 -0.3494509598954418 0 0 0 0 1
1685094135.701640129 -1.2444696053896298 -0.3416662517963723 0 0 0 0 1
1685094135.734973431 -1.259618723013165 -0.3365545928012635 0 0 0 0 1
1685094135.768306732 -1.2841279322108663 -0.32967471304337836 0 0 0 0 1
1685094135.801640034 -1.3085147244025612 -0.32295958199285724 0 0 0 0 1
1685094135.834973574 -1.2782177435827569 -0.28986285946782986 0 0 0 0 1
1685094135.868306875 -1.2536581036109797 -0.28906999834308617 0 0 0 0 1
1685094135.901640177 -1.2290959174285805 -0.2883603827798417 0 0 0 0 1
1685094135.934973478 -1.2051776998189678 -0.2877957202604321 0 0 0 0 1
1685094135.968306780 -1.1819484139510132 -0.28715213397930206 0 0 0 0 1
1685094136.001640081 -1.159640727855673 -0.2864330096290649 0 0 0 0 1
1685094136.034973383 -1.1381590618962183 -0.2855587097966403 0 0 0 0 1
