1685093624.432018042 2.668204647210636e-20 -8.618270629141693e-21 0 0 0 0 1
1685093624.465351343 1.3607977111006608e-18 -4.39536111221541e-19 0 0 0 0 1
1685093624.498684645 0.0003816342115424878 -0.023483144943228278 0 0 0 0 1
1685093624.532017946 0.0008119948308207986 -0.04696544744603797 0 0 0 0 1
1685093624.565351486 -0.003324498015467797 -0.06647188612641713 0 0 0 0 1
1685093624.598684788 -0.010445293243934582 -0.08822165699411966 0 0 0 0 1
1685093624.632018089 -0.01769205452052812 -0.1109272500880746 0 0 0 0 1
1685093624.665351391 -0.02535189604254738 -0.1342638419797447 0 0 0 0 1
1685093624.698684692 -0.03213501041254261 -0.15389634691229623 0 0 0 0 1
1685093624.732017994 -0.04671589873687487 -0.178391443668174 0 0 0 0 1
1685093624.765351295 -0.06212667986624421 -0.2023731011252627 0 0 0 0 1
1685093624.798684835 -0.0908197177482036 -0.2273110319651501 0 0 0 0 1
1685093624.832018137 -0.06326583064406248 -0.2191494696605941 0 0 0 0 1
1685093624.865351439 -0.022842795643294517 -0.22247967090956625 0 0 0 0 1
1685093624.898684740 -0.0015934960107381962 -0.25702788742153415 0 0 0 0 1
1685093624.932018042 0.004536833500343745 -0.288088165132104 0 0 0 0 1
1685093624.965351343 -0.004867869746940191 -0.31831850334064365 0 0 0 0 1
1685093624.998684645 -0.027536695226353335 -0.3404193210349299 0 0 0 0 1
1685093625.032017946 -0.06993607227034924 -0.3261695335186264 0 0 0 0 1
1685093625.065351486 -0.09777153745902532 -0.3165248386758635 0 0 0 0 1
1685093625.098684788 -0.129664731597513 -0.3032223080857172 0 0 0 0 1
1685093625.132018089 -0.16142122652451854 -0.2895966637923962 0 0 0 0 1
1685093625.165351391 -0.18950785582575735 -0.2800864648255127 0 0 0 0 1
1685093625.198684692 -0.21768470927940262 -0.2708470081668818 0 0 0 0 1
1685093625.232017994 -0.24640358910471313 -0.26238492895618665 0 0 0 0 1
1685093625.265351295 -0.2759967640832696 -0.2542487519705157 0 0 0 0 1
1685093625.298684835 -0.25530924149756223 -0.25668981375796823 0 0 0 0 1
1685093625.332018137 -0.25647962498806826 -0.22522858660978126 0 0 0 0 1
1685093625.365351439 -0.2575401469441345 -0.1937865712283381 0 0 0 0 1
1685093625.398684740 -0.25853954841416393 -0.16234255375652148 0 0 0 0 1
1685093625.432018042 -0.2594778256218713 -0.13089665300701672 0 0 0 0 1
1685093625.465351343 -0.2593782185194226 -0.10004287935640568 0 0 0 0 1
