1685094171.187791348 -1.518297484988876e-18 -1.9462234353009733e-18 0 0 0 0 1
1685094171.221124649 -0.003403305994467434 -0.01267377763498415 0 0 0 0 1
1685094171.254458189 -0.00834817602432969 -0.018198390150570887 0 0 0 0 1
1685094171.287791491 -0.01166922519989832 -0.027387022518199366 0 0 0 0 1
1685094171.321124792 -0.016598358680820872 -0.0388245001922622 0 0 0 0 1
1685094171.354458094 -0.021407278953678995 -0.04842348814175494 0 0 0 0 1
1685094171.387791395 -0.027196796465869852 -0.059734932655553366 0 0 0 0 1
1685094171.421124697 -0.03683334783052754 -0.07223099319914857 0 0 0 0 1
1685094171.454457998 -0.045479137491173556 -0.08457788156656165 0 0 0 0 1
1685094171.487791538 -0.053871768236170826 -0.0917720948260018 0 0 0 0 1
1685094171.521124840 -0.059784217554572076 -0.10133093605194401 0 0 0 0 1
1685094171.554458141 -0.0606301082521052 -0.11083475162661686 0 0 0 0 1
1685094171.587791443 -0.07092153786504829 -0.12093029758071698 0 0 0 0 1
1685094171.621124744 -0.07585732223593361 -0.11956701371489077 0 0 0 0 1
1685094171.654458046 -0.08198006134265108 -0.11812101938534941 0 0 0 0 1
1685094171.687791348 -0.09878970126154926 -0.12265050869539817 0 0 0 0 1
1685094171.721124649 -0.114656081701691 -0.12683018159465267 0 0 0 0 1
1685094171.754458189 -0.12220888772689185 -0.12926815706937733 0 0 0 0 1
1685094171.787791491 -0.13456154077074609 -0.1313254001441437 0 0 0 0 1
1685094171.821124792 -0.1476668786822238 -0.14019927037568772 0 0 0 0 1
1685094171.854458094 -0.15646046571350958 -0.1441451996568562 0 0 0 0 1
1685094171.887791395 -0.17314851073645687 -0.14480119505374647 0 0 0 0 1
1685094171.921124697 -0.19288526272538323 -0.14624218221976712 0 0 0 0 1
1685094171.954457998 -0.20807457714903668 -0.16310917315424753 0 0 0 0 1
1685094171.987791538 -0.20817330868708678 -0.17407365999899738 0 0 0 0 1
1685094172.021124840 -0.19913613204634917 -0.19247753141914378 0 0 0 0 1
1685094172.054458141 -0.19481232512879415 -0.20471367961762307 0 0 0 0 1
1685094172.087791443 -0.1902249592626496 -0.217037626097399 0 0 0 0 1
1685094172.121124744 -0.18382600407563676 -0.23592926692468744 0 0 0 0 1
1685094172.154458046 -0.17917665753533313 -0.2434536572073263 0 0 0 0 1
1685094172.187791348 -0.17588193002031743 -0.255039536748002 0 0 0 0 1
1685094172.221124649 -0.1747881614533622 -0.2701400415630191 0 0 0 0 1
1685094172.254458189 -0.1767953928988075 -0.266115719562964 0 0 0 0 1
