1685094168.590418339 9.86342330019916e-18 4.164614319221863e-19 0 0 0 0 1
1685094168.623751640 0.0009651039307158789 -0.006053851907865723 0 0 0 0 1
1685094168.657084942 0.001913856410198091 -0.011836145580388696 0 0 0 0 1
1685094168.690418243 0.0024884346666021605 -0.01970235818395421 0 0 0 0 1
1685094168.723751783 0.002096539912853858 -0.029839813589383955 0 0 0 0 1
1685094168.757085085 0.004727609779630984 -0.04191011023093667 0 0 0 0 1
1685094168.790418386 0.006550999730612398 -0.0508980893678187 0 0 0 0 1
1685094168.823751688 0.00903566889033018 -0.06345923718683408 0 0 0 0 1
1685094168.857084990 0.008992426062260495 -0.07163379513794528 0 0 0 0 1
1685094168.890418291 0.012670311256344394 -0.08086510340483365 0 0 0 0 1
1685094168.923751593 0.016270803660781066 -0.09524171705733818 0 0 0 0 1
1685094168.957085133 0.014953875269933187 -0.1070120137415359 0 0 0 0 1
1685094168.990418434 0.019528886961735725 -0.12364419439657084 0 0 0 0 1
1685094169.023751736 0.021506552275068737 -0.13210456101755624 0 0 0 0 1
1685094169.057085037 0.03121841219889258 -0.14794864208007819 0 0 0 0 1
1685094169.090418339 0.034760455372004485 -0.15709847889379225 0 0 0 0 1
1685094169.123751640 0.039013929937350776 -0.1690279279658491 0 0 0 0 1
1685094169.157084942 0.044897390378457115 -0.18782761175567989 0 0 0 0 1
1685094169.190418243 0.05030339843184297 -0.2006031840437912 0 0 0 0 1
1685094169.223751783 0.062134925969825394 -0.21437991135047912 0 0 0 0 1
1685094169.257085085 0.06536581966460828 -0.23076856217579855 0 0 0 0 1
1685094169.290418386 0.07004856148257613 -0.24201591904362463 0 0 0 0 1
1685094169.323751688 0.08229854207064562 -0.2586136786818644 0 0 0 0 1
1685094169.357084990 0.09172531547877245 -0.272592128177642 0 0 0 0 1
1685094169.390418291 0.09456110669178124 -0.2812339924161234 0 0 0 0 1
1685094169.423751593 0.0962341729466475 -0.2913623195497018 0 0 0 0 1
1685094169.457085133 0.10635222807064967 -0.29872718163351214 0 0 0 0 1
1685094169.490418434 0.11620838251908795 -0.2951620471645617 0 0 0 0 1
1685094169.523751736 0.13095008716041195 -0.2930194332319634 0 0 0 0 1
1685094169.557085037 0.14071123096661559 -0.2940896389641559 0 0 0 0 1
1685094169.590418339 0.1455520373052743 -0.30228395971181726 0 0 0 0 1
1685094169.623751640 0.1534574788273789 -0.3057682301880432 0 0 0 0 1
1685094169.657084942 0.17006302310577123 -0.3153785837832932 0 0 0 0 1
1685094169.690418243 0.1859890320511248 -0.3274161316853108 0 0 0 0 1
1685094169.723751783 0.20304291524910492 -0.33429334091054 0 0 0 0 1
1685094169.757085085 0.21546034808596742 -0.34377937406259046 0 0 0 0 1
1685094169.790418386 0.22660949817456627 -0.3523168468780802 0 0 0 0 1
1685094169.823751688 0.24646326624262258 -0.35814770901765536 0 0 0 0 1
