1685094126.813624382 6.671649721939996e-20 -2.7846475779322334e-18 0 0 0 0 1
1685094126.846957684 0.0020019293643151327 -0.0108526892921165 0 0 0 0 1
1685094126.880291224 0.0037874310830740537 -0.022351434805974665 0 0 0 0 1
1685094126.913624525 0.003843544546583675 -0.033227774198715324 0 0 0 0 1
1685094126.946957827 0.0035508578316902012 -0.04826960909900026 0 0 0 0 1
1685094126.980291128 0.007601494173053906 -0.057638571343783224 0 0 0 0 1
1685094127.013624430 0.009920370020527923 -0.06104082967674815 0 0 0 0 1
1685094127.046957731 0.005975957915676226 -0.0746680899494531 0 0 0 0 1
1685094127.080291033 0.0022347785817838422 -0.08288613982882256 0 0 0 0 1
1685094127.113624573 -0.004677459408309181 -0.09339438914542064 0 0 0 0 1
1685094127.146957874 -0.01189622154011541 -0.10847376483083164 0 0 0 0 1
1685094127.180291176 -0.018401255263626515 -0.12189285947497804 0 0 0 0 1
1685094127.213624477 -0.020364045527940508 -0.13684151284976245 0 0 0 0 1
1685094127.246957779 -0.027842024607249775 -0.15509708087633453 0 0 0 0 1
1685094127.280291080 -0.034227864179431 -0.1694221630380695 0 0 0 0 1
1685094127.313624382 -0.039936594109627355 -0.18504940287177338 0 0 0 0 1
1685094127.346957684 -0.04432964429567415 -0.1908470231177514 0 0 0 0 1
1685094127.380291224 -0.05391984494731605 -0.20631252076929396 0 0 0 0 1
1685094127.413624525 -0.06254148548822512 -0.2225373420865909 0 0 0 0 1
1685094127.446957827 -0.06699171932289948 -0.2323452802650694 0 0 0 0 1
1685094127.480291128 -0.07316972030569296 -0.24695810963909268 0 0 0 0 1
1685094127.513624430 -0.07355455374641662 -0.25056389120800904 0 0 0 0 1
1685094127.546957731 -0.08606067394483663 -0.25538427868553737 0 0 0 0 1
1685094127.580291033 -0.10535973226559418 -0.2585815197602417 0 0 0 0 1
1685094127.613624573 -0.11629446828726334 -0.26114470684747276 0 0 0 0 1
1685094127.646957874 -0.1231561765718458 -0.2584643670076903 0 0 0 0 1
1685094127.680291176 -0.13311656044261377 -0.25192336070598975 0 0 0 0 1
1685094127.713624477 -0.14624969741491434 -0.24597302407295657 0 0 0 0 1
1685094127.746957779 -0.16163284192152197 -0.23410237779622972 0 0 0 0 1
1685094127.780291080 -0.17130302130008251 -0.22644990359188083 0 0 0 0 1
1685094127.813624382 -0.1809033641845459 -0.21635673176704961 0 0 0 0 1
1685094127.846957684 -0.1923194224216001 -0.20560426471983645 0 0 0 0 1
1685094127.880291224 -0.20884117896107504 -0.20265503897371012 0 0 0 0 1
1685094127.913624525 -0.21719739541800687 -0.19746700469462428 0 0 0 0 1
1685094127.946957827 -0.2299067432255102 -0.18243421278884403 0 0 0 0 1
