1685094357.575474262 -8.022851406916657e-19 1.1537499931787827e-17 0 0 0 0 1
1685094357.608807564 0.0003111294770498286 -0.012712362904059658 0 0 0 0 1
1685094357.642140865 0.0007065146311357996 -0.026560859212034115 0 0 0 0 1
1685094357.675474167 0.0009562376329964688 -0.04065245219881115 0 0 0 0 1
1685094357.708807707 0.0014092093208498077 -0.055138794752241566 0 0 0 0 1
1685094357.742141008 0.0019439493623991642 -0.06997868490365275 0 0 0 0 1
1685094357.775474310 0.0024846698254518346 -0.0854883409745348 0 0 0 0 1
1685094357.808807611 0.0031973912012938 -0.10105209031920263 0 0 0 0 1
1685094357.842140913 0.004760329588401235 -0.1200553412562951 0 0 0 0 1
1685094357.875474215 0.00663203571950469 -0.1364779109126395 0 0 0 0 1
1685094357.908807516 0.009054472596738573 -0.1554597000918888 0 0 0 0 1
1685094357.942140818 0.010506116729632515 -0.17336519308154158 0 0 0 0 1
1685094357.975474358 0.014611798239371074 -0.18922457738500856 0 0 0 0 1
1685094358.008807659 0.015824467156295947 -0.20869334919703442 0 0 0 0 1
1685094358.042140961 0.01703369016110453 -0.22877385135250392 0 0 0 0 1
1685094358.075474262 0.017989740564068216 -0.2499679768533633 0 0 0 0 1
1685094358.108807564 0.01940633492022102 -0.27123615343547075 0 0 0 0 1
1685094358.142140865 0.020608841401653897 -0.28552189412267615 0 0 0 0 1
1685094358.175474167 0.024408648254281642 -0.30734838629246225 0 0 0 0 1
1685094358.208807707 0.028165487347353458 -0.32928901301489794 0 0 0 0 1
1685094358.242141008 0.02720120208637819 -0.35095381264839126 0 0 0 0 1
1685094358.275474310 0.03522319509653354 -0.3756163205752954 0 0 0 0 1
1685094358.308807611 0.04281298783626335 -0.3973896907678068 0 0 0 0 1
1685094358.342140913 0.05041769918552064 -0.4191578548765844 0 0 0 0 1
1685094358.375474215 0.058545081493253354 -0.44166408268573754 0 0 0 0 1
1685094358.408807516 0.0667978637398737 -0.4641246307325554 0 0 0 0 1
1685094358.442140818 0.07517578920038868 -0.48653880032126867 0 0 0 0 1
1685094358.475474358 0.08430838585205537 -0.5107691725339103 0 0 0 0 1
1685094358.508807659 0.09343214648106009 -0.5353478790162715 0 0 0 0 1
1685094358.542140961 0.10258846542507767 -0.5599144751125332 0 0 0 0 1
1685094358.575474262 0.10008049993594381 -0.5750807703504166 0 0 0 0 1
1685094358.608807564 0.09326183299307314 -0.5888580045888089 0 0 0 0 1
1685094358.642140865 0.08695071755048903 -0.615120094423988 0 0 0 0 1
1685094358.675474167 0.08081938084453062 -0.6415800786952843 0 0 0 0 1
1685094358.708807707 0.07490747130735283 -0.6678357419220616 0 0 0 0 1
1685094358.742141008 0.0689985307573324 -0.6943105716961093 0 0 0 0 1
1685094358.775474310 0.06308488798941912 -0.7211837595423206 0 0 0 0 1
1685094358.808807611 0.05700692908005004 -0.7482611009867847 0 0 0 0 1
1685094358.842140913 0.0506395119970294 -0.775659432544919 0 0 0 0 1
1685094358.875474215 0.044225989290637605 -0.8030470081764569 0 0 0 0 1
1685094358.908807516 0.037808851608507825 -0.831397975794484 0 0 0 0 1
1685094358.942140818 0.03109139401559398 -0.859919530982869 0 0 0 0 1
1685094358.975474358 0.02270496486215366 -0.8833492661466166 0 0 0 0 1
1685094359.008807659 0.009538313312244112 -0.909786898192471 0 0 0 0 1
1685094359.042140961 -0.003858257375915978 -0.9365101677876487 0 0 0 0 1
1685094359.075474262 -0.017362349711116096 -0.9630378820154188 0 0 0 0 1
1685094359.108807564 -0.030887730273207844 -0.9894343268715896 0 0 0 0 1
1685094359.142140865 -0.04461066250540722 -1.016242349211985 0 0 0 0 1
1685094359.175474167 -0.05832518734424538 -1.0430546736039057 0 0 0 0 1
1685094359.208807707 -0.07203130344105677 -1.069871297410668 0 0 0 0 1
1685094359.242141008 -0.08572900944800273 -1.0966922179951661 0 0 0 0 1
1685094359.275474310 -0.09894575735267082 -1.1239328898023981 0 0 0 0 1
1685094359.308807611 -0.11203148254134271 -1.151236743412675 0 0 0 0 1
1685094359.342140913 -0.12498588298675913 -1.1786031486348567 0 0 0 0 1
1685094359.375474215 -0.1378086596927236 -1.2060314738340707 0 0 0 0 1
1685094359.408807516 -0.15052785446603884 -1.2331188821585137 0 0 0 0 1
1685094359.442140818 -0.13878301720364877 -1.244093165644398 0 0 0 0 1
1685094359.475474358 -0.12921625517694463 -1.2570103311489889 0 0 0 0 1
1685094359.508807659 -0.12214298979668563 -1.271444492614381 0 0 0 0 1
1685094359.542140961 -0.11779643051646639 -1.2869197477906977 0 0 0 0 1
1685094359.575474262 -0.14602658042710082 -1.2984162480574035 0 0 0 0 1
1685094359.608807564 -0.1744668462646465 -1.3101590798030307 0 0 0 0 1
1685094359.642140865 -0.2029408430544857 -1.3218198827397334 0 0 0 0 1
1685094359.675474167 -0.23144833420568098 -1.3333985599776956 0 0 0 0 1
1685094359.708807707 -0.2597728525447266 -1.3449171054399616 0 0 0 0 1
1685094359.742141008 -0.2879815323100007 -1.35643597218032 0 0 0 0 1
1685094359.775474310 -0.3159997676623732 -1.368002370955605 0 0 0 0 1
1685094359.808807611 -0.3439473648678159 -1.379738422392617 0 0 0 0 1
1685094359.842140913 -0.34643822787439904 -1.3720934085569003 0 0 0 0 1
1685094359.875474215 -0.3248854597894317 -1.391438479784236 0 0 0 0 1
1685094359.908807516 -0.3033667368851993 -1.4108214144816944 0 0 0 0 1
1685094359.942140818 -0.28201364415003827 -1.429931021597674 0 0 0 0 1
1685094359.975474358 -0.3021697673499437 -1.40736971639716 0 0 0 0 1
1685094360.008807659 -0.3131274046136568 -1.4355692195913192 0 0 0 0 1
1685094360.042140961 -0.2830261482000085 -1.432536702959822 0 0 0 0 1
1685094360.075474262 -0.29938836080266357 -1.4070895067774127 0 0 0 0 1
1685094360.108807564 -0.28748421560442516 -1.3805349894685337 0 0 0 0 1
1685094360.142140865 -0.27557886781530205 -1.3539810113027613 0 0 0 0 1
1685094360.175474167 -0.2636723174597124 -1.3274275723345579 0 0 0 0 1
1685094360.208807707 -0.2601642479956455 -1.2901215901910936 0 0 0 0 1
1685094360.242141008 -0.2478338266360048 -1.2656693978858926 0 0 0 0 1
1685094360.275474310 -0.23549636900082285 -1.2415012872761046 0 0 0 0 1
1685094360.308807611 -0.22288517000297903 -1.2170011073777751 0 0 0 0 1
1685094360.342140913 -0.21037175939551975 -1.1926000057383335 0 0 0 0 1
1685094360.375474215 -0.19838531011192578 -1.1686563192399764 0 0 0 0 1
1685094360.408807516 -0.19323709154722438 -1.150949164108902 0 0 0 0 1
1685094360.442140818 -0.19091758711544632 -1.1249855229803372 0 0 0 0 1
1685094360.475474358 -0.18857756753875007 -1.0990237227761404 0 0 0 0 1
1685094360.508807659 -0.18626930225737828 -1.0743210741270828 0 0 0 0 1
