1685094124.154610634 1.796822297432107e-20 -7.197833977850262e-20 0 0 0 0 1
1685094124.187943935 -0.0002513439209255769 -0.00793239945426987 0 0 0 0 1
1685094124.221277237 -0.00018993975115532213 -0.01884927837057404 0 0 0 0 1
1685094124.254610538 -0.002064062165725244 -0.026123331576163835 0 0 0 0 1
1685094124.287943840 -0.002775540136077796 -0.0368396587021857 0 0 0 0 1
1685094124.321277142 -0.006056032259100345 -0.049202002147154894 0 0 0 0 1
1685094124.354610682 -0.007157616218050802 -0.05865764403856164 0 0 0 0 1
1685094124.387943983 -0.00987723256605536 -0.07039172645394406 0 0 0 0 1
1685094124.421277285 -0.014425539405700849 -0.07851561687058681 0 0 0 0 1
1685094124.454610586 -0.010981640270331973 -0.08671158743753986 0 0 0 0 1
1685094124.487943888 -0.00977509974527396 -0.09702733963309942 0 0 0 0 1
1685094124.521277189 -0.0036503604055646887 -0.10980277947660257 0 0 0 0 1
1685094124.554610491 0.00027965584342987295 -0.12229418358629854 0 0 0 0 1
1685094124.587944031 0.0031783053138954593 -0.1336389642866613 0 0 0 0 1
1685094124.621277332 0.005841813217885175 -0.14789861919242897 0 0 0 0 1
1685094124.654610634 0.012677360143412416 -0.16167868879741717 0 0 0 0 1
1685094124.687943935 0.016484255409902577 -0.1790705462774256 0 0 0 0 1
1685094124.721277237 0.016806893873915162 -0.19215031676680397 0 0 0 0 1
1685094124.754610538 0.021344052443415727 -0.20488581394518718 0 0 0 0 1
1685094124.787943840 0.026676000235565704 -0.2133023798009772 0 0 0 0 1
1685094124.821277142 0.035672238070638615 -0.21910221377593425 0 0 0 0 1
1685094124.854610682 0.04250616415605812 -0.231202285273061 0 0 0 0 1
1685094124.887943983 0.03770249241546394 -0.22606132193098463 0 0 0 0 1
1685094124.921277285 0.040815361603184476 -0.2332173544865046 0 0 0 0 1
1685094124.954610586 0.04224239677124501 -0.25011880047634366 0 0 0 0 1
1685094124.987943888 0.041070594926471166 -0.26606983571139453 0 0 0 0 1
1685094125.021277189 0.04093317097171226 -0.2789996796956295 0 0 0 0 1
1685094125.054610491 0.038540874273724594 -0.28823307430207 0 0 0 0 1
1685094125.087944031 0.03657596432260176 -0.2999466671199275 0 0 0 0 1
1685094125.121277332 0.037168858898108344 -0.3071699473068621 0 0 0 0 1
1685094125.154610634 0.03860369938724484 -0.32786606638385785 0 0 0 0 1
1685094125.187943935 0.04548029181401857 -0.3321263612929353 0 0 0 0 1
1685094125.221277237 0.04954280279735102 -0.34214352220743294 0 0 0 0 1
1685094125.254610538 0.04970601287882768 -0.3584786063168334 0 0 0 0 1
1685094125.287943840 0.04836189995256399 -0.3611224736343308 0 0 0 0 1
1685094125.321277142 0.05505488499475488 -0.36212101421238424 0 0 0 0 1
1685094125.354610682 0.07659030207605445 -0.36594142079977776 0 0 0 0 1
1685094125.387943983 0.08145167468835582 -0.3732652585832245 0 0 0 0 1
1685094125.421277285 0.0907002585246332 -0.3766775805513103 0 0 0 0 1
1685094125.454610586 0.10092835029993241 -0.37978358169997645 0 0 0 0 1
1685094125.487943888 0.11224946027749262 -0.38830647067234486 0 0 0 0 1
