1685093664.651761532 8.221601061837551e-18 -3.04173158599866e-17 0 0 0 0 1
1685093664.685094833 -0.00015507128089139728 -0.011049496405960445 0 0 0 0 1
1685093664.718428135 -0.00043217921005859154 -0.022722819999547526 0 0 0 0 1
1685093664.751761436 -0.0007484748808041877 -0.03500428554714423 0 0 0 0 1
1685093664.785094738 -0.0010796462759654782 -0.048185982234674005 0 0 0 0 1
1685093664.818428278 -0.0008346692971192787 -0.061681140122459704 0 0 0 0 1
1685093664.851761580 -0.001339173804211743 -0.07580793311646088 0 0 0 0 1
1685093664.885094881 -0.0019649913103011746 -0.09003010826939699 0 0 0 0 1
1685093664.918428183 -0.002465262325830308 -0.10460831582814267 0 0 0 0 1
1685093664.951761484 -0.002807479687155634 -0.11928932298238551 0 0 0 0 1
1685093664.985094786 -0.003002775467289021 -0.13416364895586694 0 0 0 0 1
1685093665.018428087 -0.0031707777686232376 -0.15302910229459435 0 0 0 0 1
1685093665.051761389 -0.0031846748164919654 -0.16848739418579142 0 0 0 0 1
1685093665.085094929 -0.0030783137355692614 -0.1842876584698356 0 0 0 0 1
1685093665.118428230 -0.002889881524012124 -0.2004908832895289 0 0 0 0 1
1685093665.151761532 -0.002599861241316716 -0.2170569611613786 0 0 0 0 1
1685093665.185094833 -0.0023144388575536273 -0.23390319991751038 0 0 0 0 1
1685093665.218428135 -0.001935182801209383 -0.25086229220255957 0 0 0 0 1
1685093665.251761436 -0.0011205720560344562 -0.2653652131501128 0 0 0 0 1
1685093665.285094738 0.001724154140459734 -0.28280188511491666 0 0 0 0 1
1685093665.318428278 0.004683406935581478 -0.30034847318300506 0 0 0 0 1
1685093665.351761580 0.007724417460259802 -0.317625141878222 0 0 0 0 1
1685093665.385094881 0.010644812056450662 -0.3350396570536116 0 0 0 0 1
1685093665.418428183 0.013622373241976345 -0.3517403085933448 0 0 0 0 1
1685093665.451761484 0.01744443483802481 -0.3695523734988709 0 0 0 0 1
1685093665.485094786 0.02125691512185629 -0.38522763566151724 0 0 0 0 1
1685093665.518428087 0.02700916295218524 -0.40366586519543435 0 0 0 0 1
1685093665.551761389 0.03246785895900008 -0.422186671340247 0 0 0 0 1
1685093665.585094929 0.03784273235080125 -0.44096735211595883 0 0 0 0 1
1685093665.618428230 0.04334593047716077 -0.46003541946650717 0 0 0 0 1
1685093665.651761532 0.048795116681987445 -0.479241902811345 0 0 0 0 1
1685093665.685094833 0.05420606004873851 -0.49840629820013316 0 0 0 0 1
1685093665.718428135 0.05987693175164805 -0.5178482215255692 0 0 0 0 1
1685093665.751761436 0.06572099759956157 -0.537261693346689 0 0 0 0 1
1685093665.785094738 0.07155012489683978 -0.5566962720758215 0 0 0 0 1
1685093665.818428278 0.0775232182223184 -0.5762112371397774 0 0 0 0 1
1685093665.851761580 0.08368649771086917 -0.5958775749973649 0 0 0 0 1
1685093665.885094881 0.08995903862430131 -0.615742900425997 0 0 0 0 1
1685093665.918428183 0.09635258331793914 -0.6356321365768471 0 0 0 0 1
1685093665.951761484 0.10279347831415918 -0.6553818579479653 0 0 0 0 1
1685093665.985094786 0.10923697157175485 -0.6749184810908395 0 0 0 0 1
1685093666.018428087 0.11574878306121146 -0.6947780859650569 0 0 0 0 1
1685093666.051761389 0.12232645357304621 -0.7149577106086572 0 0 0 0 1
1685093666.085094929 0.12897226547764779 -0.7354841464084793 0 0 0 0 1
1685093666.118428230 0.13550270176553433 -0.7559203066181602 0 0 0 0 1
1685093666.151761532 0.14198023941956256 -0.7765096800286337 0 0 0 0 1
1685093666.185094833 0.14850250424325964 -0.7972013371053225 0 0 0 0 1
1685093666.218428135 0.15510265348338118 -0.8179391891409789 0 0 0 0 1
1685093666.251761436 0.16186915836631524 -0.8372625607391841 0 0 0 0 1
1685093666.285094738 0.16884423356616632 -0.8577451425589131 0 0 0 0 1
1685093666.318428278 0.1756505713795426 -0.8783470042677516 0 0 0 0 1
1685093666.351761580 0.18240569350239097 -0.8988756546597306 0 0 0 0 1
1685093666.385094881 0.1893395956530791 -0.9194293937670972 0 0 0 0 1
1685093666.418428183 0.19650717207447832 -0.9401099527532749 0 0 0 0 1
1685093666.451761484 0.20379453254127802 -0.9608503132894993 0 0 0 0 1
1685093666.485094786 0.2111577675750807 -0.9813632247398192 0 0 0 0 1
1685093666.518428087 0.21698973446631065 -1.0000977402715459 0 0 0 0 1
1685093666.551761389 0.22368602368092083 -1.0210189770491396 0 0 0 0 1
1685093666.585094929 0.2307472642047249 -1.0423732234989214 0 0 0 0 1
1685093666.618428230 0.23786601953561884 -1.0637185096364405 0 0 0 0 1
1685093666.651761532 0.24475035103073334 -1.0849542028744628 0 0 0 0 1
1685093666.685094833 0.2516385819221761 -1.1062722411362347 0 0 0 0 1
1685093666.718428135 0.258451314568941 -1.1278183952442913 0 0 0 0 1
1685093666.751761436 0.26516474172995697 -1.1492498683178858 0 0 0 0 1
1685093666.785094738 0.27334025162375164 -1.1755302894527233 0 0 0 0 1
1685093666.818428278 0.27990109773246763 -1.1961520970801758 0 0 0 0 1
1685093666.851761580 0.28644147206524634 -1.216424420890683 0 0 0 0 1
1685093666.885094881 0.29306421398273613 -1.2364957808001515 0 0 0 0 1
1685093666.918428183 0.2998510679148313 -1.2564654977804561 0 0 0 0 1
1685093666.951761484 0.3068149409764315 -1.276404706862176 0 0 0 0 1
1685093666.985094786 0.31353386023942564 -1.2958471037673065 0 0 0 0 1
1685093667.018428087 0.31931737554481404 -1.314631884360259 0 0 0 0 1
1685093667.051761389 0.3253111109003285 -1.3289325700812684 0 0 0 0 1
1685093667.085094929 0.32672696753432867 -1.3484114367991096 0 0 0 0 1
1685093667.118428230 0.3279847268073335 -1.367597249002098 0 0 0 0 1
1685093667.151761532 0.32898687571526125 -1.3861880061536616 0 0 0 0 1
