1685094345.556869745 4.1680339482524066e-19 -2.480876959100634e-18 0 0 0 0 1
1685094345.590203047 0.0006404513252011288 -0.012263325216587037 0 0 0 0 1
1685094345.623536587 0.0011250383310134051 -0.02525843460743151 0 0 0 0 1
1685094345.656869888 0.001590541267210423 -0.03920308998689063 0 0 0 0 1
1685094345.690203190 0.0021576072667996147 -0.054025962424962305 0 0 0 0 1
1685094345.723536491 0.002639277515164264 -0.06984848790861374 0 0 0 0 1
1685094345.756869793 0.003195681649002085 -0.08639513140585502 0 0 0 0 1
1685094345.790203094 0.0037171873970600943 -0.10358592122363075 0 0 0 0 1
1685094345.823536396 0.004171418869138771 -0.12147216254248361 0 0 0 0 1
1685094345.856869698 0.004503873330962049 -0.14010619571357077 0 0 0 0 1
1685094345.890203238 0.0046789187852283734 -0.15948914887050294 0 0 0 0 1
1685094345.923536539 0.004612899657272173 -0.17949882666811157 0 0 0 0 1
1685094345.956869841 0.004133101339024248 -0.20006661204636056 0 0 0 0 1
1685094345.990203142 0.0033096176170210262 -0.2211742498511043 0 0 0 0 1
1685094346.023536444 0.0024904052278278987 -0.242711452901735 0 0 0 0 1
1685094346.056869745 0.0018153922589591058 -0.2647298421722425 0 0 0 0 1
1685094346.090203047 0.0013297038341477086 -0.2872559011215251 0 0 0 0 1
1685094346.123536587 0.0009192773168349148 -0.309660770841013 0 0 0 0 1
1685094346.156869888 0.0010228746713361664 -0.33275919119860864 0 0 0 0 1
1685094346.190203190 0.002019312881922249 -0.3524040066717915 0 0 0 0 1
1685094346.223536491 0.001398551938703797 -0.37564413735536584 0 0 0 0 1
1685094346.256869793 0.0009016237498064029 -0.39888724559659144 0 0 0 0 1
1685094346.290203094 0.0003960411786018343 -0.42307994325125353 0 0 0 0 1
1685094346.323536396 -0.008281492663277542 -0.4478169665619791 0 0 0 0 1
1685094346.356869698 -0.016488055585086 -0.4507774416249652 0 0 0 0 1
1685094346.390203238 -0.012506776075800068 -0.4697457113665772 0 0 0 0 1
1685094346.423536539 -0.007888199459950649 -0.4947762144855917 0 0 0 0 1
1685094346.456869841 -0.003429053630134256 -0.5201517190452513 0 0 0 0 1
1685094346.490203142 0.0010757733159619822 -0.5457708228520896 0 0 0 0 1
1685094346.523536444 0.005628915311074402 -0.5717894430561803 0 0 0 0 1
1685094346.556869745 0.010423530067527944 -0.5980589278557087 0 0 0 0 1
1685094346.590203047 0.015003468786635906 -0.624584284038016 0 0 0 0 1
1685094346.623536587 0.019708223627255706 -0.6513473292209998 0 0 0 0 1
1685094346.656869888 0.024373634723137534 -0.6781942976700169 0 0 0 0 1
1685094346.690203190 0.029076960612867624 -0.705309443465101 0 0 0 0 1
1685094346.723536491 0.033921573005610876 -0.7323997025387562 0 0 0 0 1
1685094346.756869793 0.038666699551566194 -0.7589749363310717 0 0 0 0 1
1685094346.790203094 0.04366490663297925 -0.7853220394501824 0 0 0 0 1
1685094346.823536396 0.04867369830601654 -0.8116671324045421 0 0 0 0 1
1685094346.856869698 0.053693073762236615 -0.8380102109419348 0 0 0 0 1
1685094346.890203238 0.05840401257274678 -0.864031726870618 0 0 0 0 1
1685094346.923536539 0.060829533916248416 -0.8899842265779849 0 0 0 0 1
1685094346.956869841 0.06294739817137782 -0.9159636423883047 0 0 0 0 1
1685094346.990203142 0.06475730802914796 -0.9419663272718969 0 0 0 0 1
1685094347.023536444 0.06955080361307953 -0.9683989172954419 0 0 0 0 1
1685094347.056869745 0.07454450324197598 -0.9949817803268357 0 0 0 0 1
1685094347.090203047 0.07972164875724431 -1.0212553511599494 0 0 0 0 1
1685094347.123536587 0.08506150146171002 -1.0474963369094121 0 0 0 0 1
1685094347.156869888 0.0905628221471591 -1.0733925837977556 0 0 0 0 1
1685094347.190203190 0.0954128984916117 -1.0990955100714037 0 0 0 0 1
1685094347.223536491 0.0918069343867362 -1.113892689004431 0 0 0 0 1
1685094347.256869793 0.08493218051770582 -1.1524348722520605 0 0 0 0 1
1685094347.290203094 0.053464013198574155 -1.129142887024761 0 0 0 0 1
1685094347.323536396 0.08831705931398262 -1.1113095668983568 0 0 0 0 1
1685094347.356869698 0.10527558060422397 -1.1318490925980182 0 0 0 0 1
1685094347.390203238 0.12239025899845368 -1.1527335022648273 0 0 0 0 1
1685094347.423536539 0.13944203486717213 -1.1736693023066693 0 0 0 0 1
1685094347.456869841 0.1567323227874399 -1.1948062997546953 0 0 0 0 1
1685094347.490203142 0.1739951277555776 -1.2159657487578157 0 0 0 0 1
1685094347.523536444 0.1912304206181211 -1.2371476135819044 0 0 0 0 1
1685094347.556869745 0.2085838203182868 -1.2585300754370574 0 0 0 0 1
1685094347.590203047 0.22570716121597756 -1.2796579516663582 0 0 0 0 1
1685094347.623536587 0.2392572359724639 -1.300480657480401 0 0 0 0 1
1685094347.656869888 0.2569118333545867 -1.3179593529294238 0 0 0 0 1
1685094347.690203190 0.2812981193002234 -1.3299031561923838 0 0 0 0 1
1685094347.723536491 0.3056494890952768 -1.3419179873485512 0 0 0 0 1
1685094347.756869793 0.3299657358632951 -1.354003744326229 0 0 0 0 1
1685094347.790203094 0.32194735928186624 -1.3509287952818636 0 0 0 0 1
1685094347.823536396 0.3420514151057953 -1.3323086558947452 0 0 0 0 1
1685094347.856869698 0.3621681511105804 -1.3136822519253613 0 0 0 0 1
1685094347.890203238 0.3821758500704813 -1.2949387737356848 0 0 0 0 1
1685094347.923536539 0.40173183869730617 -1.2758931889891847 0 0 0 0 1
1685094347.956869841 0.42347229906114414 -1.294249671966157 0 0 0 0 1
1685094347.990203142 0.4292491924438047 -1.2663886671931621 0 0 0 0 1
1685094348.023536444 0.4344108025287414 -1.2926659703564871 0 0 0 0 1
1685094348.056869745 0.4394474027437065 -1.3189675204720381 0 0 0 0 1
1685094348.090203047 0.4438910958616349 -1.345700583954951 0 0 0 0 1
1685094348.123536587 0.4482066605858572 -1.3724546302436678 0 0 0 0 1
1685094348.156869888 0.45239399785881146 -1.399229045237656 0 0 0 0 1
1685094348.190203190 0.4564530115662118 -1.4260232143688472 0 0 0 0 1
1685094348.223536491 0.46036813223948597 -1.4527773107627873 0 0 0 0 1
1685094348.256869793 0.4649318640377447 -1.4794138977512703 0 0 0 0 1
1685094348.290203094 0.4695077833373127 -1.5060483937458506 0 0 0 0 1
1685094348.323536396 0.47409588918014756 -1.5326807931701687 0 0 0 0 1
1685094348.356869698 0.4786961806056558 -1.559311090448304 0 0 0 0 1
1685094348.390203238 0.4825531011990126 -1.5851210045259398 0 0 0 0 1
1685094348.423536539 0.4864351360124712 -1.610388520839933 0 0 0 0 1
1685094348.456869841 0.48985959493201464 -1.6351471321997606 0 0 0 0 1
1685094348.490203142 0.49074835213709833 -1.6293721238211407 0 0 0 0 1
1685094348.523536444 0.5141039293070718 -1.6352873139674295 0 0 0 0 1
1685094348.556869745 0.537049457437369 -1.641004220471217 0 0 0 0 1
1685094348.590203047 0.5593894205217992 -1.646461016045792 0 0 0 0 1
1685094348.623536587 0.5748303130352975 -1.6509307676882938 0 0 0 0 1
