1685094278.697881222 -6.7697769923429634e-21 -2.9957189151343804e-19 0 0 0 0 1
1685094278.731214523 -0.0005178884812694362 -0.019818142874582705 0 0 0 0 1
1685094278.764547825 -0.0009224837407610285 -0.04010761999795045 0 0 0 0 1
1685094278.797881365 -0.0013526249304764426 -0.06088102173058653 0 0 0 0 1
1685094278.831214666 -0.0018300478720799389 -0.08213090068758147 0 0 0 0 1
1685094278.864547968 -0.00238675179739435 -0.10408473724040149 0 0 0 0 1
1685094278.897881269 -0.0029264430351783944 -0.1269222130188951 0 0 0 0 1
1685094278.931214571 -0.003240110884955893 -0.1501013254121066 0 0 0 0 1
1685094278.964547873 -0.0036305414821238436 -0.17368891789064614 0 0 0 0 1
1685094278.997881174 -0.003869633575069133 -0.19775376122022506 0 0 0 0 1
1685094279.031214476 -0.0035230907482009647 -0.22100955664094754 0 0 0 0 1
1685094279.064548016 -0.006155910974732842 -0.24515198191633283 0 0 0 0 1
1685094279.097881317 -0.008713343363665397 -0.2706003732401159 0 0 0 0 1
1685094279.131214619 -0.011884303741011732 -0.3029342174952767 0 0 0 0 1
1685094279.164547920 -0.014226823436033128 -0.32916518586020793 0 0 0 0 1
1685094279.197881222 -0.016549148437837852 -0.35618467014268046 0 0 0 0 1
1685094279.231214523 -0.018984611831515414 -0.38404961869204995 0 0 0 0 1
1685094279.264547825 -0.021445009009853907 -0.41209273045838596 0 0 0 0 1
1685094279.297881365 -0.0216750802445868 -0.4375103114350327 0 0 0 0 1
1685094279.331214666 -0.020436705528943208 -0.4662837055408286 0 0 0 0 1
1685094279.364547968 -0.018985109986137665 -0.4956764986148067 0 0 0 0 1
1685094279.397881269 -0.018231051467221673 -0.5233421930428805 0 0 0 0 1
1685094279.431214571 -0.0136931437434587 -0.5530660772993995 0 0 0 0 1
1685094279.464547873 -0.013158928249202848 -0.5800564028475488 0 0 0 0 1
1685094279.497881174 -0.011965696952690362 -0.6105776719666162 0 0 0 0 1
1685094279.531214476 -0.010804449335968138 -0.6406788137030516 0 0 0 0 1
1685094279.564548016 -0.010290270937981101 -0.6677253420535332 0 0 0 0 1
1685094279.597881317 -0.010945910246280027 -0.6976375073710775 0 0 0 0 1
1685094279.631214619 -0.01184861494717512 -0.7263498880337472 0 0 0 0 1
1685094279.664547920 -0.013000103367801656 -0.7558113491167829 0 0 0 0 1
1685094279.697881222 -0.014264414199356455 -0.7853219770532576 0 0 0 0 1
1685094279.731214523 -0.01463062617472174 -0.8140341961673074 0 0 0 0 1
1685094279.764547825 -0.015321488539719109 -0.8434107100475167 0 0 0 0 1
1685094279.797881365 -0.01581333452720063 -0.8725609960769836 0 0 0 0 1
1685094279.831214666 -0.016774707115914885 -0.9003717689831354 0 0 0 0 1
1685094279.864547968 -0.01696343890820328 -0.9295911714245924 0 0 0 0 1
1685094279.897881269 -0.017168712059357362 -0.9576573176929256 0 0 0 0 1
1685094279.931214571 -0.01861425816981964 -0.9863321422454556 0 0 0 0 1
1685094279.964547873 -0.020081778699662083 -1.0149020600781895 0 0 0 0 1
1685094279.997881174 -0.021735901544450188 -1.041628696055263 0 0 0 0 1
1685094280.031214476 -0.023181529262057354 -1.0701068516391385 0 0 0 0 1
1685094280.064548016 -0.025180563146263303 -1.0981896757077445 0 0 0 0 1
1685094280.097881317 -0.026713520898187466 -1.1268973491290897 0 0 0 0 1
1685094280.131214619 -0.026148295565375092 -1.1541262926433662 0 0 0 0 1
1685094280.164547920 -0.02474792690978503 -1.183239623006115 0 0 0 0 1
1685094280.197881222 -0.02329587439722575 -1.2118851237358996 0 0 0 0 1
1685094280.231214523 -0.021697825919100383 -1.2411195274100824 0 0 0 0 1
1685094280.264547825 -0.02018411071664597 -1.2699490385648564 0 0 0 0 1
1685094280.297881365 -0.01888104132208071 -1.2987407663172874 0 0 0 0 1
1685094280.331214666 -0.01770366955304987 -1.3277027817382259 0 0 0 0 1
1685094280.364547968 -0.01709108972864419 -1.3559999276721597 0 0 0 0 1
1685094280.397881269 -0.016625620486884235 -1.3849025802751704 0 0 0 0 1
1685094280.431214571 -0.016016713318747065 -1.4139779335500895 0 0 0 0 1
1685094280.464547873 -0.015472929695209376 -1.4432895508541788 0 0 0 0 1
1685094280.497881174 -0.015149940600955144 -1.473128036094833 0 0 0 0 1
1685094280.531214476 -0.014860165352211522 -1.503293781980867 0 0 0 0 1
1685094280.564548016 -0.014419269075690829 -1.5331921487840854 0 0 0 0 1
1685094280.597881317 -0.01335656954047086 -1.563310189404806 0 0 0 0 1
1685094280.631214619 -0.011957210704469945 -1.5939637872330645 0 0 0 0 1
1685094280.664547920 -0.010703280872581463 -1.6244595391695762 0 0 0 0 1
1685094280.697881222 -0.009507269082625131 -1.6548376990853824 0 0 0 0 1
1685094280.731214523 -0.008259496777758838 -1.685102262906222 0 0 0 0 1
1685094280.764547825 -0.006854866642616285 -1.7153177907869814 0 0 0 0 1
1685094280.797881365 -0.00540929434097364 -1.7454164825337823 0 0 0 0 1
1685094280.831214666 -0.003840573511233139 -1.7751561988227973 0 0 0 0 1
1685094280.864547968 -0.0023607878819179215 -1.805041895472308 0 0 0 0 1
1685094280.897881269 -0.0008097263302203941 -1.8355155974874318 0 0 0 0 1
1685094280.931214571 0.000629405658939587 -1.866235314030012 0 0 0 0 1
1685094280.964547873 0.0020483764183771356 -1.8970749099947852 0 0 0 0 1
1685094280.997881174 0.0041031977691266056 -1.9285163636624052 0 0 0 0 1
1685094281.031214476 0.006072776033574522 -1.9601943964546267 0 0 0 0 1
1685094281.064548016 0.0078064392245402285 -1.9915867117563142 0 0 0 0 1
1685094281.097881317 0.009221554182632354 -2.0229200175795805 0 0 0 0 1
1685094281.131214619 0.010591334807199596 -2.0545962323986156 0 0 0 0 1
1685094281.164547920 0.012043529320112845 -2.0862030148568858 0 0 0 0 1
1685094281.197881222 0.013579738815941964 -2.117453040959224 0 0 0 0 1
1685094281.231214523 0.015118374315841404 -2.148906985638354 0 0 0 0 1
1685094281.264547825 0.016673475702483394 -2.1807288438778705 0 0 0 0 1
1685094281.297881365 0.018410905407920446 -2.2126324130803905 0 0 0 0 1
1685094281.331214666 0.020248407672478128 -2.2443809928548957 0 0 0 0 1
1685094281.364547968 0.022184820005545173 -2.2759509423603546 0 0 0 0 1
1685094281.397881269 0.02408204048457263 -2.3071345393798173 0 0 0 0 1
1685094281.431214571 0.0257492079622319 -2.337864832500381 0 0 0 0 1
1685094281.464547873 0.02708046162588816 -2.3683365075462577 0 0 0 0 1
1685094281.497881174 0.028471589864160044 -2.398967432701177 0 0 0 0 1
1685094281.531214476 0.03001240049310841 -2.4291540990474236 0 0 0 0 1
1685094281.564548016 0.03179216710405351 -2.458709083013776 0 0 0 0 1
1685094281.597881317 0.0335651526469832 -2.4883172439453403 0 0 0 0 1
1685094281.631214619 0.0356953272735589 -2.51804840225455 0 0 0 0 1
1685094281.664547920 0.03810932090188144 -2.547537469399116 0 0 0 0 1
1685094281.697881222 0.04057048202609785 -2.576673843804907 0 0 0 0 1
1685094281.731214523 0.04317584516950525 -2.6059446963980526 0 0 0 0 1
1685094281.764547825 0.045718728897747446 -2.634813561251296 0 0 0 0 1
1685094281.797881365 0.04819198342318227 -2.663568655220205 0 0 0 0 1
1685094281.831214666 0.05027780805091593 -2.692265366340218 0 0 0 0 1
1685094281.864547968 0.052147945086368344 -2.72111212872547 0 0 0 0 1
1685094281.897881269 0.054793531580753285 -2.7647519005107086 0 0 0 0 1
1685094281.931214571 0.05636847924620693 -2.793437287877213 0 0 0 0 1
1685094281.964547873 0.057606833612777006 -2.822037704921313 0 0 0 0 1
1685094281.997881174 0.059121390383308305 -2.850993867242412 0 0 0 0 1
1685094282.031214476 0.06058186742665412 -2.8795345372028924 0 0 0 0 1
1685094282.064548016 0.06219313924393858 -2.907183985910891 0 0 0 0 1
