1685094247.037510633 -9.073010292459357e-20 8.496338719308662e-20 0 0 0 0 1
1685094247.070844173 -6.314740703847204e-06 -0.015068608337004935 0 0 0 0 1
1685094247.104177475 0.00012178046507694019 -0.031089803703011582 0 0 0 0 1
1685094247.137510777 0.0004690757749161041 -0.04790469589065407 0 0 0 0 1
1685094247.170844078 0.0009308910914046498 -0.06559593217833012 0 0 0 0 1
1685094247.204177380 0.0014790225750642915 -0.08407271591134786 0 0 0 0 1
1685094247.237510681 0.0022596641805266867 -0.10339605927891377 0 0 0 0 1
1685094247.270843983 0.0030284313554700295 -0.12306469484790993 0 0 0 0 1
1685094247.304177523 0.0036339733934783376 -0.1429703227629889 0 0 0 0 1
1685094247.337510824 -0.0008197050647017736 -0.15188410539556899 0 0 0 0 1
1685094247.370844126 -0.008988630143813804 -0.17104508329679746 0 0 0 0 1
1685094247.404177427 -0.018489638492095853 -0.18580633178081457 0 0 0 0 1
1685094247.437510729 -0.02611106375941021 -0.2057832392106082 0 0 0 0 1
1685094247.470844030 -0.0338693489492842 -0.22632346108231982 0 0 0 0 1
1685094247.504177332 -0.04180063555935592 -0.2471916558705244 0 0 0 0 1
1685094247.537510633 -0.05013249856249196 -0.2681269335849399 0 0 0 0 1
1685094247.570844173 -0.05866617513956138 -0.289727622534743 0 0 0 0 1
1685094247.604177475 -0.06750158617160977 -0.31178330010185645 0 0 0 0 1
1685094247.637510777 -0.0763018110354819 -0.33422950443315286 0 0 0 0 1
1685094247.670844078 -0.08503717144773083 -0.35722725305882874 0 0 0 0 1
1685094247.704177380 -0.09397902682811467 -0.3806972671505304 0 0 0 0 1
1685094247.737510681 -0.09748871569955168 -0.4008881837782345 0 0 0 0 1
1685094247.770843983 -0.09747831635317526 -0.42138186383074766 0 0 0 0 1
1685094247.804177523 -0.09751719952799498 -0.44807737852193436 0 0 0 0 1
1685094247.837510824 -0.09745898135666611 -0.4747728580488726 0 0 0 0 1
1685094247.870844126 -0.09730366260943846 -0.5014679492196368 0 0 0 0 1
1685094247.904177427 -0.09705124534124146 -0.5281622988474394 0 0 0 0 1
1685094247.937510729 -0.09730803176821116 -0.5556668077767642 0 0 0 0 1
1685094247.970844030 -0.09772075249834114 -0.5831694187857449 0 0 0 0 1
1685094248.004177332 -0.0982893942650722 -0.6106692478261865 0 0 0 0 1
1685094248.037510633 -0.09901393878989519 -0.638165410939318 0 0 0 0 1
1685094248.070844173 -0.09529471239900876 -0.6686571814733446 0 0 0 0 1
1685094248.104177475 -0.09397476804345076 -0.6966598398458109 0 0 0 0 1
1685094248.137510777 -0.09285326809229627 -0.7246711476854384 0 0 0 0 1
1685094248.170844078 -0.09193026884949536 -0.7526896987083698 0 0 0 0 1
1685094248.204177380 -0.09120581665343906 -0.7807140862671094 0 0 0 0 1
1685094248.237510681 -0.09067994787463296 -0.808742903421144 0 0 0 0 1
1685094248.270843983 -0.09035268891387131 -0.8367747430075753 0 0 0 0 1
1685094248.304177523 -0.09022405620091158 -0.8648081977117672 0 0 0 0 1
1685094248.337510824 -0.07306368126397352 -0.8811660421926639 0 0 0 0 1
1685094248.370844126 -0.09495126870150988 -0.8901152370959764 0 0 0 0 1
1685094248.404177427 -0.12408236342033789 -0.8814493544606277 0 0 0 0 1
1685094248.437510729 -0.15324441547598985 -0.8728882259561364 0 0 0 0 1
1685094248.470844030 -0.1824370481785573 -0.8644319621676801 0 0 0 0 1
1685094248.504177332 -0.20757238072034112 -0.8492500979441268 0 0 0 0 1
1685094248.537510633 -0.22924836360734463 -0.8294403602080839 0 0 0 0 1
1685094248.570844173 -0.24662577653258858 -0.805769714604002 0 0 0 0 1
1685094248.604177475 -0.25903182519255 -0.7791546079926218 0 0 0 0 1
1685094248.637510777 -0.26598618959347886 -0.7506254867466464 0 0 0 0 1
1685094248.670844078 -0.2672196204073137 -0.7212869013731839 0 0 0 0 1
1685094248.704177380 -0.2702763050645207 -0.6908890121580855 0 0 0 0 1
1685094248.737510681 -0.27334084568724215 -0.660491913931467 0 0 0 0 1
1685094248.770843983 -0.27654497374974657 -0.6291671187802742 0 0 0 0 1
1685094248.804177523 -0.27990840787976656 -0.5979463687316428 0 0 0 0 1
1685094248.837510824 -0.2833216795824454 -0.566731027967368 0 0 0 0 1
1685094248.870844126 -0.28678478015871106 -0.5355211760429391 0 0 0 0 1
1685094248.904177427 -0.2902977007824974 -0.5043168924998567 0 0 0 0 1
1685094248.937510729 -0.29378789555220053 -0.4739077298707307 0 0 0 0 1
1685094248.970844030 -0.29710409832281687 -0.4434791014014872 0 0 0 0 1
1685094249.004177332 -0.3002462005994776 -0.4130320026132922 0 0 0 0 1
1685094249.037510633 -0.3032140995832898 -0.38256742963159773 0 0 0 0 1
1685094249.070844173 -0.30600769817469936 -0.352086379153552 0 0 0 0 1
1685094249.104177475 -0.30862690497666784 -0.3215898484153906 0 0 0 0 1
1685094249.137510777 -0.31107163429766255 -0.29107883515981087 0 0 0 0 1
1685094249.170844078 -0.31334180615446017 -0.26055433760332836 0 0 0 0 1
1685094249.204177380 -0.31543734627476366 -0.2300173544036196 0 0 0 0 1
1685094249.237510681 -0.3170857926265305 -0.19961887253319183 0 0 0 0 1
1685094249.270843983 -0.3187426692842704 -0.16922084899312573 0 0 0 0 1
1685094249.304177523 -0.28933076920574125 -0.15785354881329622 0 0 0 0 1
1685094249.337510824 -0.32079099190553156 -0.1599818738089993 0 0 0 0 1
1685094249.370844126 -0.2901160658235916 -0.16728422202551535 0 0 0 0 1
1685094249.404177427 -0.31237433635620093 -0.18764714170967045 0 0 0 0 1
1685094249.437510729 -0.3346070021060892 -0.208038014148581 0 0 0 0 1
1685094249.470844030 -0.3568140279691844 -0.2284568071462584 0 0 0 0 1
1685094249.504177332 -0.3417653641208855 -0.21654422753800315 0 0 0 0 1
1685094249.537510633 -0.3608316408548795 -0.218746255704234 0 0 0 0 1
1685094249.570844173 -0.387916827242485 -0.2084143358781532 0 0 0 0 1
1685094249.604177475 -0.38576649688709147 -0.20657751742281608 0 0 0 0 1
1685094249.637510777 -0.4061303089039826 -0.2106465678746902 0 0 0 0 1
1685094249.670844078 -0.3856007905601529 -0.2137740090027588 0 0 0 0 1
1685094249.704177380 -0.4038292402180955 -0.20382586171258318 0 0 0 0 1
1685094249.737510681 -0.39009214366409994 -0.21939937094157136 0 0 0 0 1
1685094249.770843983 -0.36332684687847866 -0.21462955420645008 0 0 0 0 1
1685094249.804177523 -0.33767858999355477 -0.21031039250470795 0 0 0 0 1
