1685094285.699636459 -8.082185757098742e-19 -8.289713451897046e-18 0 0 0 0 1
1685094285.732969761 -0.00012892731601642972 -0.01907728768082925 0 0 0 0 1
1685094285.766303062 -0.0003597601482096639 -0.03778974173312572 0 0 0 0 1
1685094285.799636364 -0.0013771321811129696 -0.05876562678131209 0 0 0 0 1
1685094285.832969904 -0.0025074856056985827 -0.08024535707552556 0 0 0 0 1
1685094285.866303205 -0.0035162111566986107 -0.10221657602731431 0 0 0 0 1
1685094285.899636507 -0.004323612534440868 -0.12447125622489934 0 0 0 0 1
1685094285.932969809 -0.00512726284537142 -0.1478359128070943 0 0 0 0 1
1685094285.966303110 -0.006041560775245313 -0.1717030178729499 0 0 0 0 1
1685094285.999636412 -0.006734709663070117 -0.19586650906196001 0 0 0 0 1
1685094286.032969713 -0.007339345011452136 -0.2203593581058827 0 0 0 0 1
1685094286.066303015 -0.007836357147127108 -0.24542947615923497 0 0 0 0 1
1685094286.099636555 -0.00825470705645 -0.27097158735406357 0 0 0 0 1
1685094286.132969856 -0.008671034053284577 -0.29708407186139957 0 0 0 0 1
1685094286.166303158 -0.00879247620532285 -0.32370818880757124 0 0 0 0 1
1685094286.199636459 -0.008681797198843457 -0.35079773684680643 0 0 0 0 1
1685094286.232969761 -0.008796087147998816 -0.37720864753181554 0 0 0 0 1
1685094286.266303062 -0.009753903342708162 -0.40531445054127413 0 0 0 0 1
1685094286.299636364 -0.010746003783519175 -0.43324280210534427 0 0 0 0 1
1685094286.332969904 -0.011703788474649436 -0.4617625814005816 0 0 0 0 1
1685094286.366303205 -0.012160562923604278 -0.4907867827598833 0 0 0 0 1
1685094286.399636507 -0.012663045720182049 -0.5196421730024847 0 0 0 0 1
1685094286.432969809 -0.013519152244122503 -0.5484088274226104 0 0 0 0 1
1685094286.466303110 -0.014704134779789378 -0.5774348030027124 0 0 0 0 1
1685094286.499636412 -0.01586990954528968 -0.6064980287871073 0 0 0 0 1
1685094286.532969713 -0.01853107098300376 -0.6409759847281625 0 0 0 0 1
1685094286.566303015 -0.021556058177046842 -0.6704656582653766 0 0 0 0 1
1685094286.599636555 -0.02501761281951449 -0.7005113517690607 0 0 0 0 1
1685094286.632969856 -0.028764352362457318 -0.7311304467052439 0 0 0 0 1
1685094286.666303158 -0.032487296187870836 -0.7618956358173637 0 0 0 0 1
1685094286.699636459 -0.03823354044302202 -0.7918411558793236 0 0 0 0 1
1685094286.732969761 -0.0434138581318235 -0.8216892648027084 0 0 0 0 1
1685094286.766303062 -0.048708019461533525 -0.8515495749618051 0 0 0 0 1
1685094286.799636364 -0.053584698645437134 -0.880963582814118 0 0 0 0 1
1685094286.832969904 -0.05761521495532067 -0.9080718369055283 0 0 0 0 1
1685094286.866303205 -0.06050013098707941 -0.9374150786427862 0 0 0 0 1
1685094286.899636507 -0.06344319602129378 -0.9669467645654555 0 0 0 0 1
1685094286.932969809 -0.06692910967385936 -0.9952867898193847 0 0 0 0 1
1685094286.966303110 -0.07037365929459834 -1.0251744254550061 0 0 0 0 1
1685094286.999636412 -0.07389961841799046 -1.0555004871301115 0 0 0 0 1
1685094287.032969713 -0.07719748869019002 -1.0862643177283762 0 0 0 0 1
1685094287.066303015 -0.08066759330193714 -1.1170500206180387 0 0 0 0 1
1685094287.099636555 -0.08428096776645849 -1.1477573078555992 0 0 0 0 1
1685094287.132969856 -0.0880081552579959 -1.1787334658945472 0 0 0 0 1
1685094287.166303158 -0.09176437570898208 -1.2094450333120679 0 0 0 0 1
1685094287.199636459 -0.09647457434430215 -1.2389996732394848 0 0 0 0 1
1685094287.232969761 -0.10143238708609431 -1.2687846370215137 0 0 0 0 1
1685094287.266303062 -0.10644548847151784 -1.2985945256192968 0 0 0 0 1
1685094287.299636364 -0.11139293038842359 -1.3286027157422644 0 0 0 0 1
1685094287.332969904 -0.11623957613841832 -1.3576318500358355 0 0 0 0 1
1685094287.366303205 -0.12069717187481734 -1.3879273002787293 0 0 0 0 1
1685094287.399636507 -0.12477892547955595 -1.418904310038919 0 0 0 0 1
1685094287.432969809 -0.12865688206639386 -1.4501565307228719 0 0 0 0 1
1685094287.466303110 -0.1325093603100683 -1.4813960207255807 0 0 0 0 1
1685094287.499636412 -0.1366842526508718 -1.5131729224429553 0 0 0 0 1
1685094287.532969713 -0.14108085697149167 -1.544776166989625 0 0 0 0 1
1685094287.566303015 -0.14524152529378395 -1.576857096138751 0 0 0 0 1
1685094287.599636555 -0.14920768322830066 -1.6087009185871812 0 0 0 0 1
1685094287.632969856 -0.15392198543753738 -1.6401659042833567 0 0 0 0 1
1685094287.666303158 -0.15875647892943912 -1.6727310061469967 0 0 0 0 1
1685094287.699636459 -0.1632722122471964 -1.7052721099728894 0 0 0 0 1
1685094287.732969761 -0.16794660085940769 -1.737862410116192 0 0 0 0 1
1685094287.766303062 -0.17203562225882163 -1.7706055854653875 0 0 0 0 1
1685094287.799636364 -0.1763453953922625 -1.8030313727998872 0 0 0 0 1
1685094287.832969904 -0.18065006227753072 -1.8352220194381366 0 0 0 0 1
1685094287.866303205 -0.18419960292233703 -1.8645578357826873 0 0 0 0 1
1685094287.899636507 -0.18769612912549033 -1.8968800916312023 0 0 0 0 1
1685094287.932969809 -0.19102117556741446 -1.9292043983434182 0 0 0 0 1
1685094287.966303110 -0.1942830920531781 -1.961471911185876 0 0 0 0 1
1685094287.999636412 -0.19752703902577876 -1.99408403697166 0 0 0 0 1
1685094288.032969713 -0.20125543459197212 -2.0263605335088766 0 0 0 0 1
1685094288.066303015 -0.20553678653830157 -2.0590588413195703 0 0 0 0 1
1685094288.099636555 -0.20957647117596903 -2.0922789269524276 0 0 0 0 1
1685094288.132969856 -0.21309579004661075 -2.125444120547181 0 0 0 0 1
1685094288.166303158 -0.2165197723862584 -2.158424660335032 0 0 0 0 1
1685094288.199636459 -0.22023964977849378 -2.1917600472346956 0 0 0 0 1
1685094288.232969761 -0.22443901212041287 -2.2237799365297906 0 0 0 0 1
1685094288.266303062 -0.22959999337354525 -2.2563294913159098 0 0 0 0 1
1685094288.299636364 -0.23541648528408973 -2.2870475143661357 0 0 0 0 1
1685094288.332969904 -0.24074086492481214 -2.319001181779547 0 0 0 0 1
1685094288.366303205 -0.2468095082758508 -2.350736038715114 0 0 0 0 1
1685094288.399636507 -0.25303201499336 -2.382647852542546 0 0 0 0 1
1685094288.432969809 -0.2588762085238377 -2.4147895509547572 0 0 0 0 1
1685094288.466303110 -0.2640854064839807 -2.4468807592098156 0 0 0 0 1
1685094288.499636412 -0.26959661157330767 -2.4785685148439636 0 0 0 0 1
1685094288.532969713 -0.27521295741140744 -2.5101563572682246 0 0 0 0 1
1685094288.566303015 -0.28177804092252634 -2.5487163482925292 0 0 0 0 1
1685094288.599636555 -0.2860158166023898 -2.579164950262374 0 0 0 0 1
1685094288.632969856 -0.2915673179782806 -2.6087730169211873 0 0 0 0 1
1685094288.666303158 -0.2970749691811566 -2.6378474495520923 0 0 0 0 1
1685094288.699636459 -0.30264618322287373 -2.667032839351311 0 0 0 0 1
1685094288.732969761 -0.30820853947916316 -2.696525580074333 0 0 0 0 1
1685094288.766303062 -0.3138545308489804 -2.7264441532244343 0 0 0 0 1
1685094288.799636364 -0.31949283612952817 -2.756424307487963 0 0 0 0 1
1685094288.832969904 -0.32429294769532163 -2.7854719731312283 0 0 0 0 1
1685094288.866303205 -0.3288024344972524 -2.8154261881687934 0 0 0 0 1
1685094288.899636507 -0.3342747837480401 -2.852301786661048 0 0 0 0 1
1685094288.932969809 -0.3388099379590249 -2.8807995015965644 0 0 0 0 1
