1685094135.889378309 8.212882275691915e-18 -1.496654504553346e-20 0 0 0 0 1
1685094135.922711611 0.010474167508333354 -0.01080860859155455 0 0 0 0 1
1685094135.956045151 0.017381252034316508 -0.021476107619971145 0 0 0 0 1
1685094135.989378452 0.014530703775586217 -0.009912186989596065 0 0 0 0 1
1685094136.022711754 0.015012375373579762 0.005501943160233744 0 0 0 0 1
1685094136.056045055 0.017576991932074633 0.019716338695067614 0 0 0 0 1
1685094136.089378357 0.017461789190089987 0.02707082547645799 0 0 0 0 1
1685094136.122711658 0.013952806341723769 0.041441073176357354 0 0 0 0 1
1685094136.156044960 0.014112391997475085 0.04743499230687269 0 0 0 0 1
1685094136.189378500 0.013439853183508675 0.06039480945674679 0 0 0 0 1
1685094136.222711802 0.0109699743456425 0.07276953429716895 0 0 0 0 1
1685094136.256045103 0.002546895201755197 0.08665236257524041 0 0 0 0 1
1685094136.289378405 -0.0036459814133827546 0.09541560537599447 0 0 0 0 1
1685094136.322711706 -0.015566558821584305 0.10700740655293421 0 0 0 0 1
1685094136.356045008 -0.025032023665333733 0.10465921740442652 0 0 0 0 1
1685094136.389378309 -0.04080644956709552 0.1035330851524353 0 0 0 0 1
1685094136.422711611 -0.060679530036146054 0.10172876091585902 0 0 0 0 1
1685094136.456045151 -0.08128387423336522 0.09892181849859263 0 0 0 0 1
1685094136.489378452 -0.10030146128038214 0.09768221927921304 0 0 0 0 1
1685094136.522711754 -0.0984627767842919 0.09760600180976982 0 0 0 0 1
1685094136.556045055 -0.10425033451345544 0.11386535789006495 0 0 0 0 1
1685094136.589378357 -0.10506848953484041 0.1279798961459611 0 0 0 0 1
1685094136.622711658 -0.11222401271392735 0.13360898427153856 0 0 0 0 1
1685094136.656044960 -0.12565924118773983 0.14225850963307635 0 0 0 0 1
1685094136.689378500 -0.13799928159973832 0.15858415509808182 0 0 0 0 1
1685094136.722711802 -0.14655524888909185 0.1722124034584733 0 0 0 0 1
1685094136.756045103 -0.15115616924142602 0.18887073042236996 0 0 0 0 1
1685094136.789378405 -0.15658207287704 0.20228235767806133 0 0 0 0 1
1685094136.822711706 -0.16661411047707392 0.21624313124101424 0 0 0 0 1
1685094136.856045008 -0.17853275693042625 0.2330637903122165 0 0 0 0 1
1685094136.889378309 -0.19032829032687318 0.2473347867188782 0 0 0 0 1
1685094136.922711611 -0.20793116628302644 0.2519066795923856 0 0 0 0 1
1685094136.956045151 -0.2285072154757208 0.25734675276635044 0 0 0 0 1
