1685094288.983646631 2.1013575835649663e-20 3.5640388548576263e-19 0 0 0 0 1
1685094289.016979933 -9.915128754639787e-06 -0.016758499325615045 0 0 0 0 1
1685094289.050313234 5.889994445193762e-05 -0.03407287112334163 0 0 0 0 1
1685094289.083646536 8.377263612345453e-05 -0.05209274875954698 0 0 0 0 1
1685094289.116980076 -1.2240705413866764e-05 -0.07101463515588456 0 0 0 0 1
1685094289.150313377 -0.0003618213889508756 -0.09068203608846484 0 0 0 0 1
1685094289.183646679 -0.0008895222096867695 -0.11078006567942568 0 0 0 0 1
1685094289.216979980 -0.0015538554471605937 -0.13100814443127853 0 0 0 0 1
1685094289.250313282 -0.0016488196446628382 -0.15294136983883186 0 0 0 0 1
1685094289.283646584 -0.002408237744100105 -0.18028701170149652 0 0 0 0 1
1685094289.316979885 -0.002964509102223902 -0.20265718695153692 0 0 0 0 1
1685094289.350313425 -0.0035989519784647094 -0.22587837286689638 0 0 0 0 1
1685094289.383646727 -0.004316968587895039 -0.24965850232923248 0 0 0 0 1
1685094289.416980028 -0.004972665233476838 -0.27346199935016013 0 0 0 0 1
1685094289.450313330 -0.00528317537023089 -0.2975854527038104 0 0 0 0 1
1685094289.483646631 -0.00514967572385125 -0.3221479490191067 0 0 0 0 1
1685094289.516979933 -0.004833837696537349 -0.34684894043648706 0 0 0 0 1
1685094289.550313234 -0.004398908922829783 -0.3715400077285595 0 0 0 0 1
1685094289.583646536 -0.0036103346943250686 -0.3963311503379536 0 0 0 0 1
1685094289.616980076 -0.002478911731389084 -0.42180728986960353 0 0 0 0 1
1685094289.650313377 -0.0013900028852100274 -0.4479415756937182 0 0 0 0 1
1685094289.683646679 -0.0006395482716965303 -0.4746369136690766 0 0 0 0 1
1685094289.716979980 -0.0003062798858091584 -0.5017433019054506 0 0 0 0 1
1685094289.750313282 -0.00043064825783668153 -0.528841476751721 0 0 0 0 1
1685094289.783646584 -0.0008882039052932496 -0.5567145787526181 0 0 0 0 1
1685094289.816979885 -0.0017756990514412718 -0.5848512781483937 0 0 0 0 1
1685094289.850313425 -0.0027124424916256276 -0.6124044106140119 0 0 0 0 1
1685094289.883646727 -0.0038412442217973116 -0.6395945691913587 0 0 0 0 1
1685094289.916980028 -0.005612366228140595 -0.6659218750071728 0 0 0 0 1
1685094289.950313330 -0.007162830144511108 -0.6935548118564577 0 0 0 0 1
1685094289.983646631 -0.008737661059672296 -0.7215161385213195 0 0 0 0 1
1685094290.016979933 -0.009624758090166845 -0.7482114273612681 0 0 0 0 1
1685094290.050313234 -0.008554362569595257 -0.777217112331584 0 0 0 0 1
1685094290.083646536 -0.007402473037711453 -0.8067214532477592 0 0 0 0 1
1685094290.116980076 -0.005803357129971638 -0.8364241092343205 0 0 0 0 1
1685094290.150313377 -0.0037605279518890472 -0.8657289227590633 0 0 0 0 1
1685094290.183646679 -0.0016362278811037022 -0.8946024341180536 0 0 0 0 1
1685094290.216979980 -0.00035033644076206826 -0.924208256374579 0 0 0 0 1
1685094290.250313282 0.0007626295036322672 -0.953507391434949 0 0 0 0 1
1685094290.283646584 0.00035817203524745835 -0.9806982987468835 0 0 0 0 1
1685094290.316979885 -0.0022427731760909773 -1.0098940622588164 0 0 0 0 1
1685094290.350313425 -0.00391181024634358 -1.0388212445586382 0 0 0 0 1
1685094290.383646727 -0.006471179693484888 -1.0668299559964043 0 0 0 0 1
1685094290.416980028 -0.010220909763845376 -1.095486744250709 0 0 0 0 1
1685094290.450313330 -0.015109085152932657 -1.131739811127653 0 0 0 0 1
1685094290.483646631 -0.019103006143478096 -1.1609200787353084 0 0 0 0 1
1685094290.516979933 -0.02314605816129311 -1.190408691188009 0 0 0 0 1
1685094290.550313234 -0.02708873494321696 -1.2201093275593475 0 0 0 0 1
1685094290.583646536 -0.03098265355132621 -1.2499820229502554 0 0 0 0 1
1685094290.616980076 -0.03453086159941885 -1.2799342772979592 0 0 0 0 1
1685094290.650313377 -0.03781275824630765 -1.309595639109584 0 0 0 0 1
1685094290.683646679 -0.04057853195253696 -1.339068189189421 0 0 0 0 1
1685094290.716979980 -0.04299882373786616 -1.368432450982412 0 0 0 0 1
1685094290.750313282 -0.04558621849039083 -1.3978715004771847 0 0 0 0 1
1685094290.783646584 -0.0480785537001104 -1.4271939335153747 0 0 0 0 1
1685094290.816979885 -0.05050006351497153 -1.4565120569593097 0 0 0 0 1
1685094290.850313425 -0.05295408841534177 -1.485780938698704 0 0 0 0 1
1685094290.883646727 -0.05564741810772235 -1.5149113841443167 0 0 0 0 1
1685094290.916980028 -0.0580372030839128 -1.54261014467706 0 0 0 0 1
1685094290.950313330 -0.059612518810031545 -1.5714566560725396 0 0 0 0 1
1685094290.983646631 -0.061308222187325415 -1.6002460919879218 0 0 0 0 1
1685094291.016979933 -0.06329252403064646 -1.6287625724912638 0 0 0 0 1
1685094291.050313234 -0.06569860261210521 -1.6571390186854198 0 0 0 0 1
1685094291.083646536 -0.06818140603284546 -1.6857081548879294 0 0 0 0 1
1685094291.116980076 -0.07065462855316158 -1.7142680531089283 0 0 0 0 1
1685094291.150313377 -0.07342793673392674 -1.743045490643415 0 0 0 0 1
1685094291.183646679 -0.07612847230043017 -1.7720097236925811 0 0 0 0 1
1685094291.216979980 -0.07848160254046621 -1.801588096130612 0 0 0 0 1
1685094291.250313282 -0.08068137554928731 -1.831430033172495 0 0 0 0 1
1685094291.283646584 -0.08257289270371282 -1.8614603046282208 0 0 0 0 1
1685094291.316979885 -0.08416467854798008 -1.891714981551153 0 0 0 0 1
1685094291.350313425 -0.08529868551788941 -1.9207939124710154 0 0 0 0 1
1685094291.383646727 -0.08578372996255638 -1.9513093890338395 0 0 0 0 1
1685094291.416980028 -0.08598524289047822 -1.981423547972127 0 0 0 0 1
1685094291.450313330 -0.08604690543567099 -2.011269962906721 0 0 0 0 1
1685094291.483646631 -0.08578021902868181 -2.041125068393485 0 0 0 0 1
1685094291.516979933 -0.08590115255555017 -2.071028949913352 0 0 0 0 1
1685094291.550313234 -0.087370144739425 -2.0988171121802655 0 0 0 0 1
1685094291.583646536 -0.0922089500562821 -2.1287927732891214 0 0 0 0 1
1685094291.616980076 -0.0973402823890453 -2.159298028293332 0 0 0 0 1
1685094291.650313377 -0.10273915229517364 -2.19025381272249 0 0 0 0 1
1685094291.683646679 -0.1096085437352607 -2.2206740894409465 0 0 0 0 1
1685094291.716979980 -0.11617980647031984 -2.2517532093474433 0 0 0 0 1
1685094291.750313282 -0.12298349665386127 -2.2828505250855793 0 0 0 0 1
1685094291.783646584 -0.132465333565389 -2.313113879812994 0 0 0 0 1
1685094291.816979885 -0.1414570174442204 -2.342999629962666 0 0 0 0 1
1685094291.850313425 -0.15013304727788088 -2.3730437837038605 0 0 0 0 1
1685094291.883646727 -0.15853237141382903 -2.402874114012606 0 0 0 0 1
1685094291.916980028 -0.1668406051471775 -2.4324494476449257 0 0 0 0 1
1685094291.950313330 -0.1751544326651288 -2.4624182281618214 0 0 0 0 1
1685094291.983646631 -0.18367875305115705 -2.492669515600942 0 0 0 0 1
1685094292.016979933 -0.19180020303002765 -2.522634578890186 0 0 0 0 1
1685094292.050313234 -0.1995450106913882 -2.552227999966742 0 0 0 0 1
1685094292.083646536 -0.20708780679550406 -2.5819470653195578 0 0 0 0 1
1685094292.116980076 -0.21486095190696583 -2.611571864227799 0 0 0 0 1
1685094292.150313377 -0.22257969642380407 -2.6411562594606455 0 0 0 0 1
1685094292.183646679 -0.23039608304801734 -2.6704362084215787 0 0 0 0 1
1685094292.216979980 -0.2377231750825803 -2.6996230670538526 0 0 0 0 1
1685094292.250313282 -0.24487468333736118 -2.72849567292717 0 0 0 0 1
1685094292.283646584 -0.2523174241976446 -2.75675994809977 0 0 0 0 1
1685094292.316979885 -0.2593015203502775 -2.7852126136530035 0 0 0 0 1
1685094292.350313425 -0.26637761199026105 -2.813412806557148 0 0 0 0 1
1685094292.383646727 -0.2735966796164808 -2.840330026793884 0 0 0 0 1
1685094292.416980028 -0.28121318942968754 -2.867770901015991 0 0 0 0 1
1685094292.450313330 -0.2889716249191797 -2.8950378228257736 0 0 0 0 1
