1685094260.014607906 6.868102810138067e-19 -1.4619334111942655e-18 0 0 0 0 1
1685094260.047941208 0.0006079502427106247 -0.022342713049212044 0 0 0 0 1
1685094260.081274509 0.002113403166444764 -0.044075851483269805 0 0 0 0 1
1685094260.114607811 0.0036339450097282386 -0.06511259100830641 0 0 0 0 1
1685094260.147941113 0.0061553686782280835 -0.08777863342846419 0 0 0 0 1
1685094260.181274414 0.008249620401630773 -0.11142763982149294 0 0 0 0 1
1685094260.214607716 0.038182330891283124 -0.10733420134908414 0 0 0 0 1
1685094260.247941256 0.03444556823077327 -0.08296895906612792 0 0 0 0 1
1685094260.281274557 0.0215559292234387 -0.060630991226504206 0 0 0 0 1
1685094260.314607859 0.008428504272555891 -0.03779832878518059 0 0 0 0 1
1685094260.347941160 -0.0037024804718273937 -0.02076657258672626 0 0 0 0 1
1685094260.381274462 -0.010682165835585842 0.0055417415830574185 0 0 0 0 1
1685094260.414607763 -0.017918019059796633 0.03193975827381399 0 0 0 0 1
1685094260.447941065 -0.02532857566429947 0.05927031107508 0 0 0 0 1
1685094260.481274366 -0.03274393532173024 0.087370735394282 0 0 0 0 1
1685094260.514607906 -0.04469934392704877 0.11255995054798193 0 0 0 0 1
1685094260.547941208 -0.06238351002235186 0.13411682009096612 0 0 0 0 1
1685094260.581274509 -0.08146624513131537 0.16076192502418615 0 0 0 0 1
1685094260.614607811 -0.10460038844181559 0.1819860758857155 0 0 0 0 1
1685094260.647941113 -0.12798581026605027 0.20293303778013647 0 0 0 0 1
1685094260.681274414 -0.15213514229341624 0.22414780348515748 0 0 0 0 1
1685094260.714607716 -0.17633644801238307 0.24519454561313542 0 0 0 0 1
1685094260.747941256 -0.20076665283787556 0.26597515303661995 0 0 0 0 1
1685094260.781274557 -0.22532260554458772 0.2872630405790714 0 0 0 0 1
1685094260.814607859 -0.24908427722479723 0.3096835770073993 0 0 0 0 1
1685094260.847941160 -0.2721276519874548 0.33284173700165964 0 0 0 0 1
1685094260.881274462 -0.2944298431718542 0.3567145198965496 0 0 0 0 1
1685094260.914607763 -0.31596870026020457 0.38127821526389355 0 0 0 0 1
1685094260.947941065 -0.33799785516790587 0.40784886991447294 0 0 0 0 1
1685094260.981274366 -0.35163882725072476 0.42105177750067846 0 0 0 0 1
1685094261.014607906 -0.38457649485242473 0.428078839169043 0 0 0 0 1
1685094261.047941208 -0.4175116214578399 0.4351178006134854 0 0 0 0 1
1685094261.081274509 -0.45044420276779934 0.442168660915178 0 0 0 0 1
1685094261.114607811 -0.48337423448346417 0.44923141915374026 0 0 0 0 1
1685094261.147941113 -0.5157629162599885 0.4550414737241138 0 0 0 0 1
1685094261.181274414 -0.5524280348445456 0.45762426980363113 0 0 0 0 1
1685094261.214607716 -0.5887233548873391 0.45182327856081644 0 0 0 0 1
1685094261.247941256 -0.620884644246856 0.44239912510879337 0 0 0 0 1
1685094261.281274557 -0.6148127379168764 0.4447127164181896 0 0 0 0 1
1685094261.314607859 -0.6086019320051346 0.4466223344830481 0 0 0 0 1
1685094261.347941160 -0.6275059240442161 0.44515727733093974 0 0 0 0 1
1685094261.381274462 -0.6464446143479619 0.44607013934209455 0 0 0 0 1
1685094261.414607763 -0.6651200628881053 0.44934655953753005 0 0 0 0 1
1685094261.447941065 -0.6832384709078846 0.4549349938711701 0 0 0 0 1
1685094261.481274366 -0.718032273755044 0.44865794207380555 0 0 0 0 1
1685094261.514607906 -0.7264041246197034 0.41430794631057877 0 0 0 0 1
1685094261.547941208 -0.7096529610003465 0.39967884615031135 0 0 0 0 1
1685094261.581274509 -0.6930784152272678 0.38484993902545145 0 0 0 0 1
1685094261.614607811 -0.6766828704344194 0.36982335707720676 0 0 0 0 1
1685094261.647941113 -0.6604686840184988 0.35460126086901717 0 0 0 0 1
1685094261.681274414 -0.6522853213298518 0.35491270577068623 0 0 0 0 1
1685094261.714607716 -0.6354895977947892 0.3865799703931719 0 0 0 0 1
1685094261.747941256 -0.6240690079678333 0.4076061582987585 0 0 0 0 1
1685094261.781274557 -0.6127417825943376 0.42868279026818495 0 0 0 0 1
1685094261.814607859 -0.6015081444778736 0.44980945172959286 0 0 0 0 1
1685094261.847941160 -0.5903683145811754 0.4709857271270568 0 0 0 0 1
1685094261.881274462 -0.5793225120217942 0.49221119992875845 0 0 0 0 1
1685094261.914607763 -0.557676911782475 0.5188052608275772 0 0 0 0 1
1685094261.947941065 -0.561158835733678 0.5313485461411487 0 0 0 0 1
1685094261.981274366 -0.5636726157906613 0.5185759696318953 0 0 0 0 1
1685094262.014607906 -0.5556971803113516 0.5288643237167325 0 0 0 0 1
1685094262.047941208 -0.5674399025956894 0.5232459365627056 0 0 0 0 1
1685094262.081274509 -0.5421864996385327 0.5048709839588973 0 0 0 0 1
1685094262.114607811 -0.5706405079935807 0.5177450917974851 0 0 0 0 1
1685094262.147941113 -0.5486786475779838 0.5095245613121077 0 0 0 0 1
1685094262.181274414 -0.5653123987036759 0.4929952310817651 0 0 0 0 1
1685094262.214607716 -0.5792093120543739 0.49407225785834463 0 0 0 0 1
1685094262.247941256 -0.5675810560651873 0.5017578189962331 0 0 0 0 1
1685094262.281274557 -0.5720370124762044 0.4885506754815517 0 0 0 0 1
1685094262.314607859 -0.5766324350163059 0.5017099413817531 0 0 0 0 1
1685094262.347941160 -0.5649235258446202 0.494147823069832 0 0 0 0 1
1685094262.381274462 -0.5788082679379368 0.4929238441662729 0 0 0 0 1
1685094262.414607763 -0.6099588998136014 0.474866786988567 0 0 0 0 1
1685094262.447941065 -0.6411757864850267 0.456924513812754 0 0 0 0 1
1685094262.481274366 -0.6724585049974668 0.4390972677370542 0 0 0 0 1
1685094262.514607906 -0.7038066315042261 0.4213852903011965 0 0 0 0 1
1685094262.547941208 -0.7257613038820607 0.42297647350067724 0 0 0 0 1
1685094262.581274509 -0.7542080962682389 0.44375989226766827 0 0 0 0 1
1685094262.614607811 -0.7804007300720167 0.4673208011450363 0 0 0 0 1
1685094262.647941113 -0.7955293541111552 0.48993742517292377 0 0 0 0 1
1685094262.681274414 -0.7929375310989187 0.5170237575420293 0 0 0 0 1
1685094262.714607716 -0.7737944463434618 0.5363610079614094 0 0 0 0 1
1685094262.747941256 -0.7467356483923423 0.5392260387076502 0 0 0 0 1
1685094262.781274557 -0.7239675066123796 0.5243264189935791 0 0 0 0 1
1685094262.814607859 -0.7157608522823462 0.49838344745129504 0 0 0 0 1
1685094262.847941160 -0.7214962409037396 0.4600402124696447 0 0 0 0 1
1685094262.881274462 -0.7262554719910207 0.42156362126207636 0 0 0 0 1
1685094262.914607763 -0.7300354721388264 0.382978521153627 0 0 0 0 1
1685094262.947941065 -0.7328338003073098 0.34430982954196343 0 0 0 0 1
1685094262.981274366 -0.7346486493985088 0.30558251780628204 0 0 0 0 1
1685094263.014607906 -0.7354788474233297 0.26682159518134896 0 0 0 0 1
1685094263.047941208 -0.7353238582583913 0.22805209260709322 0 0 0 0 1
1685094263.081274509 -0.7498713367350277 0.1973826533322003 0 0 0 0 1
1685094263.114607811 -0.7739910075276324 0.17349782307697506 0 0 0 0 1
1685094263.147941113 -0.8048013095141584 0.15925110671973638 0 0 0 0 1
1685094263.181274414 -0.8386213562875613 0.15634455004397957 0 0 0 0 1
1685094263.214607716 -0.8714106892211039 0.1651253974539878 0 0 0 0 1
1685094263.247941256 -0.8992519883890052 0.1845446069154452 0 0 0 0 1
1685094263.281274557 -0.9188190721879042 0.2122821783136663 0 0 0 0 1
1685094263.314607859 -0.9521560015517446 0.217269493380876 0 0 0 0 1
1685094263.347941160 -0.9836479221904216 0.2052493808407798 0 0 0 0 1
1685094263.381274462 -1.0051834769761607 0.17931785464080957 0 0 0 0 1
1685094263.414607763 -1.0112157646000164 0.14615408409202565 0 0 0 0 1
1685094263.447941065 -1.0001910519703825 0.11430004380789051 0 0 0 0 1
1685094263.481274366 -0.9934279165872234 0.08252438408679627 0 0 0 0 1
1685094263.514607906 -0.9799548870064609 0.05296241485540696 0 0 0 0 1
1685094263.547941208 -0.9581278535856508 0.02250058926540874 0 0 0 0 1
1685094263.581274509 -0.937478420642734 -0.008771492938445325 0 0 0 0 1
1685094263.614607811 -0.9180366322315159 -0.04080833219580736 0 0 0 0 1
1685094263.647941113 -0.8998307753339545 -0.07356331625707876 0 0 0 0 1
1685094263.681274414 -0.8828873387037951 -0.10698878800226737 0 0 0 0 1
1685094263.714607716 -0.8678786212208432 -0.14007755755615706 0 0 0 0 1
1685094263.747941256 -0.8524765296443175 -0.17298506196080304 0 0 0 0 1
1685094263.781274557 -0.8366832527281548 -0.20570662481044216 0 0 0 0 1
1685094263.814607859 -0.8042842381590405 -0.19718162008146686 0 0 0 0 1
1685094263.847941160 -0.8108287217827037 -0.23003799822602713 0 0 0 0 1
1685094263.881274462 -0.8374885094307445 -0.20974939124476508 0 0 0 0 1
1685094263.914607763 -0.8075645539070354 -0.19468523721960246 0 0 0 0 1
1685094263.947941065 -0.8071467711294347 -0.22818445076603477 0 0 0 0 1
1685094263.981274366 -0.8374371039415973 -0.2138712544490986 0 0 0 0 1
1685094264.014607906 -0.8112915849339704 -0.19292409028540933 0 0 0 0 1
1685094264.047941208 -0.8039297328366889 -0.22560703666997642 0 0 0 0 1
1685094264.081274509 -0.8018267157686715 -0.19047067419423913 0 0 0 0 1
1685094264.114607811 -0.7990286244564826 -0.15538282253838215 0 0 0 0 1
1685094264.147941113 -0.7955365552973926 -0.12035723044056167 0 0 0 0 1
1685094264.181274414 -0.7917504133122699 -0.08549224900386543 0 0 0 0 1
1685094264.214607716 -0.7876678621611362 -0.050660731985351024 0 0 0 0 1
1685094264.247941256 -0.7832891971995238 -0.015865199299866357 0 0 0 0 1
1685094264.281274557 -0.778614735205564 0.018891831741056953 0 0 0 0 1
1685094264.314607859 -0.7736448143570677 0.05360784661132054 0 0 0 0 1
1685094264.347941160 -0.7683797942070607 0.08828033375217478 0 0 0 0 1
1685094264.381274462 -0.7628200556577714 0.12290678475391952 0 0 0 0 1
1685094264.414607763 -0.7766009265080536 0.12377821424028446 0 0 0 0 1
1685094264.447941065 -0.7746791633661305 0.13745222671534854 0 0 0 0 1
1685094264.481274366 -0.7611919441160777 0.13449136406354123 0 0 0 0 1
1685094264.514607906 -0.792243227703082 0.1468282445485537 0 0 0 0 1
1685094264.547941208 -0.8234117626617807 0.15886582159006904 0 0 0 0 1
1685094264.581274509 -0.8546946640821182 0.17060298100908908 0 0 0 0 1
1685094264.614607811 -0.8860890364684607 0.18203863643279333 0 0 0 0 1
1685094264.647941113 -0.9164348680082999 0.1927642576661255 0 0 0 0 1
1685094264.681274414 -0.9466225447531633 0.2039272597458902 0 0 0 0 1
1685094264.714607716 -0.9766457630131345 0.21552531165124603 0 0 0 0 1
1685094264.747941256 -1.0064982534399691 0.2275559915156987 0 0 0 0 1
1685094264.781274557 -1.0361737823362391 0.2400167871328274 0 0 0 0 1
1685094264.814607859 -1.0656661529570324 0.2529050964808751 0 0 0 0 1
1685094264.847941160 -1.094969206803937 0.26621822826609415 0 0 0 0 1
1685094264.881274462 -1.1163020047494587 0.2689188915048617 0 0 0 0 1
1685094264.914607763 -1.1373560559812004 0.2645475328093408 0 0 0 0 1
1685094264.947941065 -1.1475571600618777 0.23883069670055532 0 0 0 0 1
1685094264.981274366 -1.1269303704900078 0.25726853106006564 0 0 0 0 1
1685094265.014607906 -1.1536258622272024 0.250004310191982 0 0 0 0 1
1685094265.047941208 -1.1671992729618714 0.2403857378182648 0 0 0 0 1
1685094265.081274509 -1.1876894489994265 0.21678243323953886 0 0 0 0 1
1685094265.114607811 -1.2089453117863544 0.19386624685808795 0 0 0 0 1
1685094265.147941113 -1.2309438334699034 0.17166200526274142 0 0 0 0 1
1685094265.181274414 -1.2536611816268426 0.15019376374643373 0 0 0 0 1
1685094265.214607716 -1.248031378338293 0.14291026840930793 0 0 0 0 1
1685094265.247941256 -1.2728003016820333 0.16185278056390925 0 0 0 0 1
1685094265.281274557 -1.2964555656947392 0.18709381887431734 0 0 0 0 1
1685094265.314607859 -1.2984325451007364 0.20146298554883724 0 0 0 0 1
1685094265.347941160 -1.2940649690945007 0.23298030748609305 0 0 0 0 1
1685094265.381274462 -1.2897530232302343 0.26450528845564336 0 0 0 0 1
1685094265.414607763 -1.28532600338391 0.29496027797070123 0 0 0 0 1
1685094265.447941065 -1.281192722922782 0.32545652173467465 0 0 0 0 1
1685094265.481274366 -1.2773535658229103 0.3559911866885355 0 0 0 0 1
1685094265.514607906 -1.2738088887366996 0.3865614362039799 0 0 0 0 1
1685094265.547941208 -1.2706380787112312 0.41672611840503737 0 0 0 0 1
1685094265.581274509 -1.267468031085406 0.4468908807372422 0 0 0 0 1
1685094265.614607811 -1.2642987458612487 0.477055723181325 0 0 0 0 1
1685094265.647941113 -1.263022340693102 0.4759567406898554 0 0 0 0 1
1685094265.681274414 -1.26050841610754 0.5059414610400296 0 0 0 0 1
1685094265.714607716 -1.2589588247430192 0.5360946562306306 0 0 0 0 1
1685094265.747941256 -1.2579888552788439 0.565204785220897 0 0 0 0 1
1685094265.781274557 -1.2573173736887269 0.5943233285063279 0 0 0 0 1
1685094265.814607859 -1.2560483869747054 0.5924379129829203 0 0 0 0 1
1685094265.847941160 -1.2308834736945684 0.5982985733823337 0 0 0 0 1
1685094265.881274462 -1.205944376969847 0.6039255800352769 0 0 0 0 1
