1685094351.217826128 2.1406250526759789e-19 1.0883310717641143e-19 0 0 0 0 1
1685094351.251159430 0.00025103194845116323 -0.020127894236072797 0 0 0 0 1
1685094351.284492731 0.0005769060587780036 -0.04025471587988665 0 0 0 0 1
1685094351.317826033 0.0004219452881321587 -0.05954275208401033 0 0 0 0 1
1685094351.351159334 0.0010020041048599928 -0.07943431787080557 0 0 0 0 1
1685094351.384492636 -0.0002824284996241843 -0.09997433655641845 0 0 0 0 1
1685094351.417825937 -0.0014618885929011279 -0.12053338367207296 0 0 0 0 1
1685094351.451159477 -0.0024137097179080416 -0.14172309608736833 0 0 0 0 1
1685094351.484492779 -0.00352335686419262 -0.16361270967609734 0 0 0 0 1
1685094351.517826080 -0.00463698046802275 -0.18601767239520303 0 0 0 0 1
1685094351.551159382 -0.006389933153629074 -0.206774686461367 0 0 0 0 1
1685094351.584492683 -0.0073476025627417126 -0.23017311925428816 0 0 0 0 1
1685094351.617825985 -0.008073989358509982 -0.2535798736231649 0 0 0 0 1
1685094351.651159286 -0.014802967815589603 -0.2466594893719292 0 0 0 0 1
1685094351.684492826 -0.029043124963706937 -0.2245482896348485 0 0 0 0 1
1685094351.717826128 -0.04368073718224593 -0.20245001827506792 0 0 0 0 1
1685094351.751159430 -0.052158478512173645 -0.1927300634550088 0 0 0 0 1
1685094351.784492731 -0.06910466850249818 -0.17077053115201682 0 0 0 0 1
1685094351.817826033 -0.08172688464710019 -0.14244768073129935 0 0 0 0 1
1685094351.851159334 -0.08832144843609571 -0.13612387254975172 0 0 0 0 1
1685094351.884492636 -0.10018938209170167 -0.10887272912712033 0 0 0 0 1
1685094351.917825937 -0.11197054796835779 -0.08115631940077099 0 0 0 0 1
1685094351.951159477 -0.12325261928034427 -0.05330552256869196 0 0 0 0 1
1685094351.984492779 -0.1351338740401493 -0.025705018902941537 0 0 0 0 1
1685094352.017826080 -0.14968323352139232 -0.010970065249340468 0 0 0 0 1
1685094352.051159382 -0.1459606403250303 -0.022840096940694707 0 0 0 0 1
1685094352.084492683 -0.14097312631775344 -0.011443603774524155 0 0 0 0 1
1685094352.117825985 -0.1522184835948132 -0.016763123693711725 0 0 0 0 1
1685094352.151159286 -0.18455930611271368 -0.02098267707894568 0 0 0 0 1
1685094352.184492826 -0.2169282511012782 -0.024980780658451773 0 0 0 0 1
1685094352.217826128 -0.2493238022282353 -0.028757247139950797 0 0 0 0 1
1685094352.251159430 -0.28174444191494147 -0.03231189961381533 0 0 0 0 1
1685094352.284492731 -0.31418865140747254 -0.035644571561357086 0 0 0 0 1
1685094352.317826033 -0.3466549108477704 -0.03875510686262759 0 0 0 0 1
1685094352.351159334 -0.3791416993448407 -0.0416433598037316 0 0 0 0 1
1685094352.384492636 -0.3782228083085507 -0.04694467400463925 0 0 0 0 1
1685094352.417825937 -0.38288015979371703 -0.0442507233486438 0 0 0 0 1
1685094352.451159477 -0.3736414538061814 -0.07647221118085896 0 0 0 0 1
1685094352.484492779 -0.37746811067077457 -0.07505307832253565 0 0 0 0 1
1685094352.517826080 -0.39163734022321245 -0.07129629380833098 0 0 0 0 1
1685094352.551159382 -0.41980633464808365 -0.053819928822024146 0 0 0 0 1
1685094352.584492683 -0.4479073653926215 -0.0362344902111285 0 0 0 0 1
1685094352.617825985 -0.43212338440393155 -0.016086013542194712 0 0 0 0 1
1685094352.651159286 -0.3996033742520663 -0.019803064398066086 0 0 0 0 1
1685094352.684492826 -0.3718272477835495 -0.021427893570846197 0 0 0 0 1
1685094352.717826128 -0.3440603704841162 -0.019652000422603202 0 0 0 0 1
1685094352.751159430 -0.3500493193014289 -0.015001139481495831 0 0 0 0 1
1685094352.784492731 -0.3647062023881853 0.01581474249755426 0 0 0 0 1
1685094352.817826033 -0.3798632856888617 0.04659614977300703 0 0 0 0 1
1685094352.851159334 -0.3801923810051976 0.01897486214949392 0 0 0 0 1
1685094352.884492636 -0.397057419087929 0.04085211801434345 0 0 0 0 1
1685094352.917825937 -0.3702617795879437 0.03414111678539844 0 0 0 0 1
1685094352.951159477 -0.39544751976474424 0.022795530619194083 0 0 0 0 1
1685094352.984492779 -0.3827188189153452 0.047311321619987454 0 0 0 0 1
1685094353.017826080 -0.403984525504584 0.0744011608034301 0 0 0 0 1
1685094353.051159382 -0.42537184296579034 0.10139509189058302 0 0 0 0 1
1685094353.084492683 -0.44688033876023736 0.12829256895414118 0 0 0 0 1
1685094353.117825985 -0.46850957789847847 0.15509304801749293 0 0 0 0 1
1685094353.151159286 -0.49025912294914464 0.18179598706572173 0 0 0 0 1
1685094353.184492826 -0.5121285340477909 0.20840084605656756 0 0 0 0 1
1685094353.217826128 -0.5358643159236782 0.21340124938657443 0 0 0 0 1
1685094353.251159430 -0.5151888824835695 0.22401276997739789 0 0 0 0 1
1685094353.284492731 -0.49328102540880664 0.23176671836371035 0 0 0 0 1
1685094353.317826033 -0.47053359272983775 0.23652405203937507 0 0 0 0 1
1685094353.351159334 -0.44735448760648305 0.23819946329226432 0 0 0 0 1
1685094353.384492636 -0.45253947966959923 0.2171365514899662 0 0 0 0 1
1685094353.417825937 -0.46755040394045777 0.23279549618047832 0 0 0 0 1
1685094353.451159477 -0.4747370076092849 0.26752584524543965 0 0 0 0 1
1685094353.484492779 -0.48224937596664247 0.30218718884504986 0 0 0 0 1
1685094353.517826080 -0.4900868467650025 0.3367764714330382 0 0 0 0 1
1685094353.551159382 -0.4994397200527742 0.3624470953513605 0 0 0 0 1
1685094353.584492683 -0.5156516011826696 0.3844387319735675 0 0 0 0 1
1685094353.617825985 -0.5148768724965721 0.3713110335193114 0 0 0 0 1
1685094353.651159286 -0.5280201563946519 0.37087427315318877 0 0 0 0 1
1685094353.684492826 -0.5043837204206952 0.3449573102836082 0 0 0 0 1
1685094353.717826128 -0.4803552861212344 0.3194033592182514 0 0 0 0 1
1685094353.751159430 -0.45594042798368095 0.2942183483574774 0 0 0 0 1
1685094353.784492731 -0.4311448101440186 0.269408120509197 0 0 0 0 1
1685094353.817826033 -0.4059741850727493 0.2449784315333677 0 0 0 0 1
1685094353.851159334 -0.38043439224034603 0.22093494900666016 0 0 0 0 1
1685094353.884492636 -0.3545313567625226 0.19728325090760637 0 0 0 0 1
1685094353.917825937 -0.32910852677487507 0.1747376150273471 0 0 0 0 1
1685094353.951159477 -0.309540578802156 0.14695774112621102 0 0 0 0 1
1685094353.984492779 -0.29271934184841075 0.14609116940892752 0 0 0 0 1
1685094354.017826080 -0.27587783649629466 0.146353193586986 0 0 0 0 1
1685094354.051159382 -0.25909169916513314 0.14774263689084063 0 0 0 0 1
1685094354.084492683 -0.24243631761246248 0.15025325923006227 0 0 0 0 1
1685094354.117825985 -0.22598649236215526 0.15387378521803635 0 0 0 0 1
1685094354.151159286 -0.20981610076985438 0.15858795481053997 0 0 0 0 1
1685094354.184492826 -0.18428155909252023 0.13332666028002363 0 0 0 0 1
1685094354.217826128 -0.15937385149966998 0.10823458240765284 0 0 0 0 1
1685094354.251159430 -0.14289584263857183 0.10451744727326949 0 0 0 0 1
1685094354.284492731 -0.1276912965859334 0.11187704298002497 0 0 0 0 1
1685094354.317826033 -0.10804672542528185 0.11172398850095758 0 0 0 0 1
1685094354.351159334 -0.08848674945832587 0.10989643769959281 0 0 0 0 1
1685094354.384492636 -0.08475148756832451 0.11603393803303412 0 0 0 0 1
1685094354.417825937 -0.07320484396587672 0.11565638791170957 0 0 0 0 1
1685094354.451159477 -0.08442089341373012 0.11288731634178431 0 0 0 0 1
1685094354.484492779 -0.08717434331958138 0.11243207330130733 0 0 0 0 1
1685094354.517826080 -0.10512126223789602 0.1322588640888982 0 0 0 0 1
1685094354.551159382 -0.11898201909683613 0.1641127790807489 0 0 0 0 1
1685094354.584492683 -0.13269889626546844 0.19602891546583412 0 0 0 0 1
1685094354.617825985 -0.14627161443893777 0.22800662336359134 0 0 0 0 1
1685094354.651159286 -0.1596998972477733 0.2600452516397307 0 0 0 0 1
1685094354.684492826 -0.1729834712635162 0.2921441479194937 0 0 0 0 1
1685094354.717826128 -0.18649430501191208 0.3240518007932748 0 0 0 0 1
1685094354.751159430 -0.19613301905813138 0.3292781391799389 0 0 0 0 1
1685094354.784492731 -0.18968775638340404 0.3204080765843047 0 0 0 0 1
1685094354.817826033 -0.19168102208026577 0.3311898349408261 0 0 0 0 1
1685094354.851159334 -0.2199964307541569 0.3114493959110942 0 0 0 0 1
1685094354.884492636 -0.23304434728479784 0.3034184442165576 0 0 0 0 1
1685094354.917825937 -0.2464707029659235 0.29603757136611114 0 0 0 0 1
1685094354.951159477 -0.2737078027913155 0.2708056236401716 0 0 0 0 1
1685094354.984492779 -0.30578403682041155 0.2535052060459495 0 0 0 0 1
1685094355.017826080 -0.3378984679888807 0.2362757966205087 0 0 0 0 1
1685094355.051159382 -0.32899217963743155 0.23451751801435508 0 0 0 0 1
1685094355.084492683 -0.3615680549540124 0.21867457750839261 0 0 0 0 1
1685094355.117825985 -0.3904019884065219 0.19764282109640494 0 0 0 0 1
1685094355.151159286 -0.41428418678555967 0.17112167676398182 0 0 0 0 1
1685094355.184492826 -0.4321899158758296 0.1402491102710128 0 0 0 0 1
1685094355.217826128 -0.44848697088079276 0.109233833138038 0 0 0 0 1
1685094355.251159430 -0.464781640675533 0.07794811168090866 0 0 0 0 1
1685094355.284492731 -0.4807206904857665 0.04647972560917637 0 0 0 0 1
1685094355.317826033 -0.4758074923840154 0.051670081358113934 0 0 0 0 1
1685094355.351159334 -0.4697840407456515 0.0555168122751228 0 0 0 0 1
1685094355.384492636 -0.46423267336007984 0.06460414190768679 0 0 0 0 1
1685094355.417825937 -0.4656372364781298 0.09917126541148101 0 0 0 0 1
1685094355.451159477 -0.4675153811872462 0.13371589447781737 0 0 0 0 1
1685094355.484492779 -0.4698667547476303 0.16823154117983763 0 0 0 0 1
1685094355.517826080 -0.4726909155410019 0.2027117230339453 0 0 0 0 1
1685094355.551159382 -0.475987333153541 0.23714996421729984 0 0 0 0 1
1685094355.584492683 -0.4797553884755065 0.27153979678405954 0 0 0 0 1
1685094355.617825985 -0.48399437381751237 0.3058747618801451 0 0 0 0 1
1685094355.651159286 -0.48870349304344163 0.34014841095629605 0 0 0 0 1
1685094355.684492826 -0.49456919966237506 0.3744191333202367 0 0 0 0 1
1685094355.717826128 -0.5015694723215908 0.4084762193403638 0 0 0 0 1
1685094355.751159430 -0.5096965927540621 0.4422821188101578 0 0 0 0 1
1685094355.784492731 -0.5180919096604867 0.47589284075185573 0 0 0 0 1
1685094355.817826033 -0.5264771521704495 0.5095060774816108 0 0 0 0 1
1685094355.851159334 -0.5343841041850735 0.542052347043352 0 0 0 0 1
1685094355.884492636 -0.5428280568140393 0.5744634441637347 0 0 0 0 1
1685094355.917825937 -0.5518067018817592 0.6067305091882299 0 0 0 0 1
1685094355.951159477 -0.5604744802406072 0.6385180901703461 0 0 0 0 1
1685094355.984492779 -0.5758730257486803 0.668387172616231 0 0 0 0 1
1685094356.017826080 -0.5911084723976918 0.6983397760978718 0 0 0 0 1
1685094356.051159382 -0.6069002819027867 0.7291260642646687 0 0 0 0 1
1685094356.084492683 -0.6228326742337692 0.7598398341593907 0 0 0 0 1
1685094356.117825985 -0.6389053163845306 0.7904804438274088 0 0 0 0 1
1685094356.151159286 -0.654612926835433 0.821182021918877 0 0 0 0 1
1685094356.184492826 -0.66902042464494 0.8525147512965241 0 0 0 0 1
1685094356.217826128 -0.6816419604853231 0.8826125246528641 0 0 0 0 1
1685094356.251159430 -0.6631377141046759 0.8934279013748969 0 0 0 0 1
1685094356.284492731 -0.6307425133941035 0.8839592858931219 0 0 0 0 1
1685094356.317826033 -0.6408110986295015 0.8517455108958089 0 0 0 0 1
1685094356.351159334 -0.672832337322443 0.862410593210993 0 0 0 0 1
1685094356.384492636 -0.661574436334266 0.8942282514145816 0 0 0 0 1
1685094356.417825937 -0.6299713325897212 0.8823814146244714 0 0 0 0 1
1685094356.451159477 -0.6424030191856479 0.8510037653084275 0 0 0 0 1
1685094356.484492779 -0.6735443918633868 0.8640160139982644 0 0 0 0 1
1685094356.517826080 -0.6727511484058888 0.8969345659357715 0 0 0 0 1
1685094356.551159382 -0.6723132874505164 0.9300412689617448 0 0 0 0 1
1685094356.584492683 -0.6725910251599169 0.9631497024678924 0 0 0 0 1
1685094356.617825985 -0.6563300435445664 0.9723629018604735 0 0 0 0 1
1685094356.651159286 -0.6606228877118215 0.9541729580700742 0 0 0 0 1
1685094356.684492826 -0.6901674723464708 0.9514578708962221 0 0 0 0 1
1685094356.717826128 -0.7197442225270078 0.9491190617219468 0 0 0 0 1
1685094356.751159430 -0.7169979418331978 0.9541476913827033 0 0 0 0 1
1685094356.784492731 -0.6979356754339493 0.979789726039176 0 0 0 0 1
1685094356.817826033 -0.6842374373210952 1.0098180114481188 0 0 0 0 1
1685094356.851159334 -0.6736509091510114 1.0401318087121165 0 0 0 0 1
1685094356.884492636 -0.6629533844589529 1.0698862823768416 0 0 0 0 1
1685094356.917825937 -0.6515329836860358 1.099370857730541 0 0 0 0 1
1685094356.951159477 -0.6393965080742156 1.1285679756932048 0 0 0 0 1
1685094356.984492779 -0.628372858806227 1.1569821708388548 0 0 0 0 1
1685094357.017826080 -0.6191226496689672 1.1860221598174279 0 0 0 0 1
1685094357.051159382 -0.6101281621623934 1.21439862373551 0 0 0 0 1
1685094357.084492683 -0.6008309841817235 1.2426773611825017 0 0 0 0 1
1685094357.117825985 -0.5912321772188271 1.2708551434743924 0 0 0 0 1
1685094357.151159286 -0.5824927578009848 1.296235888264841 0 0 0 0 1
