1685093680.734232187 -4.703243215047368e-20 7.562734601184519e-19 0 0 0 0 1
1685093680.767565489 -0.00016019117588280285 -0.0178120741653772 0 0 0 0 1
1685093680.800898790 -0.004843878630012486 -0.0393694640637906 0 0 0 0 1
1685093680.834232092 -0.007827027060566698 -0.056894693282064084 0 0 0 0 1
1685093680.867565393 -0.011826811008346585 -0.07421619905040958 0 0 0 0 1
1685093680.900898695 -0.0154544029220985 -0.08948092048970578 0 0 0 0 1
1685093680.934232235 -0.020836801026881003 -0.10916101864684319 0 0 0 0 1
1685093680.967565536 -0.026233478271817056 -0.12910844223006226 0 0 0 0 1
1685093681.000898838 -0.03152506056081342 -0.1498077210263105 0 0 0 0 1
1685093681.034232140 -0.037162885943130844 -0.17072690032331173 0 0 0 0 1
1685093681.067565441 -0.042542692731288835 -0.191995808947425 0 0 0 0 1
1685093681.100898743 -0.047692743695210586 -0.2132731560182452 0 0 0 0 1
1685093681.134232044 -0.0527372561053667 -0.23486659715054622 0 0 0 0 1
1685093681.167565584 -0.05891481143417156 -0.26249300056513586 0 0 0 0 1
1685093681.200898886 -0.06320522248447512 -0.2851457445506886 0 0 0 0 1
1685093681.234232187 -0.06123859111159461 -0.3049455945696949 0 0 0 0 1
1685093681.267565489 -0.06413961186161295 -0.3346639094483246 0 0 0 0 1
1685093681.300898790 -0.06630951242271904 -0.3585337589001756 0 0 0 0 1
1685093681.334232092 -0.06880594983461369 -0.38255539370483593 0 0 0 0 1
1685093681.367565393 -0.0714243848523205 -0.4067481283466135 0 0 0 0 1
1685093681.400898695 -0.07442673782362642 -0.4310301027529644 0 0 0 0 1
1685093681.434232235 -0.07749797443758427 -0.45530346078386047 0 0 0 0 1
1685093681.467565536 -0.08036329725277876 -0.48050102918282184 0 0 0 0 1
1685093681.500898838 -0.08369322615753043 -0.5121937459550281 0 0 0 0 1
1685093681.534232140 -0.08682439585891637 -0.5439067164752285 0 0 0 0 1
1685093681.567565441 -0.08975668328461431 -0.5756386942479275 0 0 0 0 1
1685093681.600898743 -0.09185700911386882 -0.6010542281765269 0 0 0 0 1
1685093681.634232044 -0.09389486504882077 -0.6264748473006395 0 0 0 0 1
1685093681.667565584 -0.09199582036130775 -0.6453440333795046 0 0 0 0 1
1685093681.700898886 -0.08949595157181515 -0.6714861366298165 0 0 0 0 1
1685093681.734232187 -0.08726923064120028 -0.6978160051062242 0 0 0 0 1
1685093681.767565489 -0.08529565147198363 -0.724787279872009 0 0 0 0 1
1685093681.800898790 -0.09640476145098133 -0.727586510584944 0 0 0 0 1
1685093681.834232092 -0.11173239538137784 -0.7504709443159476 0 0 0 0 1
1685093681.867565393 -0.12681717797612102 -0.7728539825707444 0 0 0 0 1
1685093681.900898695 -0.14178987302781482 -0.7955136562053797 0 0 0 0 1
1685093681.934232235 -0.1377311546058953 -0.7874857454723636 0 0 0 0 1
1685093681.967565536 -0.15365018426994645 -0.7691198101029089 0 0 0 0 1
1685093682.000898838 -0.16452320286435015 -0.7473827322384469 0 0 0 0 1
1685093682.034232140 -0.16967236520284 -0.7236296437097564 0 0 0 0 1
1685093682.067565441 -0.17940137841194437 -0.698413718781679 0 0 0 0 1
1685093682.100898743 -0.18920712238805315 -0.6731547212625997 0 0 0 0 1
1685093682.134232044 -0.19902713762395402 -0.6479012686004286 0 0 0 0 1
1685093682.167565584 -0.20387950054206597 -0.6459713186797609 0 0 0 0 1
1685093682.200898886 -0.20577425116813758 -0.6411051032457344 0 0 0 0 1
1685093682.234232187 -0.1793592779491353 -0.6321478394397395 0 0 0 0 1
1685093682.267565489 -0.15700444564278349 -0.6336275095796459 0 0 0 0 1
1685093682.300898790 -0.1294936109228401 -0.6400274167464196 0 0 0 0 1
1685093682.334232092 -0.09861529155297272 -0.6534903097602003 0 0 0 0 1
1685093682.367565393 -0.07231044283352103 -0.6643417731326505 0 0 0 0 1
1685093682.400898695 -0.046023828992780076 -0.6752373344428644 0 0 0 0 1
1685093682.434232235 -0.019731174947810303 -0.6865165552078445 0 0 0 0 1
1685093682.467565536 0.006681808212452341 -0.6979948056850631 0 0 0 0 1
1685093682.500898838 -0.006191962928786822 -0.6948713937768173 0 0 0 0 1
1685093682.534232140 -0.008009729773496316 -0.6817494499785896 0 0 0 0 1
1685093682.567565441 -0.03488453619184439 -0.6916158210112324 0 0 0 0 1
1685093682.600898743 -0.06186242324622016 -0.7015496252651651 0 0 0 0 1
1685093682.634232044 -0.08890261344089329 -0.7120538615339659 0 0 0 0 1
1685093682.667565584 -0.09674170880582467 -0.6977312989634368 0 0 0 0 1
1685093682.700898886 -0.10120012773841126 -0.6693158774324494 0 0 0 0 1
1685093682.734232187 -0.10597970221038042 -0.6404858470128475 0 0 0 0 1
1685093682.767565489 -0.1102257940335907 -0.6113851623367785 0 0 0 0 1
1685093682.800898790 -0.11446624852107472 -0.5825503240103296 0 0 0 0 1
1685093682.834232092 -0.11883845652519603 -0.5537182187175094 0 0 0 0 1
1685093682.867565393 -0.12383538419886955 -0.5241626051024573 0 0 0 0 1
1685093682.900898695 -0.12856603808909117 -0.49442492896641027 0 0 0 0 1
1685093682.934232235 -0.13310177735601558 -0.464757068980773 0 0 0 0 1
1685093682.967565536 -0.13775515817195877 -0.43510743333703 0 0 0 0 1
1685093683.000898838 -0.14252610732484286 -0.40547648851568663 0 0 0 0 1
1685093683.034232140 -0.14741454975287618 -0.3758647007031836 0 0 0 0 1
1685093683.067565441 -0.1524204085457345 -0.34627253578456263 0 0 0 0 1
1685093683.100898743 -0.15754360494577074 -0.3167004593361365 0 0 0 0 1
1685093683.134232044 -0.16383905888920253 -0.2870796829702619 0 0 0 0 1
1685093683.167565584 -0.17047443187045783 -0.25753319488333926 0 0 0 0 1
1685093683.200898886 -0.17542992552502237 -0.24332440066345876 0 0 0 0 1
1685093683.234232187 -0.18050756680142205 -0.22915879761905775 0 0 0 0 1
1685093683.267565489 -0.1870151364826671 -0.19881613715151478 0 0 0 0 1
1685093683.300898790 -0.19677809833019055 -0.1535796120747831 0 0 0 0 1
1685093683.334232092 -0.20313258695623443 -0.12322137011830658 0 0 0 0 1
1685093683.367565393 -0.20944900494618468 -0.09300482901451822 0 0 0 0 1
1685093683.400898695 -0.2158319936937256 -0.06284145582398687 0 0 0 0 1
1685093683.434232235 -0.2223021848514292 -0.03269666765148057 0 0 0 0 1
1685093683.467565536 -0.2288595243088641 -0.0025707165989001892 0 0 0 0 1
1685093683.500898838 -0.23194319096039068 0.0035125084529849283 0 0 0 0 1
1685093683.534232140 -0.23289444579334045 0.010266006901375201 0 0 0 0 1
1685093683.567565441 -0.23161110817620356 0.016964340396361962 0 0 0 0 1
1685093683.600898743 -0.2106903890758372 0.03964014220279645 0 0 0 0 1
1685093683.634232044 -0.18993501985543595 0.06246738741035384 0 0 0 0 1
1685093683.667565584 -0.16928000953090022 0.08567030074752022 0 0 0 0 1
1685093683.700898886 -0.14879249589337237 0.1090212412808444 0 0 0 0 1
1685093683.734232187 -0.1283305041214035 0.1317426949379599 0 0 0 0 1
1685093683.767565489 -0.1078999477202265 0.1551159021308523 0 0 0 0 1
1685093683.800898790 -0.12827507118281078 0.12542663133316462 0 0 0 0 1
1685093683.834232092 -0.1284730892594749 0.15470745946016629 0 0 0 0 1
1685093683.867565393 -0.13565970001409097 0.17103681940218626 0 0 0 0 1
1685093683.900898695 -0.15222911069702358 0.19745860936340406 0 0 0 0 1
1685093683.934232235 -0.16914701757296263 0.2242418967748348 0 0 0 0 1
1685093683.967565536 -0.18665002069808717 0.24678460609767136 0 0 0 0 1
1685093684.000898838 -0.2069576358826206 0.26996352976589477 0 0 0 0 1
1685093684.034232140 -0.22768324760083944 0.2933668662461573 0 0 0 0 1
1685093684.067565441 -0.24799983249507707 0.3163362791142384 0 0 0 0 1
1685093684.100898743 -0.2684308905549192 0.3392039290989765 0 0 0 0 1
1685093684.134232044 -0.2884320160151713 0.3622159653637748 0 0 0 0 1
1685093684.167565584 -0.30854720619220555 0.38496937709150436 0 0 0 0 1
1685093684.200898886 -0.3285967301535142 0.4077806727591061 0 0 0 0 1
1685093684.234232187 -0.34864881130245223 0.41253327637901815 0 0 0 0 1
1685093684.267565489 -0.366004342591547 0.40142207782778827 0 0 0 0 1
1685093684.300898790 -0.37008131531797445 0.38122179335059425 0 0 0 0 1
1685093684.334232092 -0.35839391904161616 0.36424893360772936 0 0 0 0 1
1685093684.367565393 -0.3701162750460631 0.35514621823184866 0 0 0 0 1
1685093684.400898695 -0.3842438152960751 0.3596943677449557 0 0 0 0 1
1685093684.434232235 -0.38845393076231394 0.37392630314637687 0 0 0 0 1
1685093684.467565536 -0.37907438934062476 0.3854283577553632 0 0 0 0 1
1685093684.500898838 -0.36428640444598004 0.384167976755409 0 0 0 0 1
1685093684.534232140 -0.3569886514998363 0.37124451516625506 0 0 0 0 1
1685093684.567565441 -0.3635465242477859 0.3579303361629899 0 0 0 0 1
1685093684.600898743 -0.35483472223877155 0.3291561167761131 0 0 0 0 1
1685093684.634232044 -0.3459165060826127 0.3004452021936689 0 0 0 0 1
1685093684.667565584 -0.3578673864354148 0.31154463973942975 0 0 0 0 1
1685093684.700898886 -0.3846417096464801 0.3264986093242051 0 0 0 0 1
1685093684.734232187 -0.41139949957231076 0.3414821425536572 0 0 0 0 1
1685093684.767565489 -0.43814072356936495 0.3564952211484141 0 0 0 0 1
1685093684.800898790 -0.4648653490143109 0.3715378267930598 0 0 0 0 1
1685093684.834232092 -0.4837451282124536 0.3852215187352364 0 0 0 0 1
1685093684.867565393 -0.5065029444787178 0.3902980615086183 0 0 0 0 1
1685093684.900898695 -0.5294083111425433 0.38593530254957376 0 0 0 0 1
1685093684.934232235 -0.548706554907338 0.37284839018134985 0 0 0 0 1
1685093684.967565536 -0.5625579889286845 0.3459239954301966 0 0 0 0 1
1685093685.000898838 -0.5764991024895959 0.3190459261199687 0 0 0 0 1
1685093685.034232140 -0.5905297406589538 0.2922144809534443 0 0 0 0 1
1685093685.067565441 -0.5993468785565266 0.28302048621842785 0 0 0 0 1
1685093685.100898743 -0.6203420556786313 0.27626759924107136 0 0 0 0 1
1685093685.134232044 -0.6341611001618239 0.24967538867914219 0 0 0 0 1
1685093685.167565584 -0.6476249490266567 0.2228292645532945 0 0 0 0 1
1685093685.200898886 -0.661905410715231 0.19662759624839654 0 0 0 0 1
1685093685.234232187 -0.6768280044581807 0.17044318294054023 0 0 0 0 1
1685093685.267565489 -0.6919293006633289 0.14436142385074455 0 0 0 0 1
1685093685.300898790 -0.7072085931939164 0.1183835385623209 0 0 0 0 1
1685093685.334232092 -0.7226651675900742 0.09251074180144095 0 0 0 0 1
1685093685.367565393 -0.7382983011022316 0.06674424338033559 0 0 0 0 1
1685093685.400898695 -0.7541072627249119 0.04108524814072445 0 0 0 0 1
1685093685.434232235 -0.7700913132309142 0.015534955897477361 0 0 0 0 1
1685093685.467565536 -0.7862497052058793 -0.009905438617489251 0 0 0 0 1
1685093685.500898838 -0.8025816830832398 -0.03523474581107769 0 0 0 0 1
1685093685.534232140 -0.8171912884733062 -0.06067126093070342 0 0 0 0 1
1685093685.567565441 -0.8316941257876785 -0.08616880161440967 0 0 0 0 1
1685093685.600898743 -0.8462956168368406 -0.11134108619594998 0 0 0 0 1
1685093685.634232044 -0.8603956452572444 -0.13636236195351825 0 0 0 0 1
1685093685.667565584 -0.8746023296738119 -0.16203880776152607 0 0 0 0 1
1685093685.700898886 -0.8758316974567366 -0.17589950770339308 0 0 0 0 1
1685093685.734232187 -0.8764349265001082 -0.20526298557228803 0 0 0 0 1
1685093685.767565489 -0.8837847996691189 -0.22695721036345268 0 0 0 0 1
1685093685.800898790 -0.8969112729697696 -0.2530455478589357 0 0 0 0 1
1685093685.834232092 -0.9101963765002641 -0.27905346355348853 0 0 0 0 1
1685093685.867565393 -0.9236396175636955 -0.3049799929066704 0 0 0 0 1
1685093685.900898695 -0.9375267870624633 -0.33048559991918747 0 0 0 0 1
1685093685.934232235 -0.9512070093231916 -0.3560806966311831 0 0 0 0 1
1685093685.967565536 -0.9639229939894173 -0.3811394823635992 0 0 0 0 1
1685093686.000898838 -0.9763932931765974 -0.4055876205978533 0 0 0 0 1
1685093686.034232140 -0.9885733570490786 -0.42944511380254397 0 0 0 0 1
1685093686.067565441 -1.000826984916518 -0.4537185746242582 0 0 0 0 1
1685093686.100898743 -1.0132211721004818 -0.4778014657599334 0 0 0 0 1
1685093686.134232044 -1.025644918219285 -0.5018075055567786 0 0 0 0 1
1685093686.167565584 -1.0379975042440412 -0.5258502390297675 0 0 0 0 1
1685093686.200898886 -1.0502788218006907 -0.5499294552426123 0 0 0 0 1
1685093686.234232187 -1.062488763140439 -0.5740449429389475 0 0 0 0 1
1685093686.267565489 -1.0746272211407037 -0.5981964905441839 0 0 0 0 1
1685093686.300898790 -1.0866940893060533 -0.6223838861673646 0 0 0 0 1
1685093686.334232092 -1.0986892617691422 -0.6466069176030241 0 0 0 0 1
1685093686.367565393 -1.1106126332916386 -0.6708653723330499 0 0 0 0 1
1685093686.400898695 -1.122464099265149 -0.6951590375285471 0 0 0 0 1
