1685093643.694795132 3.701489748941919e-20 1.3850759894379443e-19 0 0 0 0 1
1685093643.728128433 0.00016127806655181817 -0.011080312342742853 0 0 0 0 1
1685093643.761461735 0.0003114110306052916 -0.022780147156695945 0 0 0 0 1
1685093643.794795036 0.0006218844289253149 -0.03497722418005661 0 0 0 0 1
1685093643.828128338 0.0010587338215881077 -0.047725277191339566 0 0 0 0 1
1685093643.861461639 0.0017426616014226365 -0.060588894016141134 0 0 0 0 1
1685093643.894794941 0.0015151588882745756 -0.07468463518066261 0 0 0 0 1
1685093643.928128242 0.0013660783639084847 -0.08973071520431733 0 0 0 0 1
1685093643.961461782 0.0011495194086105379 -0.10520056076028947 0 0 0 0 1
1685093643.994795084 0.0008230241709431447 -0.12119770334505539 0 0 0 0 1
1685093644.028128386 0.00032451574264961205 -0.13744963695832332 0 0 0 0 1
1685093644.061461687 -0.00031590928251250136 -0.15432177454246895 0 0 0 0 1
1685093644.094794989 -0.0010608209686676683 -0.17154554216640464 0 0 0 0 1
1685093644.128128290 -0.001583225253491608 -0.18915635666475394 0 0 0 0 1
1685093644.161461592 -0.002033205795304346 -0.20718287714633776 0 0 0 0 1
1685093644.194795132 -0.0025446883738873315 -0.22554938956157064 0 0 0 0 1
1685093644.228128433 -0.003090283586824056 -0.244104235030503 0 0 0 0 1
1685093644.261461735 -0.0035960126972806226 -0.26292372991921836 0 0 0 0 1
1685093644.294795036 -0.004026765214918476 -0.28215225290868634 0 0 0 0 1
1685093644.328128338 -0.00650387458898681 -0.30111890128086327 0 0 0 0 1
1685093644.361461639 -0.008047781803579613 -0.3212969076911274 0 0 0 0 1
1685093644.394794941 -0.009619819301992844 -0.34135316943339367 0 0 0 0 1
1685093644.428128242 -0.011111288710533742 -0.3617848763515918 0 0 0 0 1
1685093644.461461782 -0.012385909942111686 -0.3826572769040397 0 0 0 0 1
1685093644.494795084 -0.013595650826654666 -0.4037369811911517 0 0 0 0 1
1685093644.528128386 -0.01496994544970193 -0.42534227022700183 0 0 0 0 1
1685093644.561461687 -0.01622511948037423 -0.44763384002787415 0 0 0 0 1
1685093644.594794989 -0.017262466047312044 -0.4702409020876003 0 0 0 0 1
1685093644.628128290 -0.018285880686953086 -0.49313513188432295 0 0 0 0 1
1685093644.661461592 -0.019350150584144115 -0.5163369140563067 0 0 0 0 1
1685093644.694795132 -0.020394364550372267 -0.5394351250890727 0 0 0 0 1
1685093644.728128433 -0.021523821511336333 -0.5625417775607282 0 0 0 0 1
1685093644.761461735 -0.022522633296003697 -0.585680362083286 0 0 0 0 1
1685093644.794795036 -0.023555907120302037 -0.609050839003053 0 0 0 0 1
1685093644.828128338 -0.024933261819695636 -0.63242867294574 0 0 0 0 1
1685093644.861461639 -0.026504576983738922 -0.6561370058977714 0 0 0 0 1
1685093644.894794941 -0.028193784534630246 -0.679988298838963 0 0 0 0 1
1685093644.928128242 -0.029874701910583334 -0.703991787268566 0 0 0 0 1
1685093644.961461782 -0.031640209393859524 -0.7279748106463725 0 0 0 0 1
1685093644.994795084 -0.03343651993331029 -0.7522001103652884 0 0 0 0 1
1685093645.028128386 -0.03516370258657564 -0.7767938966251402 0 0 0 0 1
1685093645.061461687 -0.03678417029617755 -0.8019756585914821 0 0 0 0 1
1685093645.094794989 -0.03817698688614529 -0.8276310959311872 0 0 0 0 1
1685093645.128128290 -0.03962354478226553 -0.8534097930190925 0 0 0 0 1
1685093645.161461592 -0.04101413401712391 -0.8791138579925954 0 0 0 0 1
1685093645.194795132 -0.042704084269511985 -0.9049816928031359 0 0 0 0 1
1685093645.228128433 -0.04461548651842234 -0.9230891521662241 0 0 0 0 1
1685093645.261461735 -0.05451473856303074 -0.9467715793209841 0 0 0 0 1
1685093645.294795036 -0.06709897725212557 -0.976028333870246 0 0 0 0 1
1685093645.328128338 -0.07737590874541338 -0.9994703391941423 0 0 0 0 1
1685093645.361461639 -0.08757051807366399 -1.0231028855464597 0 0 0 0 1
1685093645.394794941 -0.0975453767972718 -1.0467048101778011 0 0 0 0 1
1685093645.428128242 -0.1074211750831077 -1.0702434006306516 0 0 0 0 1
1685093645.461461782 -0.10987527177970952 -1.0875283453269489 0 0 0 0 1
1685093645.494795084 -0.10989865001570177 -1.113215181228077 0 0 0 0 1
1685093645.528128386 -0.10973513725150881 -1.1390592210414991 0 0 0 0 1
1685093645.561461687 -0.10965122981246757 -1.164845361304976 0 0 0 0 1
1685093645.594794989 -0.10948550419381525 -1.1903427602561742 0 0 0 0 1
1685093645.628128290 -0.10960421696971243 -1.2158127133595482 0 0 0 0 1
1685093645.661461592 -0.10982026028173857 -1.2407496774234243 0 0 0 0 1
1685093645.694795132 -0.1101928452092017 -1.2650977648648627 0 0 0 0 1
1685093645.728128433 -0.11086720213215093 -1.288855433594347 0 0 0 0 1
1685093645.761461735 -0.10916042791374024 -1.3102649157358845 0 0 0 0 1
1685093645.794795036 -0.10832799515772275 -1.3330543961774246 0 0 0 0 1
1685093645.828128338 -0.10734385907691221 -1.3556449957745558 0 0 0 0 1
1685093645.861461639 -0.10389341190487308 -1.3765114179283748 0 0 0 0 1
1685093645.894794941 -0.09974321760526601 -1.3963654896643072 0 0 0 0 1
1685093645.928128242 -0.09620542666316512 -1.4169924251539254 0 0 0 0 1
