1685094178.502321243 1.3093034445099294e-17 -1.4383438583964517e-16 0 0 0 0 1
1685094178.535654545 -4.2619702523135626e-05 -0.0210467500499754 0 0 0 0 1
1685094178.568987846 6.541099275155957e-05 -0.04229338644696828 0 0 0 0 1
1685094178.602321386 0.0003381532826169104 -0.06415574770882572 0 0 0 0 1
1685094178.635654688 0.0009148820887678198 -0.08688154704272164 0 0 0 0 1
1685094178.668987989 0.0015165808215890431 -0.109933406165604 0 0 0 0 1
1685094178.702321291 0.002145721946850946 -0.1331098774372992 0 0 0 0 1
1685094178.735654593 0.0029343917909407753 -0.1564154349680078 0 0 0 0 1
1685094178.768987894 0.003965440745349983 -0.18015226669867257 0 0 0 0 1
1685094178.802321196 0.005122591242301152 -0.20409727032717387 0 0 0 0 1
1685094178.835654497 0.006344171978056976 -0.22809805697680413 0 0 0 0 1
1685094178.868988037 0.007748399911681624 -0.2522898941426433 0 0 0 0 1
1685094178.902321339 0.009171541664589214 -0.2766657899407456 0 0 0 0 1
1685094178.935654640 0.010703836688207253 -0.3013995994588407 0 0 0 0 1
1685094178.968987942 0.012165916680150468 -0.32690673180077773 0 0 0 0 1
1685094179.002321243 0.01362095113834669 -0.35309444609322893 0 0 0 0 1
1685094179.035654545 0.014714391836776246 -0.3795990217635462 0 0 0 0 1
1685094179.068987846 0.015608898283388243 -0.4067950680534202 0 0 0 0 1
1685094179.102321386 0.016551742626159677 -0.4344189818334251 0 0 0 0 1
1685094179.135654688 0.01757275051741926 -0.46213293363737085 0 0 0 0 1
1685094179.168987989 0.018498613362133952 -0.48973922429269345 0 0 0 0 1
1685094179.202321291 0.019306784377278702 -0.5174434751739637 0 0 0 0 1
1685094179.235654593 0.020400687573722914 -0.545458449731661 0 0 0 0 1
1685094179.268987894 0.021793014489602136 -0.5727660546212465 0 0 0 0 1
1685094179.302321196 0.023564079211299684 -0.6001825476596623 0 0 0 0 1
1685094179.335654497 0.025155098705802015 -0.627076342875549 0 0 0 0 1
1685094179.368988037 0.02667567786227535 -0.6536679101368676 0 0 0 0 1
1685094179.402321339 0.028217471416599787 -0.6803956308430538 0 0 0 0 1
1685094179.435654640 0.029765260251030202 -0.7073648243421461 0 0 0 0 1
1685094179.468987942 0.03137102143586169 -0.7341415908512762 0 0 0 0 1
1685094179.502321243 0.03249548810643522 -0.7612590044613421 0 0 0 0 1
1685094179.535654545 0.03384450261496018 -0.7888964392125843 0 0 0 0 1
1685094179.568987846 0.03512154466217397 -0.8163151306581066 0 0 0 0 1
1685094179.602321386 0.03624461895054923 -0.8438558654903355 0 0 0 0 1
1685094179.635654688 0.03746300399244314 -0.8716469654185888 0 0 0 0 1
1685094179.668987989 0.03867027164199237 -0.8993071418217423 0 0 0 0 1
1685094179.702321291 0.03990442008641817 -0.9269286709492538 0 0 0 0 1
1685094179.735654593 0.04087533318827039 -0.9544466111081025 0 0 0 0 1
1685094179.768987894 0.04151031805158981 -0.9818468476256085 0 0 0 0 1
1685094179.802321196 0.04220722732122452 -1.0096216796493285 0 0 0 0 1
1685094179.835654497 0.042502698649277054 -1.0323100932981664 0 0 0 0 1
1685094179.868988037 0.0455286224701809 -1.0595069231322307 0 0 0 0 1
1685094179.902321339 0.04880612269480416 -1.0866110733932342 0 0 0 0 1
1685094179.935654640 0.05234454210085013 -1.1139746899486096 0 0 0 0 1
1685094179.968987942 0.05612772422075075 -1.1410969106814186 0 0 0 0 1
1685094180.002321243 0.059901539884673366 -1.1676548973260081 0 0 0 0 1
1685094180.035654545 0.06384463845866399 -1.1938954701640956 0 0 0 0 1
1685094180.068987846 0.06791507674523696 -1.220370571163744 0 0 0 0 1
1685094180.102321386 0.07198189536685433 -1.246938438849179 0 0 0 0 1
1685094180.135654688 0.0762307862438296 -1.2734088912141908 0 0 0 0 1
1685094180.168987989 0.08026167932433306 -1.299743074483548 0 0 0 0 1
1685094180.202321291 0.08427584266243636 -1.3263284053846984 0 0 0 0 1
1685094180.235654593 0.08826037325622008 -1.3534228465392135 0 0 0 0 1
1685094180.268987894 0.09208362217756597 -1.3811077888450307 0 0 0 0 1
1685094180.302321196 0.09589503846457825 -1.4091711343406959 0 0 0 0 1
1685094180.335654497 0.09989580328182515 -1.437734569583433 0 0 0 0 1
1685094180.368988037 0.10408694400299241 -1.4666963558595547 0 0 0 0 1
1685094180.402321339 0.10824501519394798 -1.4959075411795197 0 0 0 0 1
1685094180.435654640 0.11231408691086224 -1.5251096630462486 0 0 0 0 1
1685094180.468987942 0.11640571735179671 -1.5544861960626708 0 0 0 0 1
1685094180.502321243 0.12019444037512837 -1.5835955119932288 0 0 0 0 1
1685094180.535654545 0.12387337324455347 -1.6127780770928613 0 0 0 0 1
1685094180.568987846 0.1274024672152282 -1.6421014373059317 0 0 0 0 1
1685094180.602321386 0.13076797739705942 -1.6715264888590613 0 0 0 0 1
1685094180.635654688 0.13426413226753436 -1.7011852892674557 0 0 0 0 1
1685094180.668987989 0.13807408430779683 -1.7304991265428398 0 0 0 0 1
1685094180.702321291 0.14211353494324208 -1.7597820583808985 0 0 0 0 1
1685094180.735654593 0.1464899133151187 -1.789137207661557 0 0 0 0 1
1685094180.768987894 0.15113433984903626 -1.818444893049886 0 0 0 0 1
1685094180.802321196 0.1559512691911329 -1.8474920685655956 0 0 0 0 1
1685094180.835654497 0.1600427875121987 -1.8759022607708082 0 0 0 0 1
1685094180.868988037 0.16330271846463576 -1.9057306782656058 0 0 0 0 1
1685094180.902321339 0.16674676911395073 -1.9355485603455587 0 0 0 0 1
1685094180.935654640 0.17029140506034182 -1.9650744002317022 0 0 0 0 1
1685094180.968987942 0.1744457723686504 -1.9919247622485319 0 0 0 0 1
1685094181.002321243 0.18062547307985308 -2.0208876128894104 0 0 0 0 1
1685094181.035654545 0.1869692361731481 -2.0502218782950434 0 0 0 0 1
1685094181.068987846 0.193005238824612 -2.0795256975770355 0 0 0 0 1
1685094181.102321386 0.19902827860471536 -2.109282857936792 0 0 0 0 1
1685094181.135654688 0.20507489713689586 -2.1384208847752704 0 0 0 0 1
1685094181.168987989 0.21119810231184233 -2.168408684654312 0 0 0 0 1
1685094181.202321291 0.21695570014957777 -2.198342143304476 0 0 0 0 1
1685094181.235654593 0.22397075792470336 -2.236369402738853 0 0 0 0 1
1685094181.268987894 0.23065204000340275 -2.2740441846908506 0 0 0 0 1
1685094181.302321196 0.23562246198499007 -2.3037823537758912 0 0 0 0 1
1685094181.335654497 0.24036503457489877 -2.3335307867122372 0 0 0 0 1
1685094181.368988037 0.24524844208539812 -2.363486683177688 0 0 0 0 1
1685094181.402321339 0.25115250771803527 -2.39073375360958 0 0 0 0 1
1685094181.435654640 0.2578764959950161 -2.416270564083256 0 0 0 0 1
1685094181.468987942 0.26600714339696724 -2.4448785658481134 0 0 0 0 1
1685094181.502321243 0.27386366383753025 -2.4719098078832062 0 0 0 0 1
1685094181.535654545 0.2826856727319558 -2.500079976449265 0 0 0 0 1
1685094181.568987846 0.2916927814192717 -2.5281773494937987 0 0 0 0 1
1685094181.602321386 0.30082986940621853 -2.5567102899900123 0 0 0 0 1
1685094181.635654688 0.30954050243585346 -2.585352054556942 0 0 0 0 1
1685094181.668987989 0.31977909001824917 -2.6071771199575227 0 0 0 0 1
1685094181.702321291 0.3341138714493932 -2.6331515226871978 0 0 0 0 1
1685094181.735654593 0.3483696938896642 -2.6591410119928853 0 0 0 0 1
1685094181.768987894 0.3628294540730334 -2.6849319217232823 0 0 0 0 1
1685094181.802321196 0.37680944031556374 -2.7104028628505175 0 0 0 0 1
1685094181.835654497 0.3911057369848352 -2.735706610909099 0 0 0 0 1
1685094181.868988037 0.40569594453544566 -2.760857826174426 0 0 0 0 1
1685094181.902321339 0.4241015767624321 -2.7859125694897138 0 0 0 0 1
1685094181.935654640 0.44029683173879697 -2.809614550036513 0 0 0 0 1
1685094181.968987942 0.4564016843747778 -2.833088884123032 0 0 0 0 1
