1685093636.751080751 4.058883316339733e-21 -8.043784073517484e-19 0 0 0 0 1
1685093636.784414053 0.0002492833181627891 -0.013034335412729138 0 0 0 0 1
1685093636.817747355 0.0002477328678655738 -0.026922026643782297 0 0 0 0 1
1685093636.851080656 0.0007755624032241708 -0.04177322562933271 0 0 0 0 1
1685093636.884413958 0.0007714072674195927 -0.05709029943158917 0 0 0 0 1
1685093636.917747498 0.0007051997379218904 -0.07331596962174028 0 0 0 0 1
1685093636.951080799 0.00046352578145512354 -0.0902036869164925 0 0 0 0 1
1685093636.984414101 0.000155571063226873 -0.10750326927354709 0 0 0 0 1
1685093637.017747402 -0.0002831781712027985 -0.12532625126277125 0 0 0 0 1
1685093637.051080704 -0.0009134803355377833 -0.1434844518364219 0 0 0 0 1
1685093637.084414005 -0.0018139411296909545 -0.16201840318953897 0 0 0 0 1
1685093637.117747307 -0.0025438796316087854 -0.18086765516257616 0 0 0 0 1
1685093637.151080847 -0.003466505579058888 -0.20980489224982218 0 0 0 0 1
1685093637.184414148 -0.0038846555670085147 -0.22972627947634663 0 0 0 0 1
1685093637.217747450 -0.004158287215118166 -0.25022089619154325 0 0 0 0 1
1685093637.251080751 -0.004102757580378489 -0.2712439891109626 0 0 0 0 1
1685093637.284414053 -0.003497217186985792 -0.2922736423506809 0 0 0 0 1
1685093637.317747355 -0.002657321839323842 -0.3134517758929291 0 0 0 0 1
1685093637.351080656 -0.0016205695496203866 -0.3346157804864751 0 0 0 0 1
1685093637.384413958 -0.0008887652597012755 -0.3564651729202314 0 0 0 0 1
1685093637.417747498 -0.0004187254682552711 -0.379012794905167 0 0 0 0 1
1685093637.451080799 -0.0008156911775842494 -0.4025356318317251 0 0 0 0 1
1685093637.484414101 5.586929783523576e-05 -0.42642999330622083 0 0 0 0 1
1685093637.517747402 0.0006721963345738922 -0.4509996701777678 0 0 0 0 1
1685093637.551080704 0.001226673247100298 -0.4758750364865078 0 0 0 0 1
1685093637.584414005 0.0016443908741739066 -0.5006964600253414 0 0 0 0 1
1685093637.617747307 0.0019504476340064846 -0.525685261281443 0 0 0 0 1
1685093637.651080847 0.002007122239101612 -0.5509688822094594 0 0 0 0 1
1685093637.684414148 0.00215675961963232 -0.5764458317986155 0 0 0 0 1
1685093637.717747450 0.0023310147559465976 -0.6015528937993644 0 0 0 0 1
1685093637.751080751 0.00299015420968654 -0.6266536461308945 0 0 0 0 1
1685093637.784414053 0.003760555038674474 -0.6517792596510174 0 0 0 0 1
1685093637.817747355 0.004755067643792473 -0.6770630348072716 0 0 0 0 1
1685093637.851080656 0.006090786180727202 -0.7022656965749918 0 0 0 0 1
1685093637.884413958 0.007528465429123854 -0.7275844072263331 0 0 0 0 1
1685093637.917747498 0.009244155197428095 -0.7527465073207238 0 0 0 0 1
1685093637.951080799 0.011033719858567673 -0.7845141183969828 0 0 0 0 1
1685093637.984414101 0.012399311597596989 -0.8102424130533317 0 0 0 0 1
1685093638.017747402 0.013580164319139087 -0.8360284616378478 0 0 0 0 1
1685093638.051080704 0.014860408212699685 -0.8617721591583459 0 0 0 0 1
1685093638.084414005 0.016241980277258573 -0.8875383542657057 0 0 0 0 1
1685093638.117747307 0.017401070935791935 -0.9133746989236418 0 0 0 0 1
1685093638.151080847 0.01851982524693811 -0.939058150953934 0 0 0 0 1
1685093638.184414148 0.01963232932621825 -0.964730884031593 0 0 0 0 1
1685093638.217747450 0.02080344300289867 -0.9900103929203111 0 0 0 0 1
1685093638.251080751 0.022316244343523087 -1.0211846149602206 0 0 0 0 1
1685093638.284414053 0.023540143194626145 -1.0461796688947167 0 0 0 0 1
1685093638.317747355 0.02496836179980865 -1.071236906107787 0 0 0 0 1
1685093638.351080656 0.026315555990809182 -1.0961827693775081 0 0 0 0 1
1685093638.384413958 0.027452901030617014 -1.121158921933242 0 0 0 0 1
1685093638.417747498 0.02842226126844074 -1.1459648591856757 0 0 0 0 1
1685093638.451080799 0.02805430739357289 -1.1677008634851858 0 0 0 0 1
1685093638.484414101 0.02476280566596227 -1.1918290347709983 0 0 0 0 1
1685093638.517747402 0.021535215617249116 -1.2158488136726824 0 0 0 0 1
1685093638.551080704 0.018247013173300575 -1.239733442510457 0 0 0 0 1
1685093638.584414005 0.015099558556769126 -1.2628767999387687 0 0 0 0 1
1685093638.617747307 0.011090496690017116 -1.2858844551422646 0 0 0 0 1
1685093638.651080847 0.007571733986802914 -1.3083106037922625 0 0 0 0 1
1685093638.684414148 0.004277507062795184 -1.3300443066391314 0 0 0 0 1
1685093638.717747450 0.0010353866258179893 -1.35130872373527 0 0 0 0 1
1685093638.751080751 -0.001918002802318768 -1.3719047855507736 0 0 0 0 1
1685093638.784414053 -0.004583797740539443 -1.3920545195597025 0 0 0 0 1
1685093638.817747355 -0.007203783875848779 -1.4115771037790592 0 0 0 0 1
1685093638.851080656 -0.009708639870228195 -1.4309194049439056 0 0 0 0 1
1685093638.884413958 -0.012490342242918707 -1.4498878483890452 0 0 0 0 1
