1685094301.286609173 -5.670285222337342e-19 -1.4237342046699489e-18 0 0 0 0 1
1685094301.319942474 0.00015215183128737558 -0.013290469482282827 0 0 0 0 1
1685094301.353275776 0.0002819506321057066 -0.027411138071227338 0 0 0 0 1
1685094301.386609077 0.0010925360540395923 -0.041773362825460396 0 0 0 0 1
1685094301.419942379 -0.0009762427166147378 -0.057476550258085145 0 0 0 0 1
1685094301.453275681 -0.0031257457267001455 -0.07396416522914961 0 0 0 0 1
1685094301.486608982 -0.005666269852565481 -0.09083222175188131 0 0 0 0 1
1685094301.519942522 -0.008363208323552928 -0.1080810909080554 0 0 0 0 1
1685094301.553275824 -0.009274121666769703 -0.12763556038262422 0 0 0 0 1
1685094301.586609125 -0.011296459613353797 -0.14577783826652296 0 0 0 0 1
1685094301.619942427 -0.012663834587353675 -0.16353535024483248 0 0 0 0 1
1685094301.653275728 -0.013844378974536714 -0.18313357558659057 0 0 0 0 1
1685094301.686609030 -0.015149139320773417 -0.20338794199880356 0 0 0 0 1
1685094301.719942331 -0.016695416245580224 -0.2239587367979112 0 0 0 0 1
1685094301.753275871 -0.0099782543405974 -0.23849852360652077 0 0 0 0 1
1685094301.786609173 -0.016044767497211287 -0.2533215827583356 0 0 0 0 1
1685094301.819942474 -0.038508047016390524 -0.25028425605970156 0 0 0 0 1
1685094301.853275776 -0.06139622818731258 -0.24710300644915628 0 0 0 0 1
1685094301.886609077 -0.08039088552166797 -0.24345425106106963 0 0 0 0 1
1685094301.919942379 -0.09671779989777538 -0.2474570276520736 0 0 0 0 1
1685094301.953275681 -0.11906167069821522 -0.2533498602691646 0 0 0 0 1
1685094301.986608982 -0.14183877536053716 -0.25958413680157094 0 0 0 0 1
1685094302.019942522 -0.16481585595846288 -0.2663142150591249 0 0 0 0 1
1685094302.053275824 -0.18775201912317088 -0.27318244666837227 0 0 0 0 1
1685094302.086609125 -0.21074473102171204 -0.27973165256585775 0 0 0 0 1
1685094302.119942427 -0.22536050235885444 -0.2913695497019802 0 0 0 0 1
1685094302.153275728 -0.24528589176302446 -0.3040867311014949 0 0 0 0 1
1685094302.186609030 -0.26979904411265626 -0.3119869465132252 0 0 0 0 1
1685094302.219942331 -0.29432313526361137 -0.31985313967686163 0 0 0 0 1
1685094302.253275871 -0.3188581179958207 -0.32768529544639186 0 0 0 0 1
1685094302.286609173 -0.34132890208796884 -0.34075276410104033 0 0 0 0 1
1685094302.319942474 -0.36624436036233765 -0.35257901826835575 0 0 0 0 1
1685094302.353275776 -0.3909750915041896 -0.36394717678717103 0 0 0 0 1
1685094302.386609077 -0.4162225226210247 -0.3751575319980389 0 0 0 0 1
1685094302.419942379 -0.44196509623323355 -0.3863926000691404 0 0 0 0 1
1685094302.453275681 -0.4507956229587485 -0.3817016833425377 0 0 0 0 1
1685094302.486608982 -0.4483261490319536 -0.39139108995547495 0 0 0 0 1
1685094302.519942522 -0.45720756215122793 -0.36487868151340375 0 0 0 0 1
1685094302.553275824 -0.46589068710560344 -0.33836305365722563 0 0 0 0 1
1685094302.586609125 -0.477210143031344 -0.31482145384925964 0 0 0 0 1
1685094302.619942427 -0.49086658611256107 -0.29255402098548555 0 0 0 0 1
1685094302.653275728 -0.5067182153913159 -0.2717919677830172 0 0 0 0 1
1685094302.686609030 -0.4889665639635755 -0.2630557903613702 0 0 0 0 1
1685094302.719942331 -0.5084116731129994 -0.2594048104214797 0 0 0 0 1
1685094302.753275871 -0.49503787145771566 -0.27398504888453723 0 0 0 0 1
1685094302.786609173 -0.4969999774987263 -0.25429769090439375 0 0 0 0 1
1685094302.819942474 -0.5072330696288488 -0.27123066907750065 0 0 0 0 1
1685094302.853275776 -0.4888910283278796 -0.2638136989907314 0 0 0 0 1
1685094302.886609077 -0.508017727473453 -0.25875293776842356 0 0 0 0 1
1685094302.919942379 -0.49574398912958034 -0.2742705816430793 0 0 0 0 1
1685094302.953275681 -0.5042304650302596 -0.2872828893142228 0 0 0 0 1
1685094302.986608982 -0.5120075924324172 -0.2738345915218657 0 0 0 0 1
1685094303.019942522 -0.4964965799047876 -0.27296919305351336 0 0 0 0 1
1685094303.053275824 -0.5149022355451743 -0.2781558286472176 0 0 0 0 1
1685094303.086609125 -0.5449180112699002 -0.2754175375506133 0 0 0 0 1
1685094303.119942427 -0.5749348698802677 -0.2726911425586875 0 0 0 0 1
1685094303.153275728 -0.6045197332983167 -0.2694934632104154 0 0 0 0 1
1685094303.186609030 -0.6341117354849805 -0.26636253630876705 0 0 0 0 1
1685094303.219942331 -0.6637107258266384 -0.26329837778913723 0 0 0 0 1
1685094303.253275871 -0.6933165536741024 -0.2603010032470915 0 0 0 0 1
1685094303.286609173 -0.7229290683433838 -0.2573704279382867 0 0 0 0 1
1685094303.319942474 -0.7521992316119009 -0.2542602099982829 0 0 0 0 1
1685094303.353275776 -0.7814565276135319 -0.25103119403782026 0 0 0 0 1
1685094303.386609077 -0.8114236926945488 -0.24748126432157816 0 0 0 0 1
1685094303.419942379 -0.8413846409544619 -0.24387924220199064 0 0 0 0 1
1685094303.453275681 -0.8713392818402806 -0.24022513856569164 0 0 0 0 1
1685094303.486608982 -0.9012875248180783 -0.23651896445672443 0 0 0 0 1
1685094303.519942522 -0.9312292793732645 -0.2327607310765085 0 0 0 0 1
1685094303.553275824 -0.9611644550108595 -0.22895044978380547 0 0 0 0 1
1685094303.586609125 -0.9912184272865757 -0.22536679206362106 0 0 0 0 1
1685094303.619942427 -1.020756709486771 -0.22180605047603935 0 0 0 0 1
1685094303.653275728 -1.0503045661350048 -0.21832565344590787 0 0 0 0 1
1685094303.686609030 -1.0798617786933211 -0.2149256267144796 0 0 0 0 1
1685094303.719942331 -1.108649497196728 -0.21186451575489498 0 0 0 0 1
1685094303.753275871 -1.1375470316268852 -0.20907662228345014 0 0 0 0 1
1685094303.786609173 -1.1605184426615092 -0.2069145863333113 0 0 0 0 1
1685094303.819942474 -1.1892931888254972 -0.20787807308997738 0 0 0 0 1
1685094303.853275776 -1.2283970918435028 -0.22546675374945163 0 0 0 0 1
1685094303.886609077 -1.2466260788062444 -0.24835888825455898 0 0 0 0 1
1685094303.919942379 -1.2484538735854596 -0.26146139071255803 0 0 0 0 1
1685094303.953275681 -1.2563037147663005 -0.2888983488781849 0 0 0 0 1
1685094303.986608982 -1.2644652433819086 -0.3160687850431098 0 0 0 0 1
1685094304.019942522 -1.2726147605186462 -0.3425394108279326 0 0 0 0 1
1685094304.053275824 -1.2806920313918242 -0.3685851783435837 0 0 0 0 1
1685094304.086609125 -1.2885126169103753 -0.39429476107987427 0 0 0 0 1
1685094304.119942427 -1.2967616640880881 -0.41990714523101463 0 0 0 0 1
1685094304.153275728 -1.30510686183911 -0.44567009742219765 0 0 0 0 1
