1685094164.696310043 -1.9295957045983033e-19 -1.8348344012267786e-18 0 0 0 0 1
1685094164.729643345 0.0004476271533176964 -0.010544749856142102 0 0 0 0 1
1685094164.762976646 -0.0009422222189109698 -0.022651576773188103 0 0 0 0 1
1685094164.796309948 -0.001964542474909753 -0.036981424594369754 0 0 0 0 1
1685094164.829643250 -0.0036192872512130427 -0.047732196252708636 0 0 0 0 1
1685094164.862976551 -0.004886585300611519 -0.060366559067381906 0 0 0 0 1
1685094164.896309853 -0.006083708619628758 -0.07353379026186335 0 0 0 0 1
1685094164.929643393 -0.006355523332582685 -0.08276586541931737 0 0 0 0 1
1685094164.962976694 -0.006265307432910967 -0.09499891684744048 0 0 0 0 1
1685094164.996309996 -0.010612595427248923 -0.11075792165887831 0 0 0 0 1
1685094165.029643297 -0.01337133763310107 -0.12437805128631961 0 0 0 0 1
1685094165.062976599 -0.012553890353874133 -0.1335721520989374 0 0 0 0 1
1685094165.096309900 -0.013082307107026951 -0.14759259249432813 0 0 0 0 1
1685094165.129643202 -0.013688668030441907 -0.16236586649764598 0 0 0 0 1
1685094165.162976503 -0.014128177604888804 -0.17491353819358033 0 0 0 0 1
1685094165.196310043 -0.016249391905738705 -0.19101490814825908 0 0 0 0 1
1685094165.229643345 -0.021867039975719666 -0.20241978723695148 0 0 0 0 1
1685094165.262976646 -0.020845315191035975 -0.208748726050314 0 0 0 0 1
1685094165.296309948 -0.017758436760132258 -0.21700185107336398 0 0 0 0 1
1685094165.329643250 -0.03289800760575012 -0.22742827041317618 0 0 0 0 1
1685094165.362976551 -0.05035073490768202 -0.2349116228288512 0 0 0 0 1
1685094165.396309853 -0.06735756637519265 -0.24174278076618982 0 0 0 0 1
1685094165.429643393 -0.08006127516288003 -0.2515194114525042 0 0 0 0 1
1685094165.462976694 -0.09666587843164401 -0.25991299481655766 0 0 0 0 1
1685094165.496309996 -0.10697565959133844 -0.26686084889088674 0 0 0 0 1
1685094165.529643297 -0.12146495765348024 -0.2782205693927391 0 0 0 0 1
1685094165.562976599 -0.13507247606435646 -0.2843750493347602 0 0 0 0 1
1685094165.596309900 -0.15135572531011754 -0.2917749007418229 0 0 0 0 1
1685094165.629643202 -0.16538674424773134 -0.29777890239900634 0 0 0 0 1
1685094165.662976503 -0.179700009099601 -0.31144315239329107 0 0 0 0 1
1685094165.696310043 -0.18879815658486507 -0.32360391801186483 0 0 0 0 1
1685094165.729643345 -0.19804027756633458 -0.33580636628811467 0 0 0 0 1
1685094165.762976646 -0.20702432767681384 -0.34506926405932736 0 0 0 0 1
1685094165.796309948 -0.22256021468129547 -0.34825628957310245 0 0 0 0 1
1685094165.829643250 -0.23853244093237302 -0.3493956431154864 0 0 0 0 1
1685094165.862976551 -0.2475761402647722 -0.35443119181056915 0 0 0 0 1
1685094165.896309853 -0.2535478360496202 -0.35918234082585304 0 0 0 0 1
1685094165.929643393 -0.26046562078337704 -0.36817708585091063 0 0 0 0 1
