1685094253.064016581 2.146707404877102e-20 1.0049363630750983e-18 0 0 0 0 1
1685094253.097349882 -2.0988973760310647e-06 -0.016080189661786894 0 0 0 0 1
1685094253.130683184 -0.00012965216377105315 -0.03264076045671125 0 0 0 0 1
1685094253.164016724 -0.0001883680874900906 -0.04942735451920926 0 0 0 0 1
1685094253.197350025 -0.0003561066319519668 -0.06684401688728311 0 0 0 0 1
1685094253.230683327 -0.000323427996196239 -0.08514396543519936 0 0 0 0 1
1685094253.264016628 6.638105449788808e-05 -0.10376617943026963 0 0 0 0 1
1685094253.297349930 -0.0012630824213283633 -0.12216500781360387 0 0 0 0 1
1685094253.330683231 -0.0016177312965354417 -0.14167083888286758 0 0 0 0 1
1685094253.364016533 -0.001888161185336351 -0.16167911947155747 0 0 0 0 1
1685094253.397349834 -0.002513712139393999 -0.18219793415872249 0 0 0 0 1
1685094253.430683374 -0.003261127762491643 -0.20348631793943955 0 0 0 0 1
1685094253.464016676 -0.004138304039582034 -0.22501432400743815 0 0 0 0 1
1685094253.497349977 -0.004957377922617375 -0.24692343726502686 0 0 0 0 1
1685094253.530683279 -0.005789419383392638 -0.2693457178812306 0 0 0 0 1
1685094253.564016581 -0.006688067951203721 -0.2922152433172594 0 0 0 0 1
1685094253.597349882 -0.007724737429970887 -0.3154951177422936 0 0 0 0 1
1685094253.630683184 -0.008942675659125049 -0.3393411329035253 0 0 0 0 1
1685094253.664016724 -0.010417578732097563 -0.3633713096544192 0 0 0 0 1
1685094253.697350025 -0.012011038283928988 -0.3876035421695674 0 0 0 0 1
1685094253.730683327 -0.013604888904381605 -0.41209459277934846 0 0 0 0 1
1685094253.764016628 -0.015065630250782927 -0.43745377048004264 0 0 0 0 1
1685094253.797349930 -0.016922825003474046 -0.46939792224473337 0 0 0 0 1
1685094253.830683231 -0.018603051723968384 -0.4949227380924294 0 0 0 0 1
1685094253.864016533 -0.02089748527789275 -0.5202733898489065 0 0 0 0 1
1685094253.897349834 -0.02279812865918125 -0.5468065538060208 0 0 0 0 1
1685094253.930683374 -0.024996299691771084 -0.5735935248780901 0 0 0 0 1
1685094253.964016676 -0.028587457240328417 -0.5972131009510026 0 0 0 0 1
1685094253.997349977 -0.03231842696348721 -0.6231455041537985 0 0 0 0 1
1685094254.030683279 -0.03571853255987691 -0.6491696956675114 0 0 0 0 1
1685094254.064016581 -0.0364262493551235 -0.672861482722517 0 0 0 0 1
1685094254.097349882 -0.034863057880310015 -0.7000291503478764 0 0 0 0 1
1685094254.130683184 -0.033167574969917055 -0.7342384598227755 0 0 0 0 1
1685094254.164016724 -0.031668231248534344 -0.7618174348164639 0 0 0 0 1
1685094254.197350025 -0.029693261565549828 -0.7896496821661615 0 0 0 0 1
1685094254.230683327 -0.027486581561068275 -0.8177391973584779 0 0 0 0 1
1685094254.264016628 -0.025113173864698874 -0.8457264791817398 0 0 0 0 1
1685094254.297349930 -0.02384197713510207 -0.8731933955679146 0 0 0 0 1
1685094254.330683231 -0.022388238039201303 -0.9013951490176825 0 0 0 0 1
1685094254.364016533 -0.020834746308253643 -0.9296798400954593 0 0 0 0 1
1685094254.397349834 -0.019161662867858135 -0.9576441653058669 0 0 0 0 1
1685094254.430683374 -0.017846309583971615 -0.9843234580056764 0 0 0 0 1
1685094254.464016676 -0.017965412705300172 -1.0124768519060627 0 0 0 0 1
1685094254.497349977 -0.018402987292297265 -1.0410099606377448 0 0 0 0 1
1685094254.530683279 -0.01894455462708982 -1.0695524521790782 0 0 0 0 1
1685094254.564016581 -0.019408233517505175 -1.0980930853690924 0 0 0 0 1
1685094254.597349882 -0.019708385181428947 -1.1269265997246267 0 0 0 0 1
1685094254.630683184 -0.020512919043938187 -1.1549890027310827 0 0 0 0 1
1685094254.664016724 -0.021373269885620067 -1.1910678046951129 0 0 0 0 1
1685094254.697350025 -0.021837081669968884 -1.2201367218543726 0 0 0 0 1
1685094254.730683327 -0.022333579041500275 -1.249165119103519 0 0 0 0 1
1685094254.764016628 -0.022639311325935562 -1.2779284793214911 0 0 0 0 1
1685094254.797349930 -0.02295794723987991 -1.3066591090947448 0 0 0 0 1
1685094254.830683231 -0.02296738711402 -1.3352194062567306 0 0 0 0 1
1685094254.864016533 -0.023304500200967283 -1.3632650763697012 0 0 0 0 1
1685094254.897349834 -0.023088346162776906 -1.392137642016875 0 0 0 0 1
1685094254.930683374 -0.02404743584765708 -1.4194368717100831 0 0 0 0 1
1685094254.964016676 -0.024207178091489458 -1.4482692824072845 0 0 0 0 1
1685094254.997349977 -0.024049834665971496 -1.4772566555726914 0 0 0 0 1
1685094255.030683279 -0.023824851093985955 -1.5056863198775148 0 0 0 0 1
1685094255.064016581 -0.02350298036647062 -1.5335032030224376 0 0 0 0 1
1685094255.097349882 -0.023167373788923258 -1.5611493576188458 0 0 0 0 1
1685094255.130683184 -0.02367589773843864 -1.586536370399854 0 0 0 0 1
1685094255.164016724 -0.023331364587061455 -1.6134630949008462 0 0 0 0 1
1685094255.197350025 -0.022695501518105645 -1.6401716799467083 0 0 0 0 1
1685094255.230683327 -0.02190442671624593 -1.666726687488925 0 0 0 0 1
1685094255.264016628 -0.021096816419837048 -1.6935966980447077 0 0 0 0 1
1685094255.297349930 -0.019879457572400963 -1.7200701433426928 0 0 0 0 1
1685094255.330683231 -0.018647937183008362 -1.747589975912544 0 0 0 0 1
1685094255.364016533 -0.01736939685376659 -1.7752134478552009 0 0 0 0 1
1685094255.397349834 -0.01606630733691334 -1.8031082336671813 0 0 0 0 1
1685094255.430683374 -0.015708499235266505 -1.830202678383276 0 0 0 0 1
1685094255.464016676 -0.01531114360589585 -1.8584669897219863 0 0 0 0 1
1685094255.497349977 -0.016384952764214984 -1.8844673141068928 0 0 0 0 1
1685094255.530683279 -0.018429943932765477 -1.9132184034554478 0 0 0 0 1
1685094255.564016581 -0.0204080620451509 -1.9419553693049565 0 0 0 0 1
1685094255.597349882 -0.022586631029418814 -1.970424801638333 0 0 0 0 1
1685094255.630683184 -0.025106302140995712 -1.9985568631844128 0 0 0 0 1
1685094255.664016724 -0.02530818024782296 -2.0224472458325486 0 0 0 0 1
1685094255.697350025 -0.025549676780685475 -2.0510991977648634 0 0 0 0 1
1685094255.730683327 -0.025975783404962174 -2.0793358257477994 0 0 0 0 1
1685094255.764016628 -0.026474985477089354 -2.108243124043399 0 0 0 0 1
1685094255.797349930 -0.026921941273537014 -2.1374894114075103 0 0 0 0 1
1685094255.830683231 -0.029286637892546298 -2.1677829329000975 0 0 0 0 1
1685094255.864016533 -0.030893125789601267 -2.197197281758032 0 0 0 0 1
1685094255.897349834 -0.032117257431414 -2.2267880909351287 0 0 0 0 1
1685094255.930683374 -0.03317401989966047 -2.256426343521684 0 0 0 0 1
1685094255.964016676 -0.03381561282122764 -2.2857511358550733 0 0 0 0 1
1685094255.997349977 -0.034143773543903966 -2.315056162080681 0 0 0 0 1
1685094256.030683279 -0.034439896939274565 -2.3446025925514156 0 0 0 0 1
1685094256.064016581 -0.03484859535144516 -2.3745119830995574 0 0 0 0 1
1685094256.097349882 -0.03549814252694724 -2.404748957266128 0 0 0 0 1
1685094256.130683184 -0.036197413175347366 -2.4348216566163026 0 0 0 0 1
1685094256.164016724 -0.03679291317809809 -2.465069646085578 0 0 0 0 1
1685094256.197350025 -0.03710430838611158 -2.4955905314355067 0 0 0 0 1
1685094256.230683327 -0.03975912279473406 -2.524620312434264 0 0 0 0 1
1685094256.264016628 -0.0438814692893498 -2.550990856984566 0 0 0 0 1
1685094256.297349930 -0.047718597548397385 -2.5805139287577115 0 0 0 0 1
1685094256.330683231 -0.05083610020451512 -2.6076685284863697 0 0 0 0 1
1685094256.364016533 -0.05213341318641525 -2.636836957657135 0 0 0 0 1
1685094256.397349834 -0.05334825846386961 -2.6656950573149083 0 0 0 0 1
1685094256.430683374 -0.05492402859327951 -2.6933265218202647 0 0 0 0 1
1685094256.464016676 -0.05632766671468908 -2.72243919402993 0 0 0 0 1
1685094256.497349977 -0.0575479375713571 -2.75107329923807 0 0 0 0 1
1685094256.530683279 -0.05890600499089267 -2.7790925408688563 0 0 0 0 1
1685094256.564016581 -0.06046711578962339 -2.80710192199928 0 0 0 0 1
1685094256.597349882 -0.06317505826940815 -2.8357961181009106 0 0 0 0 1
1685094256.630683184 -0.06465958041513815 -2.8632851590780763 0 0 0 0 1
1685094256.664016724 -0.06600477974649592 -2.8902732534779045 0 0 0 0 1
1685094256.697350025 -0.06777186628232765 -2.9170637134367143 0 0 0 0 1
