1685094134.680785418 1.3007560551799149e-18 1.3205699706887052e-17 0 0 0 0 1
1685094134.714118719 0.00112327280960434 -0.01152726843463418 0 0 0 0 1
1685094134.747452021 0.0012740137138628383 -0.023616214346885316 0 0 0 0 1
1685094134.780785322 0.00026637929056986647 -0.03900686840359688 0 0 0 0 1
1685094134.814118624 -0.0016232788056616666 -0.053371865907757624 0 0 0 0 1
1685094134.847451925 -0.0022665996119010916 -0.06270550122174318 0 0 0 0 1
1685094134.880785227 -0.003620826025897423 -0.07781042250540787 0 0 0 0 1
1685094134.914118528 -0.0067535256230929095 -0.09336968285640761 0 0 0 0 1
1685094134.947452068 -0.005752843188238488 -0.10791568522258205 0 0 0 0 1
1685094134.980785370 -0.005200604546464177 -0.1181368034020614 0 0 0 0 1
1685094135.014118671 -0.007388652269378513 -0.13220391243743693 0 0 0 0 1
1685094135.047451973 -0.012267748869290029 -0.14987319330530627 0 0 0 0 1
1685094135.080785275 -0.011537759455920704 -0.16023954380181613 0 0 0 0 1
1685094135.114118576 -0.011365507613487636 -0.17848603322206294 0 0 0 0 1
1685094135.147451878 -0.011429598551069236 -0.19627505550559834 0 0 0 0 1
1685094135.180785418 -0.01543736702596139 -0.2079170297830179 0 0 0 0 1
1685094135.214118719 -0.016231402548387404 -0.2138979132411103 0 0 0 0 1
1685094135.247452021 -0.005286138766689418 -0.22647529757931822 0 0 0 0 1
1685094135.280785322 0.004193251809857965 -0.2398290214072387 0 0 0 0 1
1685094135.314118624 0.010238375416948133 -0.2528380961214059 0 0 0 0 1
1685094135.347451925 0.016157082689721214 -0.2677731739464476 0 0 0 0 1
1685094135.380785227 0.02045744744659797 -0.28081036828229644 0 0 0 0 1
1685094135.414118528 0.035723586157655654 -0.29742975502134644 0 0 0 0 1
1685094135.447452068 0.04670851166370533 -0.3101690003551284 0 0 0 0 1
1685094135.480785370 0.056068951626860646 -0.3260293939219365 0 0 0 0 1
1685094135.514118671 0.058736381099553224 -0.3435833310381975 0 0 0 0 1
1685094135.547451973 0.058426538646521683 -0.35565708919472677 0 0 0 0 1
1685094135.580785275 0.05737944789330434 -0.3727453338975725 0 0 0 0 1
1685094135.614118576 0.05355475919360092 -0.39196058785434035 0 0 0 0 1
1685094135.647451878 0.0505126421148632 -0.4046124392340807 0 0 0 0 1
1685094135.680785418 0.047035901250830965 -0.4173550990931465 0 0 0 0 1
1685094135.714118719 0.03803618626323137 -0.43960480962534404 0 0 0 0 1
1685094135.747452021 0.03373058999347094 -0.45567226748668493 0 0 0 0 1
1685094135.780785322 0.023830851092429117 -0.4521384446880014 0 0 0 0 1
1685094135.814118624 0.019501004979094374 -0.44319917147722243 0 0 0 0 1
1685094135.847451925 0.007184226679564778 -0.43296013420075496 0 0 0 0 1
