1685093627.987910986 -1.1604334513689193e-19 -5.689093895194247e-19 0 0 0 0 1
1685093628.021244287 0.0007301916224085296 -0.01136685434708587 0 0 0 0 1
1685093628.054577589 -0.0008635633423265385 -0.02761345753167024 0 0 0 0 1
1685093628.087910891 -0.0005218318653125944 -0.042389421490634294 0 0 0 0 1
1685093628.121244192 -0.000574330835698935 -0.05726825698250973 0 0 0 0 1
1685093628.154577494 -6.387619234663144e-05 -0.07261166077970932 0 0 0 0 1
1685093628.187910795 0.0005083075948002326 -0.08875549928817536 0 0 0 0 1
1685093628.221244335 0.0007666625404953934 -0.10525138131511157 0 0 0 0 1
1685093628.254577637 0.0008483817305247836 -0.12211368275544518 0 0 0 0 1
1685093628.287910938 0.00115646083507 -0.1396795171538608 0 0 0 0 1
1685093628.321244240 0.0009336363293559333 -0.15787465179768054 0 0 0 0 1
1685093628.354577541 0.0021967619236338987 -0.1790226181086492 0 0 0 0 1
1685093628.387910843 -0.0005965512751034661 -0.19792408624367502 0 0 0 0 1
1685093628.421244144 -0.00310301923057287 -0.20966871839907625 0 0 0 0 1
1685093628.454577446 -0.005675239856478036 -0.22801341294342292 0 0 0 0 1
1685093628.487910986 -0.009700808543053642 -0.24778315439715207 0 0 0 0 1
1685093628.521244287 -0.013855542840693846 -0.2679972341086055 0 0 0 0 1
1685093628.554577589 -0.01823445974931229 -0.28884269855655653 0 0 0 0 1
1685093628.587910891 -0.02213208206311331 -0.30923781597223965 0 0 0 0 1
1685093628.621244192 -0.025958496497796232 -0.3301450709979537 0 0 0 0 1
1685093628.654577494 -0.029755184688136108 -0.35118535321312194 0 0 0 0 1
1685093628.687910795 -0.033708999254585634 -0.37211221555477414 0 0 0 0 1
1685093628.721244335 -0.03746727671331319 -0.39295934579474695 0 0 0 0 1
1685093628.754577637 -0.05453625965242549 -0.3767456044729034 0 0 0 0 1
1685093628.787910938 -0.03320802545924857 -0.37964011245502594 0 0 0 0 1
1685093628.821244240 -0.011960843697835332 -0.3825915692029043 0 0 0 0 1
1685093628.854577541 0.009621867317302796 -0.3854820431018593 0 0 0 0 1
1685093628.887910843 0.03149747713416799 -0.3884711742832381 0 0 0 0 1
1685093628.921244144 0.053523439800802625 -0.39162719072514496 0 0 0 0 1
1685093628.954577446 0.07558245271833437 -0.3947272652000132 0 0 0 0 1
1685093628.987910986 0.09754848486844825 -0.3978368451164207 0 0 0 0 1
1685093629.021244287 0.11983663972006575 -0.40069376437788534 0 0 0 0 1
1685093629.054577589 0.1423496491473602 -0.403625287544713 0 0 0 0 1
1685093629.087910891 0.16518579168730527 -0.40661122277767 0 0 0 0 1
1685093629.121244192 0.1829877201371864 -0.40879637015577586 0 0 0 0 1
1685093629.154577494 0.20452415557512346 -0.41701839987895434 0 0 0 0 1
1685093629.187910795 0.22582745414223995 -0.4256424304254305 0 0 0 0 1
1685093629.221244335 0.24702705014919524 -0.4343084988991748 0 0 0 0 1
1685093629.254577637 0.26809753905784733 -0.44331494443718983 0 0 0 0 1
1685093629.287910938 0.28910768283603355 -0.452314355169705 0 0 0 0 1
1685093629.321244240 0.30618583961153084 -0.4624731002848572 0 0 0 0 1
1685093629.354577541 0.3253232346476232 -0.4746572729297084 0 0 0 0 1
1685093629.387910843 0.3444328934631296 -0.4868728063874032 0 0 0 0 1
1685093629.421244144 0.36761668723986046 -0.49984139462915517 0 0 0 0 1
1685093629.454577446 0.3884908519512431 -0.5095121513787066 0 0 0 0 1
1685093629.487910986 0.40932466814147883 -0.518854201309974 0 0 0 0 1
1685093629.521244287 0.43029845335253597 -0.528049248333804 0 0 0 0 1
1685093629.554577589 0.44675900094542026 -0.5199899782730828 0 0 0 0 1
1685093629.587910891 0.4704783559909151 -0.516774966092851 0 0 0 0 1
1685093629.621244192 0.4940723533013646 -0.513848164342265 0 0 0 0 1
1685093629.654577494 0.5179864489805238 -0.5108126169770657 0 0 0 0 1
1685093629.687910795 0.5422029730691988 -0.5078085063429487 0 0 0 0 1
1685093629.721244335 0.5665682376236504 -0.5049541332239136 0 0 0 0 1
1685093629.754577637 0.5910435223898912 -0.5027715353281145 0 0 0 0 1
1685093629.787910938 0.6153498142330068 -0.5006040419803702 0 0 0 0 1
1685093629.821244240 0.6396725033383764 -0.4987137533329784 0 0 0 0 1
1685093629.854577541 0.6637523908616434 -0.49700588732696177 0 0 0 0 1
1685093629.887910843 0.6878589934517065 -0.4951824660899341 0 0 0 0 1
1685093629.921244144 0.7124632519771852 -0.4932634509381694 0 0 0 0 1
1685093629.954577446 0.737027958720772 -0.49083805789974866 0 0 0 0 1
1685093629.987910986 0.7618634172991553 -0.4881859337852966 0 0 0 0 1
1685093630.021244287 0.7804602386124712 -0.48666949549168176 0 0 0 0 1
1685093630.054577589 0.8042476867257841 -0.4958735781197013 0 0 0 0 1
1685093630.087910891 0.8179315140715874 -0.4964317085163204 0 0 0 0 1
1685093630.121244192 0.8430318170488602 -0.49462381789640264 0 0 0 0 1
1685093630.154577494 0.8681422303415245 -0.4934603237039824 0 0 0 0 1
1685093630.187910795 0.8921030597678563 -0.4917674097143389 0 0 0 0 1
1685093630.221244335 0.9172762191814771 -0.49046735654037554 0 0 0 0 1
1685093630.254577637 0.9425360328458868 -0.4889094393358222 0 0 0 0 1
1685093630.287910938 0.9675814969692488 -0.4871672652455432 0 0 0 0 1
1685093630.321244240 0.9922521605872093 -0.48515311086240104 0 0 0 0 1
1685093630.354577541 1.0154458211816713 -0.4832186737467849 0 0 0 0 1
1685093630.387910843 1.0380203826078445 -0.4792481046960069 0 0 0 0 1
1685093630.421244144 1.0620644508600248 -0.4786584612711411 0 0 0 0 1
1685093630.454577446 1.0838204144391435 -0.4763793100635369 0 0 0 0 1
1685093630.487910986 1.1085012510365282 -0.475551839859782 0 0 0 0 1
1685093630.521244287 1.1265037605065635 -0.47243933094941654 0 0 0 0 1
1685093630.554577589 1.1450349227179777 -0.4709216251097514 0 0 0 0 1
1685093630.587910891 1.1699844213019848 -0.4673762106638741 0 0 0 0 1
1685093630.621244192 1.1980727243608889 -0.4643912486263791 0 0 0 0 1
1685093630.654577494 1.2000744201647406 -0.4772278484768336 0 0 0 0 1
1685093630.687910795 1.201606269992003 -0.46816731552249924 0 0 0 0 1
1685093630.721244335 1.1848312105966712 -0.44917683115020846 0 0 0 0 1
1685093630.754577637 1.1716940099481126 -0.4389384029586854 0 0 0 0 1
1685093630.787910938 1.152359976816897 -0.4223690093554908 0 0 0 0 1
1685093630.821244240 1.1329049390013137 -0.40584286175758416 0 0 0 0 1
1685093630.854577541 1.1203357252234165 -0.39532667646340214 0 0 0 0 1
1685093630.887910843 1.09730776494298 -0.38497254115346957 0 0 0 0 1
1685093630.921244144 1.074111261479067 -0.374360087595222 0 0 0 0 1
1685093630.954577446 1.0522933964966548 -0.3655161675482949 0 0 0 0 1
1685093630.987910986 1.030379648007254 -0.3516481593444319 0 0 0 0 1
1685093631.021244287 1.0067160980099223 -0.3383322230776817 0 0 0 0 1
1685093631.054577589 0.9850729001927785 -0.3234435910102254 0 0 0 0 1
1685093631.087910891 0.9635854878045206 -0.3087134674643554 0 0 0 0 1
1685093631.121244192 0.9421010668971093 -0.2936254507159354 0 0 0 0 1
1685093631.154577494 0.9206141563495317 -0.2783953953432918 0 0 0 0 1
1685093631.187910795 0.8995818955808668 -0.2635840275558277 0 0 0 0 1
1685093631.221244335 0.878607996281559 -0.24885176260963854 0 0 0 0 1
1685093631.254577637 0.8604985258908651 -0.23741524927156735 0 0 0 0 1
1685093631.287910938 0.8440959898964141 -0.22592799989165938 0 0 0 0 1
1685093631.321244240 0.8284582836562691 -0.20998183184854996 0 0 0 0 1
1685093631.354577541 0.8050461312285928 -0.18879945515047472 0 0 0 0 1
1685093631.387910843 0.7862914354762142 -0.17217006719767633 0 0 0 0 1
1685093631.421244144 0.7675993139401505 -0.1552800523946122 0 0 0 0 1
1685093631.454577446 0.7490390722203524 -0.13807677760024528 0 0 0 0 1
1685093631.487910986 0.7300116190450345 -0.12083761249334933 0 0 0 0 1
1685093631.521244287 0.7107731988079798 -0.10327255278450502 0 0 0 0 1
1685093631.554577589 0.6913575778366907 -0.08829860711104721 0 0 0 0 1
1685093631.587910891 0.6981567078727855 -0.11083193272542874 0 0 0 0 1
1685093631.621244192 0.721667382534794 -0.09709952407268976 0 0 0 0 1
1685093631.654577494 0.742418374572113 -0.08585329697935784 0 0 0 0 1
1685093631.687910795 0.7642769962808063 -0.07032525085138096 0 0 0 0 1
1685093631.721244335 0.7862819773302254 -0.05520554779117348 0 0 0 0 1
1685093631.754577637 0.8085239219877378 -0.04025915821086435 0 0 0 0 1
1685093631.787910938 0.831073150664498 -0.024527077801991884 0 0 0 0 1
1685093631.821244240 0.8391855189223572 -0.009799428436153322 0 0 0 0 1
1685093631.854577541 0.8537828148439135 0.013512321320487174 0 0 0 0 1
1685093631.887910843 0.8679777582545947 0.03691782508130887 0 0 0 0 1
1685093631.921244144 0.8855886488686253 0.06584348469814472 0 0 0 0 1
1685093631.954577446 0.8994324459066535 0.08862404929611832 0 0 0 0 1
1685093631.987910986 0.9128424802608457 0.11156750330426564 0 0 0 0 1
1685093632.021244287 0.9263409607743576 0.13456556104194936 0 0 0 0 1
1685093632.054577589 0.9397487230962647 0.15763950814506428 0 0 0 0 1
1685093632.087910891 0.9548453352041104 0.16684641330706962 0 0 0 0 1
1685093632.121244192 0.9815511518915288 0.1689840817163356 0 0 0 0 1
1685093632.154577494 1.0082399091058687 0.1712594027686632 0 0 0 0 1
1685093632.187910795 1.0154287567332565 0.1761174352381575 0 0 0 0 1
1685093632.221244335 1.0351088289940356 0.15851903504346684 0 0 0 0 1
1685093632.254577637 1.0548453199167067 0.14098393140358803 0 0 0 0 1
1685093632.287910938 1.059984480014537 0.13909597883904884 0 0 0 0 1
1685093632.321244240 1.060458006909024 0.1445504360693587 0 0 0 0 1
1685093632.354577541 1.035009475099849 0.15016851082805638 0 0 0 0 1
1685093632.387910843 1.0097523295685256 0.1560836614815746 0 0 0 0 1
1685093632.421244144 0.9934907733597482 0.14948910056183723 0 0 0 0 1
1685093632.454577446 0.9679424640127499 0.14718719467208716 0 0 0 0 1
1685093632.487910986 0.9424994845859518 0.14512449180462805 0 0 0 0 1
1685093632.521244287 0.917374890243985 0.14288165469152853 0 0 0 0 1
1685093632.554577589 0.8930020497357658 0.13924415248828587 0 0 0 0 1
1685093632.587910891 0.8681263278533988 0.1358587061233681 0 0 0 0 1
1685093632.621244192 0.8433815222487521 0.13201662551249463 0 0 0 0 1
1685093632.654577494 0.824046110269042 0.12465331232319936 0 0 0 0 1
1685093632.687910795 0.7994353523150659 0.11778080647897293 0 0 0 0 1
1685093632.721244335 0.7749481555454051 0.11083269407291813 0 0 0 0 1
1685093632.754577637 0.7556580648845576 0.10904563333797271 0 0 0 0 1
1685093632.787910938 0.7316681551870138 0.11463128721741891 0 0 0 0 1
1685093632.821244240 0.7078428131523071 0.12027351422606458 0 0 0 0 1
1685093632.854577541 0.6840010934581088 0.1258313766345777 0 0 0 0 1
1685093632.887910843 0.6626702840244252 0.12979066197481018 0 0 0 0 1
1685093632.921244144 0.6382344275848812 0.13286762071025093 0 0 0 0 1
1685093632.954577446 0.620625710569451 0.13718106420055723 0 0 0 0 1
1685093632.987910986 0.5961061450890028 0.13815056390470845 0 0 0 0 1
1685093633.021244287 0.5716972497474256 0.13912328899317974 0 0 0 0 1
1685093633.054577589 0.5578094978168017 0.1420384920943898 0 0 0 0 1
1685093633.087910891 0.5532568571109359 0.15254396448382404 0 0 0 0 1
1685093633.121244192 0.5593583143976724 0.12891251613600602 0 0 0 0 1
1685093633.154577494 0.5654182604562942 0.10514806623238296 0 0 0 0 1
1685093633.187910795 0.570865352820218 0.08141427726585398 0 0 0 0 1
1685093633.221244335 0.5759530758907012 0.05816657050864759 0 0 0 0 1
1685093633.254577637 0.581236064346702 0.03523681296577 0 0 0 0 1
1685093633.287910938 0.5837410516180919 0.0176289250754511 0 0 0 0 1
1685093633.321244240 0.5883135278961439 -0.004905151598128199 0 0 0 0 1
1685093633.354577541 0.5934641419445402 -0.027513013041873785 0 0 0 0 1
1685093633.387910843 0.5992831271967476 -0.04397717656983688 0 0 0 0 1
1685093633.421244144 0.6018248271577562 -0.06585055649379035 0 0 0 0 1
1685093633.454577446 0.6044845177160914 -0.08768127270339982 0 0 0 0 1
1685093633.487910986 0.6071383990116962 -0.10951269588558017 0 0 0 0 1
1685093633.521244287 0.6097864708566504 -0.13134482449445758 0 0 0 0 1
1685093633.554577589 0.612191419943491 -0.15333738870453012 0 0 0 0 1
1685093633.587910891 0.6137624311688047 -0.17222321553141576 0 0 0 0 1
1685093633.621244192 0.6138718500020981 -0.18696640109790424 0 0 0 0 1
1685093633.654577494 0.6124325276061705 -0.21008822716030812 0 0 0 0 1
1685093633.687910795 0.6107087060651086 -0.23358798216300578 0 0 0 0 1
1685093633.721244335 0.6084512421752454 -0.257297937272088 0 0 0 0 1
1685093633.754577637 0.6086344512002432 -0.26849052397082845 0 0 0 0 1
1685093633.787910938 0.6077140492407667 -0.2923587196017089 0 0 0 0 1
1685093633.821244240 0.6071401483221669 -0.3143932836300779 0 0 0 0 1
1685093633.854577541 0.606535735244026 -0.3380017827440198 0 0 0 0 1
1685093633.887910843 0.6034277181628646 -0.35666837994463135 0 0 0 0 1
1685093633.921244144 0.6035597782776505 -0.3805851607938547 0 0 0 0 1
1685093633.954577446 0.6039944565168837 -0.4048088966229997 0 0 0 0 1
1685093633.987910986 0.6046373128428948 -0.42896942694813867 0 0 0 0 1
1685093634.021244287 0.6049313515359137 -0.4590653271949396 0 0 0 0 1
1685093634.054577589 0.6051751853274815 -0.48300803792093266 0 0 0 0 1
1685093634.087910891 0.6078365220579345 -0.4951815290385862 0 0 0 0 1
1685093634.121244192 0.6231985865843982 -0.51406236408207 0 0 0 0 1
1685093634.154577494 0.6334541299963891 -0.5280000232327516 0 0 0 0 1
1685093634.187910795 0.6475282173175763 -0.5481229749099072 0 0 0 0 1
1685093634.221244335 0.6616044519573987 -0.5681752101360225 0 0 0 0 1
1685093634.254577637 0.6753640153179036 -0.588225865037062 0 0 0 0 1
1685093634.287910938 0.6886969047217365 -0.6078100616746086 0 0 0 0 1
1685093634.321244240 0.7021891924616631 -0.6268677660714276 0 0 0 0 1
1685093634.354577541 0.7154969678305635 -0.645423363709138 0 0 0 0 1
1685093634.387910843 0.7288214638233683 -0.6633432772483546 0 0 0 0 1
1685093634.421244144 0.7422499744654747 -0.6808712968638748 0 0 0 0 1
1685093634.454577446 0.7557928218277417 -0.6983111264223757 0 0 0 0 1
1685093634.487910986 0.7693125905944235 -0.7153944336661294 0 0 0 0 1
1685093634.521244287 0.7873969710201395 -0.7317191498913693 0 0 0 0 1
1685093634.554577589 0.7928108540025889 -0.739319682020684 0 0 0 0 1
1685093634.587910891 0.8083470137937473 -0.7532751471122263 0 0 0 0 1
1685093634.621244192 0.8212607498351409 -0.7707193788780954 0 0 0 0 1
1685093634.654577494 0.8348117406645769 -0.785569342062076 0 0 0 0 1
1685093634.687910795 0.8416796593065535 -0.7941663361363434 0 0 0 0 1
1685093634.721244335 0.8465116981598173 -0.7954164182079119 0 0 0 0 1
1685093634.754577637 0.8649163213807636 -0.7947844658595229 0 0 0 0 1
1685093634.787910938 0.8825066150565841 -0.7944754235499006 0 0 0 0 1
1685093634.821244240 0.9042057867502925 -0.7920031668566314 0 0 0 0 1
1685093634.854577541 0.9181835737530041 -0.7956400777944841 0 0 0 0 1
1685093634.887910843 0.9316113746342656 -0.7988269257579628 0 0 0 0 1
