1685094188.138799667 -1.138283926969951e-19 5.609324496496328e-19 0 0 0 0 1
1685094188.172132969 0.001037891034955892 -0.014892299140199645 0 0 0 0 1
1685094188.205466270 0.002278426208134833 -0.030977558365584627 0 0 0 0 1
1685094188.238799572 0.0033064350624210617 -0.04789608874069858 0 0 0 0 1
1685094188.272132874 0.0041503076662624955 -0.06555697606665745 0 0 0 0 1
1685094188.305466175 0.005147270448487251 -0.08358224593217276 0 0 0 0 1
1685094188.338799715 0.006236838917054248 -0.10229922003042718 0 0 0 0 1
1685094188.372133017 0.005182523027544507 -0.12648893296190292 0 0 0 0 1
1685094188.405466318 0.0031932709784938647 -0.14599294395445384 0 0 0 0 1
1685094188.438799620 0.0011764069939155643 -0.16611963450521716 0 0 0 0 1
1685094188.472132921 -0.0007145376790007653 -0.18666127027023538 0 0 0 0 1
1685094188.505466223 -0.0026717798111406668 -0.20781684590294697 0 0 0 0 1
1685094188.538799524 -0.00457375592440058 -0.22980790781990698 0 0 0 0 1
1685094188.572133064 -0.006174755680726302 -0.2524737618192522 0 0 0 0 1
1685094188.605466366 -0.008165475318895282 -0.27551082621702266 0 0 0 0 1
1685094188.638799667 -0.010272989675835639 -0.299397497891095 0 0 0 0 1
1685094188.672132969 -0.01238523650349193 -0.3232837515481401 0 0 0 0 1
1685094188.705466270 -0.013363372121814838 -0.34673293175177733 0 0 0 0 1
1685094188.738799572 -0.016183383985020828 -0.3723908802648208 0 0 0 0 1
1685094188.772132874 -0.019314027850030183 -0.3983728159972016 0 0 0 0 1
1685094188.805466175 -0.022275850561438583 -0.4248872671600978 0 0 0 0 1
1685094188.838799715 -0.025419283305340754 -0.45165102720244976 0 0 0 0 1
1685094188.872133017 -0.028551110390825918 -0.47840749220013007 0 0 0 0 1
1685094188.905466318 -0.03169280867271372 -0.5051627999346909 0 0 0 0 1
1685094188.938799620 -0.014447219212708766 -0.4924285867044697 0 0 0 0 1
1685094188.972132921 -0.010872349929561887 -0.5033970377464481 0 0 0 0 1
1685094189.005466223 0.0002796906785118146 -0.5004443103753998 0 0 0 0 1
1685094189.038799524 -0.0020415594583112558 -0.4891439384145234 0 0 0 0 1
1685094189.072133064 0.009819075932801789 -0.4643093774359622 0 0 0 0 1
1685094189.105466366 0.021799006083746717 -0.4395321426334811 0 0 0 0 1
1685094189.138799667 0.03420944876278112 -0.41394280817762213 0 0 0 0 1
1685094189.172132969 0.04350352121419667 -0.3897328711673038 0 0 0 0 1
1685094189.205466270 0.023485237529761203 -0.3732474487855385 0 0 0 0 1
1685094189.238799572 -0.0030711919651169963 -0.38663043620742643 0 0 0 0 1
1685094189.272132874 -0.029597778109715447 -0.3998181877627164 0 0 0 0 1
1685094189.305466175 -0.05595752025548793 -0.41323510419529585 0 0 0 0 1
1685094189.338799715 -0.08228334107903719 -0.4267184572840796 0 0 0 0 1
1685094189.372133017 -0.10857507313485432 -0.4402681612681359 0 0 0 0 1
1685094189.405466318 -0.135823818656735 -0.454539864031417 0 0 0 0 1
1685094189.438799620 -0.16276646083478727 -0.4685388612695402 0 0 0 0 1
1685094189.472132921 -0.18966372754448185 -0.4826248448970722 0 0 0 0 1
1685094189.505466223 -0.21695437491329644 -0.4969210097020856 0 0 0 0 1
1685094189.538799524 -0.24412050533076457 -0.5114523936720384 0 0 0 0 1
1685094189.572133064 -0.2647083087810464 -0.5064295786366432 0 0 0 0 1
1685094189.605466366 -0.23512607329544846 -0.4975615455539319 0 0 0 0 1
1685094189.638799667 -0.20533844130653622 -0.48905150311221135 0 0 0 0 1
1685094189.672132969 -0.17554454725303503 -0.48056341033494393 0 0 0 0 1
1685094189.705466270 -0.14574440730903016 -0.47209727183002465 0 0 0 0 1
1685094189.738799572 -0.1159380376519975 -0.46365309219343026 0 0 0 0 1
1685094189.772132874 -0.08612545446279492 -0.45523087600921686 0 0 0 0 1
1685094189.805466175 -0.05630667392565328 -0.4468306278495173 0 0 0 0 1
1685094189.838799715 -0.026481712228167864 -0.43845235227453894 0 0 0 0 1
1685094189.872133017 0.0033494144387105304 -0.43009605383256067 0 0 0 0 1
1685094189.905466318 0.03318668988068434 -0.4217617370599308 0 0 0 0 1
1685094189.938799620 0.03872990077763287 -0.39889068856332943 0 0 0 0 1
1685094189.972132921 0.055556871430617084 -0.41534259134159646 0 0 0 0 1
1685094190.005466223 0.06311638982168695 -0.4188031246804105 0 0 0 0 1
1685094190.038799524 0.0657679598241849 -0.4109233540101549 0 0 0 0 1
1685094190.072133064 0.05765423194357328 -0.40910978593220704 0 0 0 0 1
1685094190.105466366 0.07232544220905494 -0.38124604220445496 0 0 0 0 1
1685094190.138799667 0.0871127989671941 -0.35344376342577677 0 0 0 0 1
1685094190.172132969 0.10201193501054968 -0.32608326870787113 0 0 0 0 1
1685094190.205466270 0.11680905451707933 -0.29866746705341557 0 0 0 0 1
1685094190.238799572 0.13150395218558214 -0.27119673884029394 0 0 0 0 1
1685094190.272132874 0.14640482645032343 -0.2430649089959654 0 0 0 0 1
1685094190.305466175 0.16133361918604255 -0.2149478847633438 0 0 0 0 1
1685094190.338799715 0.16768033045102862 -0.18875729122460636 0 0 0 0 1
1685094190.372133017 0.17904282375652864 -0.15997568591987044 0 0 0 0 1
1685094190.405466318 0.19037725551807363 -0.13118301819563866 0 0 0 0 1
1685094190.438799620 0.20121759557858773 -0.10314974138173448 0 0 0 0 1
1685094190.472132921 0.21196958143837027 -0.07508245826377662 0 0 0 0 1
1685094190.505466223 0.22208589070393256 -0.047211209040302814 0 0 0 0 1
1685094190.538799524 0.230477027629378 -0.025815854354706493 0 0 0 0 1
1685094190.572133064 0.24157581132707404 -0.005691506378789359 0 0 0 0 1
1685094190.605466366 0.22894834939393408 0.009463980587999021 0 0 0 0 1
1685094190.638799667 0.23073096260691747 0.02415661388405197 0 0 0 0 1
1685094190.672132969 0.23848331596042047 0.05164534223308436 0 0 0 0 1
1685094190.705466270 0.24617336292763134 0.07915156600892385 0 0 0 0 1
1685094190.738799572 0.25387921974685185 0.1068379166487336 0 0 0 0 1
1685094190.772132874 0.23874928881998253 0.14695961827603587 0 0 0 0 1
1685094190.805466175 0.2577799422765099 0.12734100242156193 0 0 0 0 1
1685094190.838799715 0.2681407642227969 0.1092200353787793 0 0 0 0 1
1685094190.872133017 0.28704056484665763 0.09214604147658637 0 0 0 0 1
