1685093613.963206053 1.0076515208393156e-20 4.969923228165335e-19 0 0 0 0 1
1685093613.996539354 6.406839810673228e-05 -0.009179362049763686 0 0 0 0 1
1685093614.029872656 0.0002656253892825939 -0.01868467857487714 0 0 0 0 1
1685093614.063205957 0.0005801491509926504 -0.028583081613724044 0 0 0 0 1
1685093614.096539259 0.0012153166320018176 -0.038948192851305054 0 0 0 0 1
1685093614.129872561 0.002013424275590902 -0.04979579029532702 0 0 0 0 1
1685093614.163205862 0.0030372997301541618 -0.06121655883690205 0 0 0 0 1
1685093614.196539402 0.0041255738631815865 -0.07304792507863761 0 0 0 0 1
1685093614.229872704 0.005256065302336714 -0.08481848265582435 0 0 0 0 1
1685093614.263206005 0.006255277343001964 -0.09667451645163616 0 0 0 0 1
1685093614.296539307 0.007129023732582611 -0.10839728616656051 0 0 0 0 1
1685093614.329872608 0.007784368497036112 -0.12012471248985866 0 0 0 0 1
1685093614.363205910 0.008332238992141597 -0.13191057498142558 0 0 0 0 1
1685093614.396539211 0.008709090229732082 -0.14403851355333167 0 0 0 0 1
1685093614.429872751 0.009045304756626434 -0.15651151434051663 0 0 0 0 1
1685093614.463206053 0.009375704627413163 -0.16926645261480885 0 0 0 0 1
1685093614.496539354 0.00963471751102464 -0.18597864973957406 0 0 0 0 1
1685093614.529872656 0.009812952718665759 -0.20002053291144653 0 0 0 0 1
1685093614.563205957 0.010146966092117498 -0.21484003080840083 0 0 0 0 1
1685093614.596539259 0.010682593828060215 -0.23051989795911676 0 0 0 0 1
1685093614.629872561 0.011195827174113406 -0.24691601465900864 0 0 0 0 1
1685093614.663205862 0.01160748767238184 -0.26373375553044826 0 0 0 0 1
1685093614.696539402 0.01200438727032878 -0.2808420284703437 0 0 0 0 1
1685093614.729872704 0.012430332376685088 -0.29824499181143593 0 0 0 0 1
1685093614.763206005 0.0130932195475182 -0.3156624871386744 0 0 0 0 1
1685093614.796539307 0.013622143405117122 -0.333317999724834 0 0 0 0 1
1685093614.829872608 0.014258158963914124 -0.35110333284369577 0 0 0 0 1
1685093614.863205910 0.012757834960102939 -0.3688763631371404 0 0 0 0 1
1685093614.896539211 0.011457129598584428 -0.38685577594985726 0 0 0 0 1
1685093614.929872751 0.010617816062776834 -0.4040163822943334 0 0 0 0 1
1685093614.963206053 0.009491064765098717 -0.4228767737529184 0 0 0 0 1
1685093614.996539354 0.008304920427575803 -0.44182214358987376 0 0 0 0 1
1685093615.029872656 0.007049713808744636 -0.4610163971691896 0 0 0 0 1
1685093615.063205957 0.005787495174933924 -0.4804113422814958 0 0 0 0 1
1685093615.096539259 0.00455641908172874 -0.49965104000815597 0 0 0 0 1
1685093615.129872561 0.0033280272412318027 -0.5189087376878566 0 0 0 0 1
1685093615.163205862 0.0019160875923844016 -0.5356433980021079 0 0 0 0 1
1685093615.196539402 0.0020246260672418643 -0.5523828520655893 0 0 0 0 1
1685093615.229872704 0.0010184466324889923 -0.5715423349100927 0 0 0 0 1
1685093615.263206005 -0.00014799963139736574 -0.5907480674269802 0 0 0 0 1
1685093615.296539307 -0.0026241846993985663 -0.6067031746781185 0 0 0 0 1
1685093615.329872608 -0.0037969205713482904 -0.6259747565460959 0 0 0 0 1
1685093615.363205910 -0.005089203980334475 -0.6449036238557018 0 0 0 0 1
1685093615.396539211 -0.0065855456818301435 -0.6636912789487022 0 0 0 0 1
1685093615.429872751 -0.008084111782042332 -0.6826549536936618 0 0 0 0 1
1685093615.463206053 -0.00969556871342724 -0.7013050614388837 0 0 0 0 1
1685093615.496539354 -0.011476201980307438 -0.7200054188495787 0 0 0 0 1
1685093615.529872656 -0.01314429510050187 -0.7388606390108242 0 0 0 0 1
1685093615.563205957 -0.014494042963710903 -0.7579673532282902 0 0 0 0 1
1685093615.596539259 -0.015500379966854268 -0.7769246187819051 0 0 0 0 1
1685093615.629872561 -0.016243869304534576 -0.7959502146193861 0 0 0 0 1
1685093615.663205862 -0.01672570695177352 -0.8149510149355825 0 0 0 0 1
1685093615.696539402 -0.017117720339146526 -0.8337095599530551 0 0 0 0 1
1685093615.729872704 -0.017443662226449632 -0.8525328164446353 0 0 0 0 1
1685093615.763206005 -0.017614672893589416 -0.8712979278781535 0 0 0 0 1
1685093615.796539307 -0.017697605518831584 -0.8906111903251692 0 0 0 0 1
1685093615.829872608 -0.017910959263438345 -0.9101649303424271 0 0 0 0 1
1685093615.863205910 -0.018169669043923097 -0.9301858722897193 0 0 0 0 1
1685093615.896539211 -0.01857210686968048 -0.9498910216193596 0 0 0 0 1
1685093615.929872751 -0.020171562083947218 -0.9752302910429158 0 0 0 0 1
1685093615.963206053 -0.017946881799850534 -0.9961525852438213 0 0 0 0 1
1685093615.996539354 -0.015768298988206045 -1.017032883533 0 0 0 0 1
1685093616.029872656 -0.013415041292163045 -1.0378068682533925 0 0 0 0 1
1685093616.063205957 -0.01116342057550223 -1.0583169360291063 0 0 0 0 1
1685093616.096539259 -0.008896939178037107 -1.0786332660929916 0 0 0 0 1
1685093616.129872561 -0.007209262402646599 -1.0870009811074002 0 0 0 0 1
1685093616.163205862 0.004831906273183122 -1.10331873324896 0 0 0 0 1
1685093616.196539402 0.017157107402788224 -1.1198071273569357 0 0 0 0 1
1685093616.229872704 0.029463330716345135 -1.1362804767214938 0 0 0 0 1
1685093616.263206005 0.043452171312517086 -1.1500197763924396 0 0 0 0 1
1685093616.296539307 0.05586758638163546 -1.1657975118658168 0 0 0 0 1
1685093616.329872608 0.06839051396858783 -1.1814038743603748 0 0 0 0 1
1685093616.363205910 0.0809386461857078 -1.1969983355662739 0 0 0 0 1
1685093616.396539211 0.09332007556117826 -1.2124727112443316 0 0 0 0 1
1685093616.429872751 0.10549519395975988 -1.2278203000168029 0 0 0 0 1
1685093616.463206053 0.11718827922641673 -1.2429676364897533 0 0 0 0 1
1685093616.496539354 0.13103710940486887 -1.2616157378694541 0 0 0 0 1
1685093616.529872656 0.14173283356526944 -1.2763764904476114 0 0 0 0 1
1685093616.563205957 0.15502457279579968 -1.294700061527239 0 0 0 0 1
1685093616.596539259 0.16332949329939342 -1.3102303709106669 0 0 0 0 1
1685093616.629872561 0.17146702452313514 -1.3255789660251438 0 0 0 0 1
1685093616.663205862 0.17973619753488398 -1.3405642237079491 0 0 0 0 1
1685093616.696539402 0.188003290062093 -1.3550573291233183 0 0 0 0 1
1685093616.729872704 0.1957277707543406 -1.368958105804715 0 0 0 0 1
