1685093655.725634098 3.551834499657191e-21 -1.3486983945544276e-19 0 0 0 0 1
1685093655.758967638 5.3417792248402664e-05 -0.015278961061756725 0 0 0 0 1
1685093655.792300940 0.00017802172365771393 -0.03132209672757289 0 0 0 0 1
1685093655.825634241 0.00010558601632130073 -0.04804753502877437 0 0 0 0 1
1685093655.858967543 2.9257903536050582e-05 -0.06541065559399785 0 0 0 0 1
1685093655.892300844 -5.424049863758753e-05 -0.08374001353288736 0 0 0 0 1
1685093655.925634146 -0.00020176853035590463 -0.10270846508648344 0 0 0 0 1
1685093655.958967447 -0.0005452212720289755 -0.12211895606072942 0 0 0 0 1
1685093655.992300749 -0.0009423623608186239 -0.14229135374112473 0 0 0 0 1
1685093656.025634289 -0.0013488067311829442 -0.1630241863677586 0 0 0 0 1
1685093656.058967590 -0.0017816382049568045 -0.18445294245574484 0 0 0 0 1
1685093656.092300892 -0.002390939218130215 -0.2062578301840678 0 0 0 0 1
1685093656.125634193 -0.00302781801092108 -0.22847390089962719 0 0 0 0 1
1685093656.158967495 -0.003553598930861186 -0.25095470637822065 0 0 0 0 1
1685093656.192300797 -0.004021133969493639 -0.2738385093657726 0 0 0 0 1
1685093656.225634098 -0.004181458248522184 -0.2970060046898538 0 0 0 0 1
1685093656.258967638 -0.004134064049033351 -0.32026236919266954 0 0 0 0 1
1685093656.292300940 -0.0038756105394655523 -0.34370562739097926 0 0 0 0 1
1685093656.325634241 -0.0032295983140131095 -0.366922867053096 0 0 0 0 1
1685093656.358967543 -0.0025428354372733675 -0.38992459065775537 0 0 0 0 1
1685093656.392300844 -0.0017441220059454476 -0.41292285973395765 0 0 0 0 1
1685093656.425634146 -0.0008138269521620785 -0.4364342947983523 0 0 0 0 1
1685093656.458967447 0.0001295083706832414 -0.4600570309581233 0 0 0 0 1
1685093656.492300749 0.0009332641755815891 -0.4838376541434658 0 0 0 0 1
1685093656.525634289 0.001391554348449469 -0.5080323934903 0 0 0 0 1
1685093656.558967590 0.0018487949321309024 -0.5327551842081885 0 0 0 0 1
1685093656.592300892 0.002170071808551532 -0.5640690890261585 0 0 0 0 1
1685093656.625634193 0.002196069937927482 -0.5893175048594294 0 0 0 0 1
1685093656.658967495 0.0019602239090975465 -0.6149987371578761 0 0 0 0 1
1685093656.692300797 0.0019747793291452448 -0.6410151249708562 0 0 0 0 1
1685093656.725634098 0.002197852567658128 -0.6671878967713456 0 0 0 0 1
1685093656.758967638 0.0026625406511100033 -0.6934746277806242 0 0 0 0 1
1685093656.792300940 0.003081006249501944 -0.7193352228548687 0 0 0 0 1
1685093656.825634241 0.00338194440121192 -0.7451831396362423 0 0 0 0 1
1685093656.858967543 0.003745219531854894 -0.7711117362401217 0 0 0 0 1
1685093656.892300844 0.004083874420029775 -0.7973427976592322 0 0 0 0 1
1685093656.925634146 0.0042623072865707505 -0.8231621113909494 0 0 0 0 1
1685093656.958967447 0.004765267089492429 -0.8393676563785677 0 0 0 0 1
1685093656.992300749 0.00705960099497691 -0.8652520999897771 0 0 0 0 1
1685093657.025634289 0.009299992663689308 -0.8912230964431704 0 0 0 0 1
1685093657.058967590 0.011581232459867957 -0.917221650556702 0 0 0 0 1
1685093657.092300892 0.013670782195077596 -0.9431876933603115 0 0 0 0 1
1685093657.125634193 0.015879247313513797 -0.9689718577770269 0 0 0 0 1
1685093657.158967495 0.01843787723524929 -0.9945096494592826 0 0 0 0 1
1685093657.192300797 0.021146171745174403 -1.0197091330649906 0 0 0 0 1
1685093657.225634098 0.024002980638979057 -1.044104094507149 0 0 0 0 1
1685093657.258967638 0.027906206672676247 -1.0745420495863403 0 0 0 0 1
1685093657.292300940 0.0313004800924205 -1.0993078301160282 0 0 0 0 1
1685093657.325634241 0.03490766365990454 -1.1241436400586453 0 0 0 0 1
1685093657.358967543 0.038388597518119655 -1.1485037074329694 0 0 0 0 1
1685093657.392300844 0.04169499017711842 -1.1727936701610577 0 0 0 0 1
1685093657.425634146 0.04508223916278036 -1.1969430592541765 0 0 0 0 1
1685093657.458967447 0.048026075735660284 -1.2209282233059295 0 0 0 0 1
1685093657.492300749 0.05093709139206117 -1.2446790084796626 0 0 0 0 1
1685093657.525634289 0.052994560276486836 -1.2690198142501228 0 0 0 0 1
1685093657.558967590 0.055015900563925836 -1.2923667633026035 0 0 0 0 1
1685093657.592300892 0.05548846056152735 -1.3164452353457778 0 0 0 0 1
1685093657.625634193 0.056091501650161114 -1.340357039138273 0 0 0 0 1
1685093657.658967495 0.05673215473975805 -1.3636660403236789 0 0 0 0 1
1685093657.692300797 0.05724324072081096 -1.3864501370188753 0 0 0 0 1
1685093657.725634098 0.057618165945678736 -1.408537980285616 0 0 0 0 1
1685093657.758967638 0.05805503461511478 -1.4302599710872685 0 0 0 0 1
1685093657.792300940 0.05876204334470766 -1.451467332858049 0 0 0 0 1
