1685093616.557610035 -1.1542198301760675e-20 4.150623256833746e-20 0 0 0 0 1
1685093616.590943336 -1.165762028477828e-18 4.1921294894020825e-18 0 0 0 0 1
1685093616.624276638 -0.000999854437226821 -0.016779945977149685 0 0 0 0 1
1685093616.657609940 -0.0020863440834483697 -0.03391366104059889 0 0 0 0 1
1685093616.690943241 -0.0030833417528887625 -0.05111392554905857 0 0 0 0 1
1685093616.724276781 -0.004041456125329662 -0.06803305715922671 0 0 0 0 1
1685093616.757610083 -0.004521560859419085 -0.08157552179380043 0 0 0 0 1
1685093616.790943384 -0.001037111504702977 -0.09793614338821739 0 0 0 0 1
1685093616.824276686 0.0026546046608272767 -0.11405483588310104 0 0 0 0 1
1685093616.857609987 0.006623316129074376 -0.1302934063060665 0 0 0 0 1
1685093616.890943289 0.010814657889316327 -0.1474176235416148 0 0 0 0 1
1685093616.924276590 0.013515609311938266 -0.1625337998258254 0 0 0 0 1
1685093616.957610130 0.021831681274802093 -0.1794664319750276 0 0 0 0 1
1685093616.990943432 0.030117067784466173 -0.1961763301613866 0 0 0 0 1
1685093617.024276733 0.03868367978189295 -0.212755841662194 0 0 0 0 1
1685093617.057610035 0.04285737471721035 -0.22823008608970793 0 0 0 0 1
1685093617.090943336 0.04634393996391238 -0.23328837328052376 0 0 0 0 1
1685093617.124276638 0.052397725426073516 -0.2526744556418322 0 0 0 0 1
1685093617.157609940 0.058503225060098765 -0.27246981471319487 0 0 0 0 1
1685093617.190943241 0.06783276121023599 -0.29350606173923605 0 0 0 0 1
1685093617.224276781 0.07405390308171192 -0.3133056758466325 0 0 0 0 1
1685093617.257610083 0.08019552519813021 -0.3334008775276922 0 0 0 0 1
1685093617.290943384 0.08661647712021917 -0.3541183742499288 0 0 0 0 1
1685093617.324276686 0.09304952617641482 -0.3751079910864141 0 0 0 0 1
1685093617.357609987 0.09939133450837544 -0.3964405824665401 0 0 0 0 1
1685093617.390943289 0.10584469414562249 -0.4178629041452325 0 0 0 0 1
1685093617.424276590 0.11247601656856634 -0.4394886973957306 0 0 0 0 1
1685093617.457610130 0.11931327166059744 -0.4612338722960744 0 0 0 0 1
1685093617.490943432 0.12622506312852133 -0.48298852481171684 0 0 0 0 1
1685093617.524276733 0.133041176773406 -0.5043617532259069 0 0 0 0 1
1685093617.557610035 0.1397756040324284 -0.5253605413650974 0 0 0 0 1
1685093617.590943336 0.14509691808729006 -0.5429547438709739 0 0 0 0 1
1685093617.624276638 0.15324476897055578 -0.5619362877063915 0 0 0 0 1
1685093617.657609940 0.16328727928747613 -0.5818732731524261 0 0 0 0 1
1685093617.690943241 0.17334375283941886 -0.6015570092694673 0 0 0 0 1
1685093617.724276781 0.18330293578156012 -0.621110691573624 0 0 0 0 1
1685093617.757610083 0.19317575442051294 -0.6405859984086878 0 0 0 0 1
1685093617.790943384 0.20294806766948012 -0.6599803451971699 0 0 0 0 1
1685093617.824276686 0.2123682175529008 -0.6776505442985745 0 0 0 0 1
1685093617.857609987 0.22270294776688637 -0.6967179591941082 0 0 0 0 1
1685093617.890943289 0.22694237170739476 -0.7130869473886225 0 0 0 0 1
1685093617.924276590 0.230444599607329 -0.7339711804856098 0 0 0 0 1
1685093617.957610130 0.23340036883200205 -0.7547627274505786 0 0 0 0 1
1685093617.990943432 0.23680821015528983 -0.7751481628807929 0 0 0 0 1
1685093618.024276733 0.23856451056433942 -0.7879071035645338 0 0 0 0 1
1685093618.057610035 0.2516514373283819 -0.8040828987672658 0 0 0 0 1
1685093618.090943336 0.2643814434947961 -0.8196934649240805 0 0 0 0 1
1685093618.124276638 0.27647885316604026 -0.8345968706965637 0 0 0 0 1
1685093618.157609940 0.28823855712740304 -0.848695087779686 0 0 0 0 1
1685093618.190943241 0.29946435645956443 -0.8617154087603333 0 0 0 0 1
