1685094171.507352114 5.70973111631937e-19 -9.153824886645678e-18 0 0 0 0 1
1685094171.540685415 -0.0007831550089350579 -0.0195073464105358 0 0 0 0 1
1685094171.574018955 -0.0015694978452354686 -0.039361248731769126 0 0 0 0 1
1685094171.607352257 -0.0022597017342453757 -0.05981937830240498 0 0 0 0 1
1685094171.640685558 -0.0029351070572192213 -0.08102440604122758 0 0 0 0 1
1685094171.674018860 -0.0033634912098012737 -0.1025284384518396 0 0 0 0 1
1685094171.707352161 -0.003955796845992472 -0.124341917652166 0 0 0 0 1
1685094171.740685463 -0.004242855565780417 -0.14663136630574924 0 0 0 0 1
1685094171.774018764 -0.004188453491358503 -0.16980646769954483 0 0 0 0 1
1685094171.807352066 -0.004060100735475128 -0.1937337334156098 0 0 0 0 1
1685094171.840685606 -0.0036507602662820514 -0.2179382222530318 0 0 0 0 1
1685094171.874018908 -0.003438294489910028 -0.2428066951160786 0 0 0 0 1
1685094171.907352209 -0.0026543931327055468 -0.2673580111462865 0 0 0 0 1
1685094171.940685511 -0.001760664267453248 -0.2933849442507419 0 0 0 0 1
1685094171.974018812 -0.000841243062191696 -0.31975774818755753 0 0 0 0 1
1685094172.007352114 0.00033162349363085263 -0.346131619287681 0 0 0 0 1
1685094172.040685415 0.00176061366000771 -0.37270561555804244 0 0 0 0 1
1685094172.074018955 0.0032570545204815876 -0.39987089915192026 0 0 0 0 1
1685094172.107352257 0.004782419943107173 -0.4275057837195053 0 0 0 0 1
1685094172.140685558 0.00979561693974005 -0.45234522383150627 0 0 0 0 1
1685094172.174018860 0.017179022653671914 -0.48519438853653735 0 0 0 0 1
1685094172.207352161 0.022644892403749835 -0.5126146971477666 0 0 0 0 1
1685094172.240685463 0.0278513006395686 -0.5403609589306003 0 0 0 0 1
1685094172.274018764 0.03143002347526044 -0.5664089529638392 0 0 0 0 1
1685094172.307352066 0.040462116401380005 -0.5928798713084811 0 0 0 0 1
1685094172.340685606 0.049618732997180545 -0.6198271249601371 0 0 0 0 1
1685094172.374018908 0.05887746967784117 -0.6469958318976995 0 0 0 0 1
1685094172.407352209 0.06771462181566842 -0.6737837105000231 0 0 0 0 1
1685094172.440685511 0.07272277094548858 -0.6985516206525433 0 0 0 0 1
1685094172.474018812 0.07752526677127453 -0.7266661544012673 0 0 0 0 1
1685094172.507352114 0.08227554575293376 -0.7553246819328792 0 0 0 0 1
1685094172.540685415 0.08697964661038762 -0.7839614267717643 0 0 0 0 1
1685094172.574018955 0.08965045831509769 -0.8100848079946917 0 0 0 0 1
1685094172.607352257 0.09363618060935947 -0.8390861752552229 0 0 0 0 1
1685094172.640685558 0.09803867709460208 -0.8684027828346776 0 0 0 0 1
1685094172.674018860 0.10244389682133676 -0.8963793754216294 0 0 0 0 1
1685094172.707352161 0.1063289056813262 -0.9248509980856469 0 0 0 0 1
1685094172.740685463 0.1109323918935545 -0.9538135896344312 0 0 0 0 1
1685094172.774018764 0.11522584119026333 -0.9827195789410326 0 0 0 0 1
1685094172.807352066 0.11951276417439688 -1.0112642335131246 0 0 0 0 1
1685094172.840685606 0.12362254665354064 -1.0397476757163202 0 0 0 0 1
1685094172.874018908 0.1277267974033585 -1.068495176536658 0 0 0 0 1
1685094172.907352209 0.1318405333322271 -1.0974655376337805 0 0 0 0 1
1685094172.940685511 0.1358886041721168 -1.1261552081684352 0 0 0 0 1
1685094172.974018812 0.14024473021132267 -1.155018085162852 0 0 0 0 1
1685094173.007352114 0.14450358621713325 -1.1839296539149862 0 0 0 0 1
1685094173.040685415 0.14839515417515375 -1.2130668952377917 0 0 0 0 1
1685094173.074018955 0.15214640543806904 -1.2420268168320285 0 0 0 0 1
1685094173.107352257 0.15655550556287048 -1.269117827862515 0 0 0 0 1
1685094173.140685558 0.1601318274291513 -1.298409607461173 0 0 0 0 1
1685094173.174018860 0.16381800975190128 -1.3278704280938614 0 0 0 0 1
1685094173.207352161 0.16748434788444186 -1.3571704465060939 0 0 0 0 1
1685094173.240685463 0.17003519270594655 -1.3876300514253999 0 0 0 0 1
1685094173.274018764 0.17356349516516986 -1.417360816984188 0 0 0 0 1
1685094173.307352066 0.17697886866648008 -1.4460133044244166 0 0 0 0 1
1685094173.340685606 0.1817463586598166 -1.47551433348176 0 0 0 0 1
1685094173.374018908 0.18663796025184087 -1.504343184368613 0 0 0 0 1
1685094173.407352209 0.1919181688955319 -1.533971356650674 0 0 0 0 1
1685094173.440685511 0.19739883125452573 -1.5634804607939286 0 0 0 0 1
1685094173.474018812 0.20260179234798323 -1.5928092199810509 0 0 0 0 1
1685094173.507352114 0.20740697667521055 -1.6225937271328115 0 0 0 0 1
1685094173.540685415 0.21323583577591873 -1.652304826526372 0 0 0 0 1
1685094173.574018955 0.21958057370849746 -1.6824830001791458 0 0 0 0 1
1685094173.607352257 0.22567502799721137 -1.7127134749614072 0 0 0 0 1
1685094173.640685558 0.23158791751019822 -1.7431863467643745 0 0 0 0 1
1685094173.674018860 0.23739780811141012 -1.7739745187769334 0 0 0 0 1
1685094173.707352161 0.24323020920704644 -1.8043410429414093 0 0 0 0 1
1685094173.740685463 0.24930803992202388 -1.8345107868383195 0 0 0 0 1
1685094173.774018764 0.2554626715563779 -1.8649357077474995 0 0 0 0 1
1685094173.807352066 0.2617117262631127 -1.895292532224143 0 0 0 0 1
1685094173.840685606 0.2677954003449853 -1.924405326279261 0 0 0 0 1
1685094173.874018908 0.2741567012969792 -1.953924348657543 0 0 0 0 1
1685094173.907352209 0.2807117717384251 -1.9835112202123346 0 0 0 0 1
1685094173.940685511 0.28730626039637697 -2.0129446883572886 0 0 0 0 1
1685094173.974018812 0.2964531716197693 -2.0480871743465388 0 0 0 0 1
1685094174.007352114 0.3035697272690339 -2.077816233048521 0 0 0 0 1
1685094174.040685415 0.3106273873187406 -2.107681023080771 0 0 0 0 1
1685094174.074018955 0.3175558401380142 -2.1374717547463122 0 0 0 0 1
1685094174.107352257 0.32479890646804516 -2.1650540883767015 0 0 0 0 1
1685094174.140685558 0.33193717821988905 -2.19502132922834 0 0 0 0 1
1685094174.174018860 0.33947528451412434 -2.224922697724103 0 0 0 0 1
1685094174.207352161 0.346183804472859 -2.252943088618403 0 0 0 0 1
1685094174.240685463 0.35361687495953903 -2.2826648233622766 0 0 0 0 1
1685094174.274018764 0.3611454094692729 -2.312568881395411 0 0 0 0 1
1685094174.307352066 0.36880419334370323 -2.3420616958768097 0 0 0 0 1
1685094174.340685606 0.3762084050238101 -2.3714120327989057 0 0 0 0 1
1685094174.374018908 0.3836361228290414 -2.4007879996132333 0 0 0 0 1
1685094174.407352209 0.39201469551566337 -2.4276132304465725 0 0 0 0 1
1685094174.440685511 0.4008783489639636 -2.455771269418258 0 0 0 0 1
1685094174.474018812 0.41011931480717667 -2.4844840697082238 0 0 0 0 1
1685094174.507352114 0.4192736134887836 -2.510551803616895 0 0 0 0 1
1685094174.540685415 0.43022989302000125 -2.5389882315517935 0 0 0 0 1
1685094174.574018955 0.44111646916493336 -2.5667430206808315 0 0 0 0 1
1685094174.607352257 0.4519272416467368 -2.5940763656394705 0 0 0 0 1
1685094174.640685558 0.46288473813935316 -2.621267143139449 0 0 0 0 1
1685094174.674018860 0.4721770722663583 -2.645175449064759 0 0 0 0 1
1685094174.707352161 0.4822898180419314 -2.6715005119401916 0 0 0 0 1
1685094174.740685463 0.4921440344906297 -2.6960695128527785 0 0 0 0 1
1685094174.774018764 0.5019422521108101 -2.719072047990445 0 0 0 0 1
1685094174.807352066 0.5131656457173281 -2.7447894892344484 0 0 0 0 1
1685094174.840685606 0.5242874520016947 -2.7701261194469673 0 0 0 0 1
1685094174.874018908 0.5353136795651203 -2.7955055953444083 0 0 0 0 1
1685094174.907352209 0.5461771038838416 -2.8206004654532406 0 0 0 0 1
