1685094127.606099844 3.202504451689141e-20 -7.765094677618588e-19 0 0 0 0 1
1685094127.639433146 0.0003369075691127029 -0.019629452951377895 0 0 0 0 1
1685094127.672766447 0.000863111214744496 -0.039756930400203463 0 0 0 0 1
1685094127.706099749 0.001624063480279008 -0.060332316763413545 0 0 0 0 1
1685094127.739433050 0.0027089044526341123 -0.08043739828162212 0 0 0 0 1
1685094127.772766590 0.004644425331340664 -0.10125499843214072 0 0 0 0 1
1685094127.806099892 0.0065474420433214815 -0.12210292947400116 0 0 0 0 1
1685094127.839433193 0.008588350900661929 -0.1431186454366922 0 0 0 0 1
1685094127.872766495 0.010898540978612979 -0.16422991146255558 0 0 0 0 1
1685094127.906099796 0.01318408999977618 -0.18546529293549688 0 0 0 0 1
1685094127.939433098 0.015610078398209964 -0.20692186126445297 0 0 0 0 1
1685094127.972766399 0.018080253093132978 -0.22860281798129373 0 0 0 0 1
1685094128.006099701 0.020698190067317535 -0.2502091116323582 0 0 0 0 1
1685094128.039433241 0.023500451722173313 -0.27232616381484603 0 0 0 0 1
1685094128.072766542 0.025715503167871998 -0.2944851762819459 0 0 0 0 1
1685094128.106099844 0.02827589292716871 -0.3170309086353584 0 0 0 0 1
1685094128.139433146 0.031064369307232283 -0.33982819725745067 0 0 0 0 1
1685094128.172766447 0.03397569807783189 -0.36297470594179115 0 0 0 0 1
1685094128.206099749 0.0367719988615818 -0.38652528857882784 0 0 0 0 1
1685094128.239433050 0.03907476099965278 -0.40965731542299255 0 0 0 0 1
1685094128.272766590 0.04063512100582421 -0.43401655384014487 0 0 0 0 1
1685094128.306099892 0.04151527662037182 -0.4564753463481492 0 0 0 0 1
1685094128.339433193 0.04448239512740896 -0.48729851075890707 0 0 0 0 1
1685094128.372766495 0.0470089702644704 -0.5122484544313922 0 0 0 0 1
1685094128.406099796 0.04925534224624076 -0.5373678162346058 0 0 0 0 1
1685094128.439433098 0.05123845717260729 -0.5629236517846322 0 0 0 0 1
1685094128.472766399 0.053277739988232826 -0.5891060581015807 0 0 0 0 1
1685094128.506099701 0.05517704500345245 -0.6153671157393138 0 0 0 0 1
1685094128.539433241 0.05665341472992352 -0.6411537416161998 0 0 0 0 1
1685094128.572766542 0.057844943802172685 -0.6670287564116784 0 0 0 0 1
1685094128.606099844 0.05910453265912946 -0.6926741189895369 0 0 0 0 1
1685094128.639433146 0.05916272651688867 -0.7172596004719256 0 0 0 0 1
1685094128.672766447 0.059414078560971126 -0.7424805756952948 0 0 0 0 1
1685094128.706099749 0.05973082716768767 -0.7675773737755175 0 0 0 0 1
1685094128.739433050 0.06029156412640979 -0.7926557603869827 0 0 0 0 1
1685094128.772766590 0.06106037264548713 -0.8181363697591847 0 0 0 0 1
1685094128.806099892 0.06225105016568737 -0.842640836273424 0 0 0 0 1
1685094128.839433193 0.06441864358975274 -0.868138606363796 0 0 0 0 1
1685094128.872766495 0.06690927496847542 -0.8934869228781619 0 0 0 0 1
1685094128.906099796 0.069707052238997 -0.9194452869077862 0 0 0 0 1
1685094128.939433098 0.0727692971681463 -0.9457090302759413 0 0 0 0 1
1685094128.972766399 0.07592795560062358 -0.9718798144547361 0 0 0 0 1
1685094129.006099701 0.07880012032172934 -0.9982418498922747 0 0 0 0 1
1685094129.039433241 0.08186473776616389 -1.0251373453272894 0 0 0 0 1
1685094129.072766542 0.08475413824036182 -1.0523206026390972 0 0 0 0 1
1685094129.106099844 0.08693000724998808 -1.07968204140765 0 0 0 0 1
1685094129.139433146 0.08876414555187016 -1.1072040471390303 0 0 0 0 1
1685094129.172766447 0.09068772822842056 -1.1346653863085343 0 0 0 0 1
1685094129.206099749 0.09238601916784954 -1.1618040402334036 0 0 0 0 1
1685094129.239433050 0.09417704304323336 -1.1888602833239796 0 0 0 0 1
1685094129.272766590 0.09572900427140837 -1.2146327753536357 0 0 0 0 1
1685094129.306099892 0.09632831383106158 -1.2389810379157864 0 0 0 0 1
1685094129.339433193 0.09581946992693252 -1.2657694412837126 0 0 0 0 1
1685094129.372766495 0.09532973092090007 -1.2925572884601808 0 0 0 0 1
1685094129.406099796 0.09487248637253676 -1.319120091048788 0 0 0 0 1
1685094129.439433098 0.0943896224187626 -1.3459732954803498 0 0 0 0 1
1685094129.472766399 0.09418182027758397 -1.3734315389143779 0 0 0 0 1
1685094129.506099701 0.0939866854778771 -1.401283374711964 0 0 0 0 1
1685094129.539433241 0.09393666957730504 -1.42963701037629 0 0 0 0 1
1685094129.572766542 0.09393371895487138 -1.458243894944994 0 0 0 0 1
1685094129.606099844 0.09378482410080113 -1.4872179185904106 0 0 0 0 1
1685094129.639433146 0.09356428636802214 -1.5166734171249259 0 0 0 0 1
1685094129.672766447 0.09345887602410988 -1.54616993727665 0 0 0 0 1
1685094129.706099749 0.09329389109810785 -1.5750501331650595 0 0 0 0 1
1685094129.739433050 0.09326535051817308 -1.6040427573819218 0 0 0 0 1
1685094129.772766590 0.09341496511146934 -1.6331108678931454 0 0 0 0 1
1685094129.806099892 0.0937090728685004 -1.6622017080677123 0 0 0 0 1
1685094129.839433193 0.09394311980827022 -1.6911943480187792 0 0 0 0 1
1685094129.872766495 0.09427991998794932 -1.7203792782061604 0 0 0 0 1
1685094129.906099796 0.09450032647940043 -1.74958958695115 0 0 0 0 1
1685094129.939433098 0.0945665356910193 -1.778804440623325 0 0 0 0 1
1685094129.972766399 0.09497934212551969 -1.8151606295896245 0 0 0 0 1
1685094130.006099701 0.09530498499148353 -1.8442450677542979 0 0 0 0 1
1685094130.039433241 0.09826392367095471 -1.871461541181767 0 0 0 0 1
1685094130.072766542 0.10189662037988508 -1.899224456978456 0 0 0 0 1
1685094130.106099844 0.10524508153380972 -1.927801906540808 0 0 0 0 1
1685094130.139433146 0.10866128916846507 -1.9570447739156354 0 0 0 0 1
1685094130.172766447 0.11209343143804612 -1.9860876535936534 0 0 0 0 1
1685094130.206099749 0.11745879521606738 -2.011827756691266 0 0 0 0 1
1685094130.239433050 0.12356644193095732 -2.0400890338450006 0 0 0 0 1
1685094130.272766590 0.12965532366575672 -2.068124551402478 0 0 0 0 1
1685094130.306099892 0.13493474878410333 -2.0935287695584948 0 0 0 0 1
1685094130.339433193 0.14127586685609633 -2.1211234271365997 0 0 0 0 1
1685094130.372766495 0.14779804924843928 -2.1483141232017773 0 0 0 0 1
1685094130.406099796 0.15296139872331685 -2.1739749123677257 0 0 0 0 1
1685094130.439433098 0.15899470535590193 -2.2009128579335586 0 0 0 0 1
1685094130.472766399 0.16526531151487048 -2.2271773808557302 0 0 0 0 1
1685094130.506099701 0.17152505760089715 -2.2532381675758995 0 0 0 0 1
1685094130.539433241 0.17832122057982985 -2.2793467281161996 0 0 0 0 1
1685094130.572766542 0.18374223055050484 -2.304009485225379 0 0 0 0 1
1685094130.606099844 0.19056946509854136 -2.3302063824560273 0 0 0 0 1
1685094130.639433146 0.19738761599458737 -2.3568419602634116 0 0 0 0 1
1685094130.672766447 0.204568082993454 -2.3839701136921767 0 0 0 0 1
1685094130.706099749 0.21143195506580034 -2.4114468426788775 0 0 0 0 1
1685094130.739433050 0.21785721277969647 -2.439370627183336 0 0 0 0 1
1685094130.772766590 0.2243818501826379 -2.467852266339056 0 0 0 0 1
1685094130.806099892 0.23028600093201596 -2.494479705781044 0 0 0 0 1
1685094130.839433193 0.23604718020802554 -2.522775030705099 0 0 0 0 1
1685094130.872766495 0.24165489572651802 -2.5508466138034542 0 0 0 0 1
1685094130.906099796 0.24726500647885089 -2.5787327585427526 0 0 0 0 1
1685094130.939433098 0.2497982228369467 -2.601473258149212 0 0 0 0 1
1685094130.972766399 0.2501887975709699 -2.6300279348921927 0 0 0 0 1
1685094131.006099701 0.24901476121640417 -2.6568792034654236 0 0 0 0 1
1685094131.039433241 0.24983400564052055 -2.6848138293519455 0 0 0 0 1
1685094131.072766542 0.2503748852216507 -2.712109974868972 0 0 0 0 1
1685094131.106099844 0.25103866595189933 -2.739339230211434 0 0 0 0 1
1685094131.139433146 0.2515225532186181 -2.766187629042973 0 0 0 0 1
1685094131.172766447 0.25211284645442533 -2.79277461116165 0 0 0 0 1
1685094131.206099749 0.25261712929612884 -2.819068004818177 0 0 0 0 1
1685094131.239433050 0.2528156240840165 -2.844247975194084 0 0 0 0 1
1685094131.272766590 0.2550909891820375 -2.869936840289008 0 0 0 0 1
