1685093635.746101856 -9.926572645375469e-20 -1.2218872230937525e-19 0 0 0 0 1
1685093635.779435158 -5.0630483777737575e-18 -6.232235781389684e-18 0 0 0 0 1
1685093635.812768459 -0.00015561718015962307 -0.024433826839000205 0 0 0 0 1
1685093635.846101761 9.63733552665935e-05 -0.0488078761791282 0 0 0 0 1
1685093635.879435301 0.0002588995340425837 -0.07175521266781434 0 0 0 0 1
1685093635.912768602 -0.010662372816618837 -0.08030263635563387 0 0 0 0 1
1685093635.946101904 -0.02415258993898921 -0.101846406024355 0 0 0 0 1
1685093635.979435205 -0.03878090353122077 -0.11896717254695997 0 0 0 0 1
1685093636.012768507 -0.050571636368466726 -0.14274062061818762 0 0 0 0 1
1685093636.046101809 -0.06203464907345588 -0.16667380999528328 0 0 0 0 1
1685093636.079435110 -0.0743644139086995 -0.19265955451028915 0 0 0 0 1
1685093636.112768412 -0.08674567365055011 -0.2192948237497908 0 0 0 0 1
1685093636.146101952 -0.09922898254185304 -0.2465808362440312 0 0 0 0 1
1685093636.179435253 -0.11187286805999395 -0.27587890561148876 0 0 0 0 1
1685093636.212768555 -0.12465382437597271 -0.30366583280027 0 0 0 0 1
1685093636.246101856 -0.13828846070280093 -0.3306669312321154 0 0 0 0 1
1685093636.279435158 -0.1600800249717074 -0.3522711184364575 0 0 0 0 1
1685093636.312768459 -0.18207292686898918 -0.3736703110423171 0 0 0 0 1
1685093636.346101761 -0.204265238080772 -0.39486263279160916 0 0 0 0 1
1685093636.379435301 -0.22005280258858595 -0.40911344502827235 0 0 0 0 1
1685093636.412768602 -0.23203794924360527 -0.42668299545367294 0 0 0 0 1
1685093636.446101904 -0.20935896971693155 -0.45004830996538936 0 0 0 0 1
1685093636.479435205 -0.20638640913342138 -0.4219961786987606 0 0 0 0 1
1685093636.512768507 -0.21167211115715176 -0.3911394280785563 0 0 0 0 1
1685093636.546101809 -0.2168791580710529 -0.36026930713357813 0 0 0 0 1
1685093636.579435110 -0.21745857763216928 -0.3283001627810222 0 0 0 0 1
1685093636.612768412 -0.2148290525461028 -0.2964340755489175 0 0 0 0 1
1685093636.646101952 -0.2090170949544822 -0.2649923347158217 0 0 0 0 1
1685093636.679435253 -0.2046866361869598 -0.23471616590626562 0 0 0 0 1
1685093636.712768555 -0.20105327658396835 -0.21340373821524292 0 0 0 0 1
1685093636.746101856 -0.20347184310683475 -0.21237120199083842 0 0 0 0 1
