1685094149.525435686 6.74214106935511e-22 5.3683801805149417e-20 0 0 0 0 1
1685094149.558769226 0.0014315186349023764 -0.007641813907226683 0 0 0 0 1
1685094149.592102528 0.0006986440464986893 -0.01559298882363361 0 0 0 0 1
1685094149.625435829 -0.0028885878844242697 -0.0264083451387445 0 0 0 0 1
1685094149.658769131 -0.005081617483014329 -0.03725939172070207 0 0 0 0 1
1685094149.692102432 -0.008248848410725427 -0.04911229951042357 0 0 0 0 1
1685094149.725435734 -0.008335269070048062 -0.05787059565670057 0 0 0 0 1
1685094149.758769035 -0.008171419448121654 -0.06935960126146368 0 0 0 0 1
1685094149.792102575 -0.009127073094144268 -0.08167197340287882 0 0 0 0 1
1685094149.825435877 -0.01092829287999554 -0.09234709017906777 0 0 0 0 1
1685094149.858769178 -0.010396130940448566 -0.10137448839354314 0 0 0 0 1
1685094149.892102480 -0.008163848813571356 -0.11380630185731096 0 0 0 0 1
1685094149.925435781 -0.008404158164850354 -0.12461425740273191 0 0 0 0 1
1685094149.958769083 -0.005873337593394006 -0.13742367947445502 0 0 0 0 1
1685094149.992102385 -0.0062157918441202295 -0.14840756152444842 0 0 0 0 1
1685094150.025435686 -0.003947462027042309 -0.16066628220343146 0 0 0 0 1
1685094150.058769226 -0.0021885419912792948 -0.16699555835051869 0 0 0 0 1
1685094150.092102528 -0.0013407551393547913 -0.17560365913157364 0 0 0 0 1
1685094150.125435829 0.0030091812413298833 -0.1880642214671855 0 0 0 0 1
1685094150.158769131 0.00760982002286836 -0.20101734405361424 0 0 0 0 1
1685094150.192102432 0.010052248156525013 -0.21603980509640425 0 0 0 0 1
1685094150.225435734 0.012770325557612247 -0.23079151586001082 0 0 0 0 1
1685094150.258769035 0.014786783012204277 -0.2469740131676728 0 0 0 0 1
1685094150.292102575 0.01635239162548393 -0.26095273761194293 0 0 0 0 1
1685094150.325435877 0.019673891657854117 -0.27414381889134565 0 0 0 0 1
1685094150.358769178 0.023017023548591878 -0.28942463859502837 0 0 0 0 1
1685094150.392102480 0.024471355031736794 -0.3068415595033597 0 0 0 0 1
1685094150.425435781 0.025605370108089442 -0.31903754475255247 0 0 0 0 1
1685094150.458769083 0.02715403992408644 -0.3342608536956356 0 0 0 0 1
1685094150.492102385 0.026920632791509778 -0.3473127484189553 0 0 0 0 1
1685094150.525435686 0.025382916672652918 -0.35628266941133174 0 0 0 0 1
1685094150.558769226 0.02546268446630693 -0.37120156987802244 0 0 0 0 1
1685094150.592102528 0.02632933773445188 -0.387114265162216 0 0 0 0 1
1685094150.625435829 0.027744690892137377 -0.40464736129189743 0 0 0 0 1
1685094150.658769131 0.027105479057796603 -0.4187333244601521 0 0 0 0 1
1685094150.692102432 0.029804369281766472 -0.4304803765418767 0 0 0 0 1
1685094150.725435734 0.028471909210936765 -0.43677910859125635 0 0 0 0 1
1685094150.758769035 0.03441935554081411 -0.4520970535347055 0 0 0 0 1
1685094150.792102575 0.04181361427828913 -0.4653635193801211 0 0 0 0 1
1685094150.825435877 0.05219891646702303 -0.483927945413145 0 0 0 0 1
1685094150.858769178 0.059285392049169064 -0.49702391614091496 0 0 0 0 1
1685094150.892102480 0.06685582421288928 -0.5069651507966852 0 0 0 0 1
1685094150.925435781 0.07598743878067424 -0.5162893133046873 0 0 0 0 1
1685094150.958769083 0.08511595394652974 -0.5323935884971078 0 0 0 0 1
1685094150.992102385 0.09036828530458565 -0.5440641797945218 0 0 0 0 1
1685094151.025435686 0.09499654129858222 -0.5601155810607424 0 0 0 0 1
1685094151.058769226 0.09889500900531191 -0.5734083678786641 0 0 0 0 1
