1685094207.266189575 1.0501486397083051e-19 9.607544145721684e-18 0 0 0 0 1
1685094207.299522877 0.00017976058515961597 -0.020216540733257002 0 0 0 0 1
1685094207.332856178 0.00016898501958701576 -0.04080342679630356 0 0 0 0 1
1685094207.366189480 0.00020518728419882876 -0.062077681896738436 0 0 0 0 1
1685094207.399522781 0.00025055318745479175 -0.08984173531130314 0 0 0 0 1
1685094207.432856083 0.000156181446240018 -0.11210082082358531 0 0 0 0 1
1685094207.466189384 -0.00012264521195289366 -0.13463071848184383 0 0 0 0 1
1685094207.499522686 -0.0007835784628724506 -0.1570644569658093 0 0 0 0 1
1685094207.532856226 -0.00010390705041437545 -0.18290306903129724 0 0 0 0 1
1685094207.566189528 0.0025615669502836763 -0.20620012658995163 0 0 0 0 1
1685094207.599522829 0.004964191894322091 -0.2300227113517204 0 0 0 0 1
1685094207.632856131 0.008241663764628262 -0.25477004130655906 0 0 0 0 1
1685094207.666189432 0.011820123255233895 -0.27963142743688 0 0 0 0 1
1685094207.699522734 0.015527094516688522 -0.3049095193375307 0 0 0 0 1
1685094207.732856035 0.019649077427568346 -0.33078266326736033 0 0 0 0 1
1685094207.766189575 0.023332036864944065 -0.3559212647175164 0 0 0 0 1
1685094207.799522877 0.027500135382791425 -0.3807714858216832 0 0 0 0 1
1685094207.832856178 0.031520923629856284 -0.4073939084343703 0 0 0 0 1
1685094207.866189480 0.036661069437859795 -0.4414447276609341 0 0 0 0 1
1685094207.899522781 0.04083235266883908 -0.4687317766677336 0 0 0 0 1
1685094207.932856083 0.0452582745120034 -0.4959592071054805 0 0 0 0 1
1685094207.966189384 0.05016411477057149 -0.5232034698547392 0 0 0 0 1
1685094207.999522686 0.055299714997128296 -0.5503828342648794 0 0 0 0 1
1685094208.032856226 0.06039098431943727 -0.5777915127130077 0 0 0 0 1
1685094208.066189528 0.06541290904938388 -0.605351737421673 0 0 0 0 1
1685094208.099522829 0.07042597100560986 -0.6329608942845829 0 0 0 0 1
1685094208.132856131 0.0756444252545092 -0.6611083312761006 0 0 0 0 1
1685094208.166189432 0.08066980934033927 -0.6893335962476004 0 0 0 0 1
1685094208.199522734 0.085757055089176 -0.7141286977497681 0 0 0 0 1
1685094208.232856035 0.09343942631799128 -0.7424105140360124 0 0 0 0 1
1685094208.266189575 0.10101713309499918 -0.7711690725114894 0 0 0 0 1
1685094208.299522877 0.10811776346124828 -0.7996327604278449 0 0 0 0 1
1685094208.332856178 0.11502486625095704 -0.8276571243963682 0 0 0 0 1
1685094208.366189480 0.12210078303520915 -0.8558450461480994 0 0 0 0 1
1685094208.399522781 0.128934329435028 -0.8843509904808285 0 0 0 0 1
1685094208.432856083 0.13593362878003704 -0.9129031603109 0 0 0 0 1
1685094208.466189384 0.14339979453243656 -0.9415449958667252 0 0 0 0 1
1685094208.499522686 0.15114575920269296 -0.9704470965292787 0 0 0 0 1
1685094208.532856226 0.1593322708437487 -0.9994691599052762 0 0 0 0 1
1685094208.566189528 0.16750510005961286 -1.028291236915796 0 0 0 0 1
1685094208.599522829 0.17593343071854556 -1.0569280297701895 0 0 0 0 1
1685094208.632856131 0.18463041881458056 -1.0856777164121867 0 0 0 0 1
1685094208.666189432 0.19332255415153862 -1.1142314701465756 0 0 0 0 1
1685094208.699522734 0.20379415515169103 -1.1497824769918175 0 0 0 0 1
1685094208.732856035 0.2122896494922507 -1.177935302739915 0 0 0 0 1
1685094208.766189575 0.22051090572184842 -1.2062865573052108 0 0 0 0 1
1685094208.799522877 0.22841867196376622 -1.2346262913039188 0 0 0 0 1
1685094208.832856178 0.2364548907935987 -1.2631516423609725 0 0 0 0 1
1685094208.866189480 0.2446159225302849 -1.292203154822376 0 0 0 0 1
1685094208.899522781 0.2531731932256338 -1.3216792973392166 0 0 0 0 1
1685094208.932856083 0.26209342876448577 -1.3510480856027973 0 0 0 0 1
1685094208.966189384 0.2691348708827744 -1.3750950621671731 0 0 0 0 1
1685094208.999522686 0.28749132641422015 -1.3999835472482296 0 0 0 0 1
1685094209.032856226 0.3058998308051863 -1.4245350760928777 0 0 0 0 1
1685094209.066189528 0.3229857022370149 -1.4480588239739698 0 0 0 0 1
1685094209.099522829 0.3406496914215506 -1.4728473294817153 0 0 0 0 1
1685094209.132856131 0.35836222708785587 -1.4974487862769659 0 0 0 0 1
1685094209.166189432 0.3758372992609663 -1.5213025338815143 0 0 0 0 1
1685094209.199522734 0.3947468900163416 -1.5455891178389913 0 0 0 0 1
1685094209.232856035 0.41426638453180753 -1.5700218897289746 0 0 0 0 1
1685094209.266189575 0.43386336170420653 -1.5946464324061054 0 0 0 0 1
1685094209.299522877 0.45310197079517006 -1.6186947325277594 0 0 0 0 1
1685094209.332856178 0.47171464609767927 -1.642647037168735 0 0 0 0 1
1685094209.366189480 0.4909877505365405 -1.6675124194578657 0 0 0 0 1
1685094209.399522781 0.5101468655162984 -1.6921377237096995 0 0 0 0 1
1685094209.432856083 0.5289898177133022 -1.7165806895254856 0 0 0 0 1
1685094209.466189384 0.5478474193805597 -1.7407130381481324 0 0 0 0 1
1685094209.499522686 0.5669077389863478 -1.7646628276218093 0 0 0 0 1
1685094209.532856226 0.5858164663891693 -1.78831055075591 0 0 0 0 1
1685094209.566189528 0.6047747060373082 -1.8118378656733114 0 0 0 0 1
1685094209.599522829 0.6242304947449906 -1.8356866598885004 0 0 0 0 1
1685094209.632856131 0.643902046929095 -1.8594522420970314 0 0 0 0 1
1685094209.666189432 0.663453845376377 -1.8830971314994878 0 0 0 0 1
1685094209.699522734 0.6826619773384833 -1.906962825992666 0 0 0 0 1
1685094209.732856035 0.7017687669699788 -1.93141167680799 0 0 0 0 1
1685094209.766189575 0.7205603229260957 -1.9561373725348175 0 0 0 0 1
1685094209.799522877 0.7386400554388087 -1.9807478446170252 0 0 0 0 1
1685094209.832856178 0.7563749441064397 -2.0051862451250284 0 0 0 0 1
1685094209.866189480 0.7739934352272263 -2.0297094032283134 0 0 0 0 1
1685094209.899522781 0.7911996001086041 -2.054314395408834 0 0 0 0 1
1685094209.932856083 0.8084354441892802 -2.0786744691931998 0 0 0 0 1
1685094209.966189384 0.8259392629389408 -2.1032044657535662 0 0 0 0 1
1685094209.999522686 0.8435655197479508 -2.12784911484251 0 0 0 0 1
1685094210.032856226 0.8616287585324941 -2.1521269811599515 0 0 0 0 1
1685094210.066189528 0.8797157343121834 -2.1761115417489325 0 0 0 0 1
1685094210.099522829 0.8970109295073215 -2.1955596660651975 0 0 0 0 1
1685094210.132856131 0.919123144469565 -2.2160091871095142 0 0 0 0 1
1685094210.166189432 0.9407906390628833 -2.2361567042488906 0 0 0 0 1
1685094210.199522734 0.9621840865251812 -2.25653353245824 0 0 0 0 1
1685094210.232856035 0.9837830985952033 -2.276845665583323 0 0 0 0 1
1685094210.266189575 1.0054004139520558 -2.297408379571437 0 0 0 0 1
1685094210.299522877 1.02702940162975 -2.3181106503463016 0 0 0 0 1
1685094210.332856178 1.0489074485524166 -2.3390691551347094 0 0 0 0 1
1685094210.366189480 1.0708353687054204 -2.3606414667622344 0 0 0 0 1
1685094210.399522781 1.0928731133228486 -2.382113215871834 0 0 0 0 1
1685094210.432856083 1.1141264525717118 -2.402790523145767 0 0 0 0 1
1685094210.466189384 1.1345309643912005 -2.4226638742372444 0 0 0 0 1
1685094210.499522686 1.1557952577423252 -2.443011427553438 0 0 0 0 1
1685094210.532856226 1.1768173674708897 -2.462954128176353 0 0 0 0 1
1685094210.566189528 1.1973698993348938 -2.4824861571799532 0 0 0 0 1
1685094210.599522829 1.2177657714160244 -2.501673167042735 0 0 0 0 1
