1685094241.020044565 2.8845625661798527e-19 4.204870035775674e-19 0 0 0 0 1
1685094241.053377867 0.00043967139840788696 -0.013720080191258711 0 0 0 0 1
1685094241.086711168 0.0010075816840918724 -0.031680480393131066 0 0 0 0 1
1685094241.120044708 0.0011248822367880315 -0.047123789898868104 0 0 0 0 1
1685094241.153378010 0.001225030867895394 -0.06341160938717758 0 0 0 0 1
1685094241.186711311 0.0011544677244185286 -0.08087368150270667 0 0 0 0 1
1685094241.220044613 0.0008652357147963516 -0.09892855472712894 0 0 0 0 1
1685094241.253377914 0.00030170060307053455 -0.1171885487031567 0 0 0 0 1
1685094241.286711216 -0.00035923446864429774 -0.13595856078749086 0 0 0 0 1
1685094241.320044518 0.006434481975269189 -0.15222526034232373 0 0 0 0 1
1685094241.353377819 0.011885173961174972 -0.16926678677274298 0 0 0 0 1
1685094241.386711359 0.006842714686445453 -0.17749977402902997 0 0 0 0 1
1685094241.420044661 0.003528733821337888 -0.1833888806093796 0 0 0 0 1
1685094241.453377962 0.01275994542691816 -0.20245853112234857 0 0 0 0 1
1685094241.486711264 0.022467022995878223 -0.22198585201075546 0 0 0 0 1
1685094241.520044565 0.03214986945527669 -0.24192150434903828 0 0 0 0 1
1685094241.553377867 0.04184086453669625 -0.26255318728912674 0 0 0 0 1
1685094241.586711168 0.051331801523594636 -0.28327766175095953 0 0 0 0 1
1685094241.620044708 0.06062179205224904 -0.30409298789747835 0 0 0 0 1
1685094241.653378010 0.06651113637650949 -0.324537324745869 0 0 0 0 1
1685094241.686711311 0.07332622268759775 -0.3476585234111965 0 0 0 0 1
1685094241.720044613 0.08039310803145894 -0.3714710351335467 0 0 0 0 1
1685094241.753377914 0.08899225623280103 -0.387758165604095 0 0 0 0 1
1685094241.786711216 0.0878320003230942 -0.41504541522589516 0 0 0 0 1
1685094241.820044518 0.08344445959285823 -0.44200259742357606 0 0 0 0 1
1685094241.853377819 0.08323440570819007 -0.46852069910395117 0 0 0 0 1
1685094241.886711359 0.0828515210724155 -0.4952541674046449 0 0 0 0 1
1685094241.920044661 0.08221163289946892 -0.5219827190143868 0 0 0 0 1
1685094241.953377962 0.08108483378364745 -0.5494177100002572 0 0 0 0 1
1685094241.986711264 0.07968759759411054 -0.5769813149223038 0 0 0 0 1
1685094242.020044565 0.07752544254366438 -0.6044954871033061 0 0 0 0 1
1685094242.053377867 0.07460003642090494 -0.6319390033555093 0 0 0 0 1
1685094242.086711168 0.06447825949834593 -0.6191265283215657 0 0 0 0 1
1685094242.120044708 0.09160102542339221 -0.6120604552398642 0 0 0 0 1
1685094242.153378010 0.09224056937355844 -0.625873874097874 0 0 0 0 1
1685094242.186711311 0.1047955541720493 -0.6200780209492271 0 0 0 0 1
1685094242.220044613 0.09469725860341106 -0.6106311175613737 0 0 0 0 1
1685094242.253377914 0.12260546050917319 -0.6262196794941125 0 0 0 0 1
1685094242.286711216 0.15129246014684947 -0.6403238295405199 0 0 0 0 1
1685094242.320044518 0.18067937221690322 -0.6529047832297497 0 0 0 0 1
1685094242.353377819 0.21068538675696888 -0.663927944671232 0 0 0 0 1
1685094242.386711359 0.24063846339157213 -0.6621780965101596 0 0 0 0 1
1685094242.420044661 0.26278632679875324 -0.6598019463419118 0 0 0 0 1
1685094242.453377962 0.2922690848103941 -0.664823621003509 0 0 0 0 1
1685094242.486711264 0.32164523164875636 -0.6704354151293548 0 0 0 0 1
1685094242.520044565 0.35202246250043634 -0.6763721783619471 0 0 0 0 1
1685094242.553377867 0.38351862464226316 -0.6824341653852124 0 0 0 0 1
1685094242.586711168 0.41501712762481174 -0.6884839774643475 0 0 0 0 1
1685094242.620044708 0.4465179667418182 -0.6945216136954359 0 0 0 0 1
1685094242.653378010 0.4780211372866692 -0.7005470731763804 0 0 0 0 1
1685094242.686711311 0.5088142793794299 -0.706592449900426 0 0 0 0 1
1685094242.720044613 0.5396566038863002 -0.7123816811700753 0 0 0 0 1
1685094242.753377914 0.5686881095750121 -0.7177275066816192 0 0 0 0 1
1685094242.786711216 0.5719750311375732 -0.7376489760872406 0 0 0 0 1
1685094242.820044518 0.5971178205135663 -0.7571238119551785 0 0 0 0 1
1685094242.853377819 0.5518699033130645 -0.7624485670844046 0 0 0 0 1
1685094242.886711359 0.553147136081966 -0.7462642087109864 0 0 0 0 1
1685094242.920044661 0.5334862373302591 -0.7492250344464902 0 0 0 0 1
1685094242.953377962 0.5377084303799112 -0.7823499503015116 0 0 0 0 1
1685094242.986711264 0.5420096054829355 -0.8154647031661171 0 0 0 0 1
1685094243.020044565 0.5463897381787364 -0.8485691047181458 0 0 0 0 1
1685094243.053377867 0.5508488035576892 -0.8816629666943039 0 0 0 0 1
1685094243.086711168 0.5553867762612827 -0.9147461008912359 0 0 0 0 1
1685094243.120044708 0.5600036304822638 -0.947818319166595 0 0 0 0 1
1685094243.153378010 0.5646993399647825 -0.9808794334401122 0 0 0 0 1
1685094243.186711311 0.569208896370648 -1.0130493078826708 0 0 0 0 1
1685094243.220044613 0.5736883508050786 -1.0452233876456964 0 0 0 0 1
1685094243.253377914 0.5780461199689491 -1.0772228998869045 0 0 0 0 1
1685094243.286711216 0.5820737380039542 -1.109265640542549 0 0 0 0 1
1685094243.320044518 0.5857707767668481 -1.1413482034100388 0 0 0 0 1
1685094243.353377819 0.5891368432555731 -1.1734671780536086 0 0 0 0 1
1685094243.386711359 0.5921715796510365 -1.205619150166853 0 0 0 0 1
1685094243.420044661 0.5948746633551469 -1.237800701935675 0 0 0 0 1
1685094243.453377962 0.5836801883625881 -1.2569597917472348 0 0 0 0 1
1685094243.486711264 0.5616564639923883 -1.2596695071625341 0 0 0 0 1
1685094243.520044565 0.5298835771625138 -1.2549186310592755 0 0 0 0 1
1685094243.553377867 0.4964300151559648 -1.2508773140337668 0 0 0 0 1
1685094243.586711168 0.46297251236045883 -1.2468687530805826 0 0 0 0 1
1685094243.620044708 0.4309374308437437 -1.2430747156353994 0 0 0 0 1
1685094243.653378010 0.3988353507445397 -1.239897040192198 0 0 0 0 1
1685094243.686711311 0.36667812989504284 -1.237336900517353 0 0 0 0 1
1685094243.720044613 0.3342960514407615 -1.2348983930229258 0 0 0 0 1
1685094243.753377914 0.3019279052339645 -1.232281441560821 0 0 0 0 1
1685094243.786711216 0.26957467459653245 -1.2294861256322123 0 0 0 0 1
1685094243.820044518 0.2670161648425045 -1.2001380285658183 0 0 0 0 1
1685094243.853377819 0.29726604911108134 -1.2077190546133305 0 0 0 0 1
1685094243.886711359 0.32752778101055213 -1.215252648486105 0 0 0 0 1
1685094243.920044661 0.3524565998481628 -1.2246065682404532 0 0 0 0 1
1685094243.953377962 0.3750009980801291 -1.238773146224134 0 0 0 0 1
1685094243.986711264 0.3942436346639856 -1.257175938422896 0 0 0 0 1
1685094244.020044565 0.4131793466273476 -1.2845755149534013 0 0 0 0 1
1685094244.053377867 0.43312796831615724 -1.3088535330217972 0 0 0 0 1
1685094244.086711168 0.41488297974487814 -1.3177512371597362 0 0 0 0 1
1685094244.120044708 0.4339515480368213 -1.3247110108764526 0 0 0 0 1
1685094244.153378010 0.4076678978954129 -1.3437522845902776 0 0 0 0 1
1685094244.186711311 0.38103223876626263 -1.3622979588070991 0 0 0 0 1
1685094244.220044613 0.3537682634202789 -1.3802327389797082 0 0 0 0 1
1685094244.253377914 0.31975058404292445 -1.3650218641745837 0 0 0 0 1
1685094244.286711216 0.3528261441157377 -1.3641314024853082 0 0 0 0 1
1685094244.320044518 0.3859105252683743 -1.3636738875703516 0 0 0 0 1
1685094244.353377819 0.4189980606314271 -1.3636493977953106 0 0 0 0 1
1685094244.386711359 0.44311647358629336 -1.3643774829057396 0 0 0 0 1
1685094244.420044661 0.46716155513088475 -1.3623620412907482 0 0 0 0 1
1685094244.453377962 0.4622009715276656 -1.354711770250893 0 0 0 0 1
1685094244.486711264 0.4537446873573823 -1.3581213588916514 0 0 0 0 1
1685094244.520044565 0.4213495651439021 -1.3525352063954283 0 0 0 0 1
1685094244.553377867 0.40140508121577595 -1.349710619796863 0 0 0 0 1
1685094244.586711168 0.39545451696585565 -1.3174157880524555 0 0 0 0 1
1685094244.620044708 0.39011475138361695 -1.285014364074199 0 0 0 0 1
1685094244.653378010 0.38538768809381396 -1.2525178989595716 0 0 0 0 1
1685094244.686711311 0.38127501229302585 -1.2199379776881871 0 0 0 0 1
1685094244.720044613 0.3777781901488847 -1.1872862149917531 0 0 0 0 1
1685094244.753377914 0.42380170896934927 -1.1667973416587047 0 0 0 0 1
1685094244.786711216 0.3950457520839426 -1.1635851587597876 0 0 0 0 1
1685094244.820044518 0.4100170236273943 -1.1375085432842227 0 0 0 0 1
1685094244.853377819 0.4116232206584538 -1.1074827380929266 0 0 0 0 1
1685094244.886711359 0.4023309066624523 -1.0905242598938631 0 0 0 0 1
1685094244.920044661 0.38329046614516527 -1.0939004570350346 0 0 0 0 1
1685094244.953377962 0.3810710389990002 -1.1217575399620106 0 0 0 0 1
1685094244.986711264 0.38454941871022325 -1.1048667664190748 0 0 0 0 1
1685094245.020044565 0.3695876247522916 -1.0978898244110185 0 0 0 0 1
1685094245.053377867 0.344465776288231 -1.0880081153862855 0 0 0 0 1
1685094245.086711168 0.3450942023659873 -1.1345043164937498 0 0 0 0 1
1685094245.120044708 0.35094324057789056 -1.0883731947996411 0 0 0 0 1
1685094245.153378010 0.3669403353760101 -1.0996231423544327 0 0 0 0 1
1685094245.186711311 0.36530148250623434 -1.1191111520844388 0 0 0 0 1
1685094245.220044613 0.3784094922169051 -1.1412063307756095 0 0 0 0 1
1685094245.253377914 0.36068644386795506 -1.1602278948325704 0 0 0 0 1
1685094245.286711216 0.3357732012767153 -1.1676613789108687 0 0 0 0 1
1685094245.320044518 0.34987489492583956 -1.17134825934289 0 0 0 0 1
1685094245.353377819 0.3429741992544217 -1.1841869216697933 0 0 0 0 1
1685094245.386711359 0.3321191413452488 -1.1744597140086876 0 0 0 0 1
1685094245.420044661 0.3441269190624861 -1.166197503324664 0 0 0 0 1
1685094245.453377962 0.31465085613582483 -1.1497843203441263 0 0 0 0 1
1685094245.486711264 0.28493163994362836 -1.1338156306630471 0 0 0 0 1
1685094245.520044565 0.2549759728674497 -1.1182950355961605 0 0 0 0 1
1685094245.553377867 0.22511078281597552 -1.1026511033728899 0 0 0 0 1
1685094245.586711168 0.1955568001689142 -1.0864269145822552 0 0 0 0 1
1685094245.620044708 0.2232950296102725 -1.08331411915552 0 0 0 0 1
1685094245.653378010 0.2364267640852265 -1.114136338249668 0 0 0 0 1
1685094245.686711311 0.2493602272080666 -1.1450422789708057 0 0 0 0 1
1685094245.720044613 0.2625677184008931 -1.1762046904398473 0 0 0 0 1
1685094245.753377914 0.2588831553448564 -1.162592419183433 0 0 0 0 1
1685094245.786711216 0.2722869492017519 -1.158209698120672 0 0 0 0 1
1685094245.820044518 0.25592902702324394 -1.1287888897320495 0 0 0 0 1
1685094245.853377819 0.2355075389704451 -1.1019905102660676 0 0 0 0 1
1685094245.886711359 0.21824447989549675 -1.0730564972767123 0 0 0 0 1
1685094245.920044661 0.21046180524658437 -1.0581312057533625 0 0 0 0 1
1685094245.953377962 0.19987451408771265 -1.0450451972838146 0 0 0 0 1
1685094245.986711264 0.1869029391471516 -1.0343180077493088 0 0 0 0 1
1685094246.020044565 0.17206207310838448 -1.0263755240718204 0 0 0 0 1
1685094246.053377867 0.1673503917572582 -1.0233148234500176 0 0 0 0 1
1685094246.086711168 0.16559128955695213 -1.0179787772639606 0 0 0 0 1
1685094246.120044708 0.16755905433997428 -1.0127161038739856 0 0 0 0 1
1685094246.153378010 0.19464141234646964 -0.9929020162231026 0 0 0 0 1
1685094246.186711311 0.22158293454194858 -0.9728968527291603 0 0 0 0 1
1685094246.220044613 0.23234676922680766 -0.9531453315693686 0 0 0 0 1
1685094246.253377914 0.2317305896959396 -0.930659712875759 0 0 0 0 1
1685094246.286711216 0.21990120852190775 -0.9115273197612495 0 0 0 0 1
1685094246.320044518 0.22713474162213276 -0.9157736485915302 0 0 0 0 1
1685094246.353377819 0.2521708253788202 -0.8939917020963981 0 0 0 0 1
1685094246.386711359 0.27713218625631003 -0.8721241657437961 0 0 0 0 1
1685094246.420044661 0.3022688027628925 -0.8494766899455864 0 0 0 0 1
1685094246.453377962 0.3274886326935137 -0.8273403614150149 0 0 0 0 1
1685094246.486711264 0.3529626410009105 -0.8054970154419838 0 0 0 0 1
1685094246.520044565 0.3786874242618939 -0.7839495703795575 0 0 0 0 1
1685094246.553377867 0.38993346032681975 -0.7666634920873598 0 0 0 0 1
1685094246.586711168 0.38569414333264684 -0.7464815689549993 0 0 0 0 1
1685094246.620044708 0.36422540249297586 -0.7198284765029846 0 0 0 0 1
1685094246.653378010 0.3428361430512856 -0.6931115576867616 0 0 0 0 1
1685094246.686711311 0.321526554761682 -0.6663310495245893 0 0 0 0 1
1685094246.720044613 0.3002968266714709 -0.639487189598858 0 0 0 0 1
1685094246.753377914 0.2779115426237239 -0.6144847744130894 0 0 0 0 1
1685094246.786711216 0.25455684440267673 -0.5903854014332031 0 0 0 0 1
1685094246.820044518 0.23026913098018395 -0.5672266302281774 0 0 0 0 1
1685094246.853377819 0.2059745445235318 -0.5436889847823019 0 0 0 0 1
1685094246.886711359 0.18839747211605815 -0.5248584065800792 0 0 0 0 1
1685094246.920044661 0.17445032304963182 -0.4957879107244549 0 0 0 0 1
1685094246.953377962 0.16037778751542542 -0.4667779048642094 0 0 0 0 1
1685094246.986711264 0.14618012785732 -0.4378289298114447 0 0 0 0 1
1685094247.020044565 0.1275167984823419 -0.44587033317475777 0 0 0 0 1
1685094247.053377867 0.15778139065895008 -0.4329171051334441 0 0 0 0 1
1685094247.086711168 0.18771248210606428 -0.41921085031707767 0 0 0 0 1
1685094247.120044708 0.21729133993630295 -0.4047601470205176 0 0 0 0 1
1685094247.153378010 0.2464994517137401 -0.389574039464484 0 0 0 0 1
1685094247.186711311 0.2753185370402312 -0.3736620321350767 0 0 0 0 1
1685094247.220044613 0.3037305589965139 -0.35703408383522955 0 0 0 0 1
1685094247.253377914 0.3292354399048526 -0.3403220249565218 0 0 0 0 1
1685094247.286711216 0.35538895035790746 -0.32289527366562454 0 0 0 0 1
1685094247.320044518 0.38162296583828637 -0.3055899507461272 0 0 0 0 1
1685094247.353377819 0.40793692256946024 -0.28840642809439054 0 0 0 0 1
