1685094305.645119190 -2.0632683717763741e-19 -3.906058469195418e-18 0 0 0 0 1
1685094305.678452730 -0.00035356005904679886 -0.013189606679643686 0 0 0 0 1
1685094305.711786032 -0.0007783626009150356 -0.027349635187189608 0 0 0 0 1
1685094305.745119333 -0.0012375174108384462 -0.04202022743143194 0 0 0 0 1
1685094305.778452635 -0.0015470664097188159 -0.05702675900382223 0 0 0 0 1
1685094305.811785936 -0.0015302840107029318 -0.07266032772125161 0 0 0 0 1
1685094305.845119238 -0.0011313520784395695 -0.08872793375728273 0 0 0 0 1
1685094305.878452539 -0.0008226125961084888 -0.10486057653561816 0 0 0 0 1
1685094305.911786079 -0.0007317618610234206 -0.12138616266841074 0 0 0 0 1
1685094305.945119381 -0.0003543035907986218 -0.13816258330777811 0 0 0 0 1
1685094305.978452682 -0.0022880306628219028 -0.15471595191173176 0 0 0 0 1
1685094306.011785984 -0.0005305167428686785 -0.17243111150873255 0 0 0 0 1
1685094306.045119286 0.0015066683056475737 -0.19058531705426998 0 0 0 0 1
1685094306.078452587 0.003846411080439314 -0.20931580553681503 0 0 0 0 1
1685094306.111785889 0.006205019480558765 -0.22838328239424746 0 0 0 0 1
1685094306.145119190 0.008600567000396372 -0.24770513695653681 0 0 0 0 1
1685094306.178452730 0.0036418358272552187 -0.2610323820735342 0 0 0 0 1
1685094306.211786032 0.006503730453084416 -0.27496127421923844 0 0 0 0 1
1685094306.245119333 0.007517430616184196 -0.2905510424171438 0 0 0 0 1
1685094306.278452635 0.024361783317230584 -0.2778919445744341 0 0 0 0 1
1685094306.311785936 0.04128420275898891 -0.2653373957436021 0 0 0 0 1
1685094306.345119238 0.05901099061668268 -0.25230214090150227 0 0 0 0 1
1685094306.378452539 0.07729579307784062 -0.23884451611807558 0 0 0 0 1
1685094306.411786079 0.09593543313369168 -0.22504589428814403 0 0 0 0 1
1685094306.445119381 0.1145189110093765 -0.21060280270755705 0 0 0 0 1
1685094306.478452682 0.13326178512392003 -0.19629044032663615 0 0 0 0 1
1685094306.511785984 0.15236089309381082 -0.18165638820442798 0 0 0 0 1
1685094306.545119286 0.17146511477567228 -0.16675456542846231 0 0 0 0 1
1685094306.578452587 0.1905692130101911 -0.15157170934415934 0 0 0 0 1
1685094306.611785889 0.20997307985652797 -0.13652712059264302 0 0 0 0 1
1685094306.645119190 0.22923311027637389 -0.12128380824156995 0 0 0 0 1
1685094306.678452730 0.24859735767521643 -0.10604215464850753 0 0 0 0 1
1685094306.711786032 0.26768748412838667 -0.09005228586733417 0 0 0 0 1
1685094306.745119333 0.28671097465026424 -0.07398319628512058 0 0 0 0 1
1685094306.778452635 0.3063899596330023 -0.05758456344997745 0 0 0 0 1
1685094306.811785936 0.326238522269428 -0.04118889699330077 0 0 0 0 1
1685094306.845119238 0.3465274207961919 -0.024768594683131213 0 0 0 0 1
1685094306.878452539 0.36684524476191804 -0.00838409711120524 0 0 0 0 1
1685094306.911786079 0.387521883523177 0.008349829952479404 0 0 0 0 1
1685094306.945119381 0.4084497178226888 0.024928188444413787 0 0 0 0 1
1685094306.978452682 0.4294729449598226 0.04144542517704056 0 0 0 0 1
1685094307.011785984 0.45073949838515665 0.05838496988073428 0 0 0 0 1
1685094307.045119286 0.4723318148994064 0.07557614834724738 0 0 0 0 1
1685094307.078452587 0.49395172944333315 0.09273260615858904 0 0 0 0 1
1685094307.111785889 0.5155991861858443 0.1098542990100612 0 0 0 0 1
1685094307.145119190 0.5372741292247224 0.12694118268674245 0 0 0 0 1
1685094307.178452730 0.5589765025867693 0.1439932130636024 0 0 0 0 1
1685094307.211786032 0.5807062502279516 0.16101034610561554 0 0 0 0 1
1685094307.245119333 0.6028003597687924 0.17860258181585037 0 0 0 0 1
1685094307.278452635 0.625190726916696 0.19616494114391134 0 0 0 0 1
1685094307.311785936 0.6410283299221443 0.21650375269882843 0 0 0 0 1
1685094307.345119238 0.6602322909362776 0.23369982218555327 0 0 0 0 1
1685094307.378452539 0.6821896642571929 0.2472042911225596 0 0 0 0 1
1685094307.411786079 0.7061996216759485 0.25658612831866123 0 0 0 0 1
1685094307.445119381 0.7314958212804847 0.2615458873845915 0 0 0 0 1
1685094307.478452682 0.7572708673043417 0.2619252643642187 0 0 0 0 1
1685094307.511785984 0.7826624096534477 0.25085452708621225 0 0 0 0 1
1685094307.545119286 0.8080530723263789 0.2397817724255823 0 0 0 0 1
1685094307.578452587 0.8334428551628523 0.2287070004522275 0 0 0 0 1
1685094307.611785889 0.8588317580025905 0.2176302112360593 0 0 0 0 1
1685094307.645119190 0.8842197806853215 0.206551404847002 0 0 0 0 1
1685094307.678452730 0.9096069230507791 0.1954705813549923 0 0 0 0 1
1685094307.711786032 0.9347435871000025 0.18525516057230917 0 0 0 0 1
1685094307.745119333 0.9599110963127464 0.1751159702043729 0 0 0 0 1
1685094307.778452635 0.984909697521605 0.16438516682986803 0 0 0 0 1
1685094307.811785936 1.0034058953015594 0.15606612872690123 0 0 0 0 1
1685094307.845119238 1.0353876351419113 0.14988884551454346 0 0 0 0 1
1685094307.878452539 1.0536556589797266 0.15882733243992883 0 0 0 0 1
1685094307.911786079 1.0297708428462262 0.17092256659035027 0 0 0 0 1
1685094307.945119381 1.0125042171840022 0.1692182213510912 0 0 0 0 1
1685094307.978452682 0.9868232395901335 0.17905433769096957 0 0 0 0 1
1685094308.011785984 0.9597272467600093 0.1797005744388806 0 0 0 0 1
1685094308.045119286 0.9347761621408235 0.19141905333342357 0 0 0 0 1
1685094308.078452587 0.909528122263619 0.20333632873938537 0 0 0 0 1
1685094308.111785889 0.8843952661006421 0.21568556155186783 0 0 0 0 1
1685094308.145119190 0.8593742003801202 0.22732736598780498 0 0 0 0 1
1685094308.178452730 0.8342428776203381 0.23872920604364323 0 0 0 0 1
1685094308.211786032 0.8038035643726098 0.2519939387187724 0 0 0 0 1
1685094308.245119333 0.7805965208468272 0.2698273297667169 0 0 0 0 1
1685094308.278452635 0.7729633786962394 0.2955940587193004 0 0 0 0 1
1685094308.311785936 0.7653257925870506 0.32100306585791977 0 0 0 0 1
1685094308.345119238 0.7577811076619096 0.34609726755063497 0 0 0 0 1
1685094308.378452539 0.7498021804550151 0.3710936724943421 0 0 0 0 1
1685094308.411786079 0.7417776755215415 0.3959041456914802 0 0 0 0 1
1685094308.445119381 0.7341807122527471 0.4205053602013871 0 0 0 0 1
1685094308.478452682 0.7265658969634213 0.4447197536449269 0 0 0 0 1
1685094308.511785984 0.7190152170613043 0.4689612019472029 0 0 0 0 1
1685094308.545119286 0.7113992046935383 0.4933803569073574 0 0 0 0 1
1685094308.578452587 0.7042675265325186 0.5177188713427588 0 0 0 0 1
1685094308.611785889 0.6975994825478133 0.5421795193488639 0 0 0 0 1
1685094308.645119190 0.6912933756655738 0.5666015365585432 0 0 0 0 1
1685094308.678452730 0.6851203746884337 0.5910575372032995 0 0 0 0 1
1685094308.711786032 0.678636099063904 0.614541746464958 0 0 0 0 1
1685094308.745119333 0.6722004371750006 0.6380393244480598 0 0 0 0 1
