1685094241.210424900 -1.693683332464629e-19 -6.168252749353658e-19 0 0 0 0 1
1685094241.243758202 0.00048749271274681904 -0.013147566806703457 0 0 0 0 1
1685094241.277091503 0.0011410689724988925 -0.026734572173962075 0 0 0 0 1
1685094241.310424805 0.0015271003536296102 -0.0407442961594415 0 0 0 0 1
1685094241.343758106 0.0017787111179014918 -0.054996756821648445 0 0 0 0 1
1685094241.377091408 0.0021288034142201502 -0.06993228787850043 0 0 0 0 1
1685094241.410424709 0.002489075387703816 -0.08576575131084915 0 0 0 0 1
1685094241.443758249 0.0029811208634839834 -0.10272144637111791 0 0 0 0 1
1685094241.477091551 0.0034915663753048052 -0.12068827636478276 0 0 0 0 1
1685094241.510424852 0.004060811827750935 -0.13947106206054008 0 0 0 0 1
1685094241.543758154 0.0046703082300251445 -0.15882001015435604 0 0 0 0 1
1685094241.577091455 0.005565614155224071 -0.17900635918618626 0 0 0 0 1
1685094241.610424757 0.006274602875551165 -0.2000486759201305 0 0 0 0 1
1685094241.643758059 0.006997126277911663 -0.2220991346766957 0 0 0 0 1
1685094241.677091599 0.007891435938938898 -0.2446451719529304 0 0 0 0 1
1685094241.710424900 0.008709042409827231 -0.2679973170283935 0 0 0 0 1
1685094241.743758202 0.009631636591208848 -0.29165118654229966 0 0 0 0 1
1685094241.777091503 0.010384468334098496 -0.31531106750927235 0 0 0 0 1
1685094241.810424805 -0.018420645629750165 -0.30627952494604743 0 0 0 0 1
1685094241.843758106 -0.028866878452584243 -0.3287316438982325 0 0 0 0 1
1685094241.877091408 -0.0393734547932045 -0.351155588226353 0 0 0 0 1
1685094241.910424709 -0.05016976699830965 -0.3739604953458801 0 0 0 0 1
1685094241.943758249 -0.061187990693196984 -0.39745881805532307 0 0 0 0 1
1685094241.977091551 -0.07229834937534958 -0.42091371847083586 0 0 0 0 1
1685094242.010424852 -0.08350067192320405 -0.44432483534042444 0 0 0 0 1
1685094242.043758154 -0.09547786830044624 -0.46877673339271186 0 0 0 0 1
1685094242.077091455 -0.10754300802738838 -0.4931853579911575 0 0 0 0 1
1685094242.110424757 -0.11969593476020618 -0.51755039284123 0 0 0 0 1
1685094242.143758059 -0.1319364910175041 -0.5418715222132473 0 0 0 0 1
1685094242.177091599 -0.14426451818235597 -0.5661484309464686 0 0 0 0 1
1685094242.210424900 -0.1566798565043605 -0.5903808044531773 0 0 0 0 1
1685094242.243758202 -0.16918234510171137 -0.6145683287227588 0 0 0 0 1
1685094242.277091503 -0.18223798655071477 -0.6403252780573644 0 0 0 0 1
1685094242.310424805 -0.1952390877435244 -0.6661098001674346 0 0 0 0 1
1685094242.343758106 -0.2081855904483202 -0.6919217795643173 0 0 0 0 1
1685094242.377091408 -0.2210774366778281 -0.7177611006363791 0 0 0 0 1
1685094242.410424709 -0.23391456868958002 -0.7436276476495239 0 0 0 0 1
1685094242.443758249 -0.24669692898617232 -0.7695213047477107 0 0 0 0 1
1685094242.477091551 -0.2594244603155236 -0.7954419559534726 0 0 0 0 1
1685094242.510424852 -0.2720971056711306 -0.8213894851684361 0 0 0 0 1
1685094242.543758154 -0.2847148082923242 -0.847363776173842 0 0 0 0 1
1685094242.577091455 -0.297277511664523 -0.8733647126310645 0 0 0 0 1
1685094242.610424757 -0.31059612912691076 -0.9002546650369553 0 0 0 0 1
1685094242.643758059 -0.3239385149185073 -0.9271328318808584 0 0 0 0 1
1685094242.677091599 -0.33730465861035225 -0.9539991921536874 0 0 0 0 1
1685094242.710424900 -0.3506945497549151 -0.9808537248555843 0 0 0 0 1
1685094242.743758202 -0.3637787212530586 -1.0081970903920532 0 0 0 0 1
1685094242.777091503 -0.3766566303642978 -1.035638202606693 0 0 0 0 1
1685094242.810424805 -0.3893275469182429 -1.0631755056034786 0 0 0 0 1
1685094242.843758106 -0.4017907524808685 -1.090807438032419 0 0 0 0 1
1685094242.877091408 -0.41404554039524866 -1.1185324331780877 0 0 0 0 1
1685094242.910424709 -0.4260912158216244 -1.1463489190484526 0 0 0 0 1
1685094242.943758249 -0.43804030156601836 -1.1740516145395514 0 0 0 0 1
1685094242.977091551 -0.45006135614522297 -1.2017231564988136 0 0 0 0 1
1685094243.010424852 -0.46215429833694394 -1.2293633579587726 0 0 0 0 1
1685094243.043758154 -0.4745085995013373 -1.2565980582014944 0 0 0 0 1
1685094243.077091455 -0.4868574019135325 -1.283835252138389 0 0 0 0 1
1685094243.110424757 -0.49394445477321947 -1.3019230215075854 0 0 0 0 1
1685094243.143758059 -0.5016708328774059 -1.3006360868869304 0 0 0 0 1
1685094243.177091599 -0.4724385081582276 -1.3059314698294577 0 0 0 0 1
1685094243.210424900 -0.44377530160115003 -1.3109199015918906 0 0 0 0 1
1685094243.243758202 -0.414858430555635 -1.3157096521006817 0 0 0 0 1
1685094243.277091503 -0.42762407164591376 -1.3211185979520046 0 0 0 0 1
1685094243.310424805 -0.43719631098871514 -1.3110891153316253 0 0 0 0 1
1685094243.343758106 -0.4311980119257999 -1.2985895674989958 0 0 0 0 1
1685094243.377091408 -0.4173851200159805 -1.299782171689835 0 0 0 0 1
1685094243.410424709 -0.41361803810656855 -1.313124861881702 0 0 0 0 1
1685094243.443758249 -0.38407690646070064 -1.3105554151676442 0 0 0 0 1
1685094243.477091551 -0.3546440106719832 -1.3078636894339974 0 0 0 0 1
1685094243.510424852 -0.32523017866153625 -1.3049710732486244 0 0 0 0 1
1685094243.543758154 -0.2958367815652255 -1.30187770145182 0 0 0 0 1
1685094243.577091455 -0.2664651895663361 -1.2985837182421713 0 0 0 0 1
1685094243.610424757 -0.2371167718317009 -1.2950892771698357 0 0 0 0 1
1685094243.643758059 -0.20779289644787685 -1.2913945411293817 0 0 0 0 1
1685094243.677091599 -0.17849493035737052 -1.2874996823521967 0 0 0 0 1
1685094243.710424900 -0.1527820981213794 -1.2921633764832072 0 0 0 0 1
1685094243.743758202 -0.1761074816834016 -1.2803809206174552 0 0 0 0 1
1685094243.777091503 -0.1648718911964875 -1.2972780818806393 0 0 0 0 1
1685094243.810424805 -0.15171658510132904 -1.3127276926811209 0 0 0 0 1
1685094243.843758106 -0.12490038661385597 -1.3187122970311853 0 0 0 0 1
1685094243.877091408 -0.09820536830608032 -1.3246072362912094 0 0 0 0 1
1685094243.910424709 -0.07151957730328737 -1.3304711153674382 0 0 0 0 1
1685094243.943758249 -0.044838311745892076 -1.336355551408482 0 0 0 0 1
1685094243.977091551 -0.07038455665405342 -1.3496417356951722 0 0 0 0 1
1685094244.010424852 -0.0820405098676164 -1.3726724051238304 0 0 0 0 1
1685094244.043758154 -0.09975508709600783 -1.386522429681079 0 0 0 0 1
1685094244.077091455 -0.09518422529039323 -1.3968195738621263 0 0 0 0 1
