1685094325.453239679 2.8384537340841995e-17 3.5783990244153627e-16 0 0 0 0 1
1685094325.486572981 0.0003110040911583624 -0.017145744075211206 0 0 0 0 1
1685094325.519906282 0.0005599598014463164 -0.03472405365660255 0 0 0 0 1
1685094325.553239822 0.0007352620649025728 -0.0526025019301614 0 0 0 0 1
1685094325.586573124 0.00016831052314712194 -0.07100067908918194 0 0 0 0 1
1685094325.619906425 -4.04234194062608e-05 -0.0901629985305287 0 0 0 0 1
1685094325.653239727 0.00014557756485405316 -0.10986381975225877 0 0 0 0 1
1685094325.686573029 0.00020588980333228219 -0.129748680667605 0 0 0 0 1
1685094325.719906330 0.00021191656168577746 -0.15006286367772356 0 0 0 0 1
1685094325.753239632 8.16337954736091e-05 -0.17080905287165726 0 0 0 0 1
1685094325.786572933 3.547921815874569e-05 -0.1923230970968682 0 0 0 0 1
1685094325.819906473 2.7308634618755773e-05 -0.21276347867635872 0 0 0 0 1
1685094325.853239775 -0.000560020022362827 -0.23455514493938331 0 0 0 0 1
1685094325.886573076 -0.0017224180918581171 -0.25740522752328854 0 0 0 0 1
1685094325.919906378 -0.003053870280120255 -0.28084676920852497 0 0 0 0 1
1685094325.953239679 -0.004366661679823546 -0.30515490140917434 0 0 0 0 1
1685094325.986572981 -0.005703925241749825 -0.3299862943581723 0 0 0 0 1
1685094326.019906282 -0.007297539368271323 -0.3548475344353891 0 0 0 0 1
1685094326.053239822 -0.00881703202439138 -0.38011229609688707 0 0 0 0 1
1685094326.086573124 -0.01030570765409335 -0.40564850483202386 0 0 0 0 1
1685094326.119906425 -0.01224408675268118 -0.4312359294057273 0 0 0 0 1
1685094326.153239727 -0.014293395777515266 -0.4573474834305401 0 0 0 0 1
1685094326.186573029 -0.016309176417747238 -0.4839614180596221 0 0 0 0 1
1685094326.219906330 -0.01827292430567783 -0.5107795540768257 0 0 0 0 1
1685094326.253239632 -0.020286023201078033 -0.5377414657407332 0 0 0 0 1
1685094326.286572933 -0.022251989153493443 -0.5649472045119388 0 0 0 0 1
1685094326.319906473 -0.023957592639289968 -0.5918283234568905 0 0 0 0 1
1685094326.353239775 -0.025520695121211075 -0.6184270038621864 0 0 0 0 1
1685094326.386573076 -0.027068626680302733 -0.6454613142354368 0 0 0 0 1
1685094326.419906378 -0.02843444831323361 -0.6726664131109923 0 0 0 0 1
1685094326.453239679 -0.029795054996102684 -0.6996815629127915 0 0 0 0 1
1685094326.486572981 -0.03112927281936513 -0.7268251000805762 0 0 0 0 1
1685094326.519906282 -0.032015048243351094 -0.7543397263619693 0 0 0 0 1
1685094326.553239822 -0.03258275285108315 -0.7821546305502745 0 0 0 0 1
1685094326.586573124 -0.03298852764219954 -0.8100673900964582 0 0 0 0 1
1685094326.619906425 -0.03353752689502592 -0.8379150127404477 0 0 0 0 1
1685094326.653239727 -0.03422233555536424 -0.865619462471858 0 0 0 0 1
1685094326.686573029 -0.0348826952125369 -0.8931679188389943 0 0 0 0 1
1685094326.719906330 -0.03566495714446306 -0.9206358498129733 0 0 0 0 1
1685094326.753239632 -0.036511036284750886 -0.947811103790143 0 0 0 0 1
1685094326.786572933 -0.037439289948032556 -0.9748168035553364 0 0 0 0 1
1685094326.819906473 -0.04032432437997471 -1.0026415440519645 0 0 0 0 1
1685094326.853239775 -0.04342576477179293 -1.0302815747123746 0 0 0 0 1
1685094326.886573076 -0.04676115359288559 -1.057739801258339 0 0 0 0 1
1685094326.919906378 -0.049731917752644926 -1.083281574276384 0 0 0 0 1
1685094326.953239679 -0.05290613328201082 -1.110594517153651 0 0 0 0 1
1685094326.986572981 -0.05611986122398296 -1.1377728053218827 0 0 0 0 1
1685094327.019906282 -0.05918284645787277 -1.1646321975644582 0 0 0 0 1
1685094327.053239822 -0.062272077185555164 -1.1913706109283606 0 0 0 0 1
1685094327.086573124 -0.0653305634641439 -1.2186034318647547 0 0 0 0 1
1685094327.119906425 -0.06862833179897221 -1.2459014886501993 0 0 0 0 1
1685094327.153239727 -0.072389618009849 -1.2729693318565596 0 0 0 0 1
1685094327.186573029 -0.07636064239243762 -1.299938941274691 0 0 0 0 1
1685094327.219906330 -0.08028050427168971 -1.3277083456799452 0 0 0 0 1
1685094327.253239632 -0.08399605829845111 -1.3549981888526188 0 0 0 0 1
1685094327.286572933 -0.08741473851359578 -1.3814334923288205 0 0 0 0 1
1685094327.319906473 -0.09043644154615033 -1.4080302336425172 0 0 0 0 1
1685094327.353239775 -0.09405131136775596 -1.4326283768681634 0 0 0 0 1
1685094327.386573076 -0.0993425372172959 -1.4586481955726716 0 0 0 0 1
1685094327.419906378 -0.1044873630371569 -1.4845449744066028 0 0 0 0 1
1685094327.453239679 -0.10939699196452701 -1.5101126184308797 0 0 0 0 1
1685094327.486572981 -0.11389147325258785 -1.5357946665555624 0 0 0 0 1
1685094327.519906282 -0.11901052310859815 -1.5610564791478636 0 0 0 0 1
1685094327.553239822 -0.12410826067992374 -1.5862591125926573 0 0 0 0 1
1685094327.586573124 -0.12933698245623798 -1.611366747007818 0 0 0 0 1
1685094327.619906425 -0.1346547107312413 -1.6369292166214382 0 0 0 0 1
1685094327.653239727 -0.14008721380814027 -1.6629510678969213 0 0 0 0 1
1685094327.686573029 -0.1455202657440862 -1.689308618779392 0 0 0 0 1
1685094327.719906330 -0.1511197193129965 -1.7156499285822708 0 0 0 0 1
1685094327.753239632 -0.15682439703309445 -1.74231754942152 0 0 0 0 1
1685094327.786572933 -0.16246284263793948 -1.769192215826024 0 0 0 0 1
1685094327.819906473 -0.16853543663085854 -1.7960781790372786 0 0 0 0 1
1685094327.853239775 -0.17550935042002472 -1.8218150078566027 0 0 0 0 1
1685094327.886573076 -0.1827263363132807 -1.84713262931941 0 0 0 0 1
1685094327.919906378 -0.19069326492289593 -1.8735355644491516 0 0 0 0 1
1685094327.953239679 -0.19872678370212898 -1.9002157907126462 0 0 0 0 1
1685094327.986572981 -0.20658852505172917 -1.9264901251033553 0 0 0 0 1
1685094328.019906282 -0.21400769325492386 -1.952178382397353 0 0 0 0 1
1685094328.053239822 -0.2206600384601924 -1.9769784082737558 0 0 0 0 1
1685094328.086573124 -0.22844425983951153 -2.002852681005581 0 0 0 0 1
1685094328.119906425 -0.2364228812455428 -2.0283357000326974 0 0 0 0 1
1685094328.153239727 -0.24453577360668652 -2.05395939597545 0 0 0 0 1
1685094328.186573029 -0.2524864486693887 -2.080073608610678 0 0 0 0 1
1685094328.219906330 -0.26001462295222216 -2.1063730741416125 0 0 0 0 1
1685094328.253239632 -0.26773882340724 -2.133417636561199 0 0 0 0 1
1685094328.286572933 -0.2752607739715949 -2.1605834785623803 0 0 0 0 1
1685094328.319906473 -0.28258214271254095 -2.188014543152903 0 0 0 0 1
1685094328.353239775 -0.28969998282663767 -2.21558942607577 0 0 0 0 1
1685094328.386573076 -0.2965958257167525 -2.243145510295463 0 0 0 0 1
1685094328.419906378 -0.3034222809336838 -2.2705772549045453 0 0 0 0 1
1685094328.453239679 -0.3104464478001308 -2.298349648462171 0 0 0 0 1
1685094328.486572981 -0.3181809823127491 -2.3261612849152042 0 0 0 0 1
1685094328.519906282 -0.32718396310824827 -2.3548107975548445 0 0 0 0 1
1685094328.553239822 -0.3365112444953813 -2.3827216134371043 0 0 0 0 1
1685094328.586573124 -0.34587642594591606 -2.4106152273833703 0 0 0 0 1
1685094328.619906425 -0.35533528753266136 -2.4384335074419488 0 0 0 0 1
1685094328.653239727 -0.3646608002056817 -2.4631019429067527 0 0 0 0 1
1685094328.686573029 -0.3751475077540309 -2.4894676990932174 0 0 0 0 1
1685094328.719906330 -0.3861132533774366 -2.515826107442187 0 0 0 0 1
1685094328.753239632 -0.3970894764770751 -2.5425278811160545 0 0 0 0 1
1685094328.786572933 -0.40811759642820045 -2.5691909748250032 0 0 0 0 1
1685094328.819906473 -0.41913693616799946 -2.5954160176714574 0 0 0 0 1
1685094328.853239775 -0.4275772038755313 -2.620473973224639 0 0 0 0 1
1685094328.886573076 -0.43294149198199516 -2.6477811572240557 0 0 0 0 1
1685094328.919906378 -0.4369202879403108 -2.6752893570165246 0 0 0 0 1
1685094328.953239679 -0.4418999721701344 -2.7080357425959667 0 0 0 0 1
1685094328.986572981 -0.4450159806198713 -2.7352845797614664 0 0 0 0 1
1685094329.019906282 -0.4482775419461634 -2.7623774260931397 0 0 0 0 1
1685094329.053239822 -0.4500988415536689 -2.787888205070157 0 0 0 0 1
1685094329.086573124 -0.450663151919097 -2.8201465452207777 0 0 0 0 1
1685094329.119906425 -0.4531794063518697 -2.8465534616801915 0 0 0 0 1
1685094329.153239727 -0.4550826283708009 -2.8706085084259696 0 0 0 0 1
