1685094318.219659090 -1.7987715181663227e-18 4.8822648524606514e-18 0 0 0 0 1
1685094318.252992392 0.00017407368042779428 -0.012617288955441204 0 0 0 0 1
1685094318.286325932 -0.0005864971197187893 -0.02447282931479797 0 0 0 0 1
1685094318.319659233 -0.0006233474944929113 -0.038471607389490584 0 0 0 0 1
1685094318.352992535 -0.0007890721652892473 -0.05227394795202138 0 0 0 0 1
1685094318.386325836 -0.0009371585449548434 -0.06823573274052476 0 0 0 0 1
1685094318.419659138 0.0019473059034377552 -0.0813225207326271 0 0 0 0 1
1685094318.452992439 0.005731959265138652 -0.09806835826735119 0 0 0 0 1
1685094318.486325741 0.010398587238936642 -0.11539238462334193 0 0 0 0 1
1685094318.519659281 0.015249672894516652 -0.13302172523691952 0 0 0 0 1
1685094318.552992582 0.019323372816307333 -0.14527339145407467 0 0 0 0 1
1685094318.586325884 0.023600971888371288 -0.16361517498426184 0 0 0 0 1
1685094318.619659185 0.029371480958874666 -0.1752403747387377 0 0 0 0 1
1685094318.652992487 0.037002395016789556 -0.19389642373106442 0 0 0 0 1
1685094318.686325788 0.04485914852944226 -0.21327192498272993 0 0 0 0 1
1685094318.719659090 0.052861101679260364 -0.23309295786798942 0 0 0 0 1
1685094318.752992392 0.06311965424868807 -0.25876772123639735 0 0 0 0 1
1685094318.786325932 0.07309559779516468 -0.2845536073991989 0 0 0 0 1
1685094318.819659233 0.08110635476898952 -0.30528727658594074 0 0 0 0 1
1685094318.852992535 0.08964674448130866 -0.32676201527987864 0 0 0 0 1
1685094318.886325836 0.09851142458594778 -0.3484362954258963 0 0 0 0 1
1685094318.919659138 0.10709739587191794 -0.3699433058865304 0 0 0 0 1
1685094318.952992439 0.11615632368209543 -0.39145798495463646 0 0 0 0 1
1685094318.986325741 0.1253002620672778 -0.4134258819846713 0 0 0 0 1
1685094319.019659281 0.1344334922203481 -0.4353982331580271 0 0 0 0 1
1685094319.052992582 0.1435560119716303 -0.45737503325498596 0 0 0 0 1
1685094319.086325884 0.15266781915399263 -0.47935627705477296 0 0 0 0 1
1685094319.119659185 0.16176891160284815 -0.5013419593355576 0 0 0 0 1
1685094319.152992487 0.1713997938171603 -0.5240564300507088 0 0 0 0 1
1685094319.186325788 0.18100627858072918 -0.5470577304891067 0 0 0 0 1
1685094319.219659090 0.1905755841667173 -0.5695471281792058 0 0 0 0 1
1685094319.252992392 0.2005131247535289 -0.5918762550082366 0 0 0 0 1
1685094319.286325932 0.21162230098451873 -0.6144997312030956 0 0 0 0 1
1685094319.319659233 0.22264809603856608 -0.6375773793064398 0 0 0 0 1
1685094319.352992535 0.23363928051509195 -0.6606307735404855 0 0 0 0 1
1685094319.386325836 0.23008415756225303 -0.67801463121507 0 0 0 0 1
1685094319.419659138 0.2354172712249864 -0.7074073354436994 0 0 0 0 1
1685094319.452992439 0.25392001468153813 -0.7256152378410422 0 0 0 0 1
1685094319.486325741 0.2719548508156523 -0.7422366547710368 0 0 0 0 1
1685094319.519659281 0.2913673718745187 -0.7591156499729409 0 0 0 0 1
1685094319.552992582 0.29854368853415764 -0.7321173804617348 0 0 0 0 1
1685094319.586325884 0.3010955743035624 -0.7308839463617116 0 0 0 0 1
1685094319.619659185 0.3037919629153238 -0.7300104653295458 0 0 0 0 1
1685094319.652992487 0.2919735451792671 -0.7060244611507911 0 0 0 0 1
1685094319.686325788 0.28000250956097394 -0.6815855347766815 0 0 0 0 1
1685094319.719659090 0.2680836513750152 -0.6571211190747563 0 0 0 0 1
1685094319.752992392 0.2702180172296113 -0.635758725407214 0 0 0 0 1
1685094319.786325932 0.2512594518857245 -0.6160424926822602 0 0 0 0 1
1685094319.819659233 0.22390830682025537 -0.616310627668101 0 0 0 0 1
1685094319.852992535 0.20554029100838636 -0.6128969851326378 0 0 0 0 1
1685094319.886325836 0.18086107224906234 -0.6102173034078118 0 0 0 0 1
1685094319.919659138 0.15277591668110674 -0.6101943406736976 0 0 0 0 1
1685094319.952992439 0.12560031680897357 -0.6099605347334215 0 0 0 0 1
1685094319.986325741 0.09842448581953603 -0.6097553429657373 0 0 0 0 1
1685094320.019659281 0.07037314157332505 -0.6090394552744582 0 0 0 0 1
1685094320.052992582 0.04232320104808471 -0.608270530221908 0 0 0 0 1
1685094320.086325884 0.03644237449741885 -0.6188487638626582 0 0 0 0 1
1685094320.119659185 0.053690117109841694 -0.6057395160398996 0 0 0 0 1
1685094320.152992487 0.07100836437048849 -0.5927235521677161 0 0 0 0 1
1685094320.186325788 0.10045703174331444 -0.5711976533226641 0 0 0 0 1
1685094320.219659090 0.135864120197706 -0.5624268826435478 0 0 0 0 1
1685094320.252992392 0.16575499768871 -0.5662477144780569 0 0 0 0 1
1685094320.286325932 0.1956544336630688 -0.5700009852523318 0 0 0 0 1
1685094320.319659233 0.22578115653682926 -0.573662690635442 0 0 0 0 1
1685094320.352992535 0.2565615258167202 -0.5764784647178021 0 0 0 0 1
1685094320.386325836 0.28739986222946984 -0.5785657414084748 0 0 0 0 1
1685094320.419659138 0.3114346972707727 -0.5799082279473521 0 0 0 0 1
1685094320.452992439 0.29314266517215903 -0.579327828409897 0 0 0 0 1
1685094320.486325741 0.2657419391214355 -0.594116685209118 0 0 0 0 1
1685094320.519659281 0.27779313812466555 -0.5983303938679242 0 0 0 0 1
1685094320.552992582 0.26651529425518206 -0.604313451257947 0 0 0 0 1
1685094320.586325884 0.26978393048253335 -0.5919723510116157 0 0 0 0 1
1685094320.619659185 0.27662165538856603 -0.6027534574569753 0 0 0 0 1
1685094320.652992487 0.264064646301584 -0.6004494911234098 0 0 0 0 1
1685094320.686325788 0.2599683533034168 -0.6318135608482456 0 0 0 0 1
1685094320.719659090 0.25615141312495093 -0.6639584730394315 0 0 0 0 1
1685094320.752992392 0.2537489259684092 -0.6961284478160192 0 0 0 0 1
1685094320.786325932 0.2510739361047885 -0.7282769104681146 0 0 0 0 1
1685094320.819659233 0.24812663559766382 -0.7604015527444785 0 0 0 0 1
1685094320.852992535 0.24524855406850932 -0.7921658616129696 0 0 0 0 1
1685094320.886325836 0.24212335160241358 -0.8245341002450662 0 0 0 0 1
1685094320.919659138 0.2389829778819095 -0.856900870480819 0 0 0 0 1
1685094320.952992439 0.23633969112356162 -0.8885740071342886 0 0 0 0 1
1685094320.986325741 0.23402666040696918 -0.9202729730363541 0 0 0 0 1
1685094321.019659281 0.23216811686253833 -0.9517166478524642 0 0 0 0 1
1685094321.052992582 0.23131667881207246 -0.9832036915894371 0 0 0 0 1
1685094321.086325884 0.23131816557415186 -1.0141247223183785 0 0 0 0 1
1685094321.119659185 0.23150520442728115 -1.0448588877618583 0 0 0 0 1
1685094321.152992487 0.2320822051102932 -1.075588205672472 0 0 0 0 1
1685094321.186325788 0.2330490747204109 -1.1063077283282163 0 0 0 0 1
1685094321.219659090 0.24918309897522298 -1.1079015413261655 0 0 0 0 1
1685094321.252992392 0.23313577151875278 -1.110210276917808 0 0 0 0 1
1685094321.286325932 0.24816612868427604 -1.104132831566009 0 0 0 0 1
1685094321.319659233 0.23502406090587966 -1.1136266734140352 0 0 0 0 1
1685094321.352992535 0.2611134578934813 -1.1295620609043315 0 0 0 0 1
1685094321.386325836 0.2872434589549067 -1.1454307802657822 0 0 0 0 1
1685094321.419659138 0.31341389372863043 -1.16123272803803 0 0 0 0 1
1685094321.452992439 0.3396245915895083 -1.1769678011960532 0 0 0 0 1
1685094321.486325741 0.35724428552666726 -1.1863455817611832 0 0 0 0 1
1685094321.519659281 0.36016340646667444 -1.2060908372850931 0 0 0 0 1
1685094321.552992582 0.3460109429637939 -1.2201657852269692 0 0 0 0 1
1685094321.586325884 0.3262820175704362 -1.2171382638661516 0 0 0 0 1
1685094321.619659185 0.3170011489280272 -1.1994673312362865 0 0 0 0 1
1685094321.652992487 0.32570658099074506 -1.1815059327559818 0 0 0 0 1
1685094321.686325788 0.3557562491205142 -1.1779677490404241 0 0 0 0 1
1685094321.719659090 0.3858028767518972 -1.174403837327809 0 0 0 0 1
1685094321.752992392 0.3921937102856104 -1.1742039500592998 0 0 0 0 1
1685094321.786325932 0.39296958711110186 -1.1678572404135534 0 0 0 0 1
1685094321.819659233 0.3613879771668029 -1.1768953005052127 0 0 0 0 1
1685094321.852992535 0.3689074922337325 -1.207304462048234 0 0 0 0 1
1685094321.886325836 0.37649219196503825 -1.23769743068536 0 0 0 0 1
1685094321.919659138 0.38386678609753194 -1.2686496048509275 0 0 0 0 1
1685094321.952992439 0.3912036169569932 -1.2996107520702131 0 0 0 0 1
1685094321.986325741 0.39850267362551506 -1.330580826270065 0 0 0 0 1
1685094322.019659281 0.4059513413502881 -1.3612188667121567 0 0 0 0 1
1685094322.052992582 0.4134378249519696 -1.3918476886987612 0 0 0 0 1
1685094322.086325884 0.42096211302189585 -1.4224672455545702 0 0 0 0 1
1685094322.119659185 0.428524194093793 -1.4530774906183948 0 0 0 0 1
1685094322.152992487 0.4363616251401313 -1.4849039807280155 0 0 0 0 1
1685094322.186325788 0.4437526138929281 -1.4572936658525277 0 0 0 0 1
1685094322.219659090 0.4455602782928232 -1.428768439268241 0 0 0 0 1
1685094322.252992392 0.4417137891137728 -1.400445997225525 0 0 0 0 1
1685094322.286325932 0.4323638623025834 -1.373436090322817 0 0 0 0 1
1685094322.319659233 0.41787685351666615 -1.348797040448597 0 0 0 0 1
1685094322.352992535 0.4482975547064972 -1.359482560294167 0 0 0 0 1
1685094322.386325836 0.4786347027298209 -1.3704030385374497 0 0 0 0 1
1685094322.419659138 0.508908723375098 -1.3819053684869211 0 0 0 0 1
1685094322.452992439 0.5389372421328176 -1.394034176405034 0 0 0 0 1
1685094322.486325741 0.5687072965428421 -1.4067842266293025 0 0 0 0 1
1685094322.519659281 0.5982060357167648 -1.4201500153245519 0 0 0 0 1
1685094322.552992582 0.6274207258852739 -1.4341257728587684 0 0 0 0 1
1685094322.586325884 0.656338755894959 -1.4487054662936845 0 0 0 0 1
1685094322.619659185 0.6849476426521897 -1.463882801989028 0 0 0 0 1
1685094322.652992487 0.7132350365117113 -1.4796512283193084 0 0 0 0 1
1685094322.686325788 0.7411887266076387 -1.496003938501967 0 0 0 0 1
1685094322.719659090 0.7687966461245394 -1.5129338735356734 0 0 0 0 1
1685094322.752992392 0.7960468775063364 -1.5304337252474944 0 0 0 0 1
1685094322.786325932 0.8229276576007784 -1.5484959394476259 0 0 0 0 1
1685094322.819659233 0.8494273827372603 -1.5671127191903231 0 0 0 0 1
1685094322.852992535 0.8755346137357976 -1.58627602813962 0 0 0 0 1
1685094322.886325836 0.9012380808449969 -1.6059775940383878 0 0 0 0 1
1685094322.919659138 0.9265266886068878 -1.6262089122792345 0 0 0 0 1
1685094322.952992439 0.9513895206465175 -1.646961249575702 0 0 0 0 1
1685094322.986325741 0.9758158443842398 -1.6682256477321789 0 0 0 0 1
1685094323.019659281 0.9953181283823684 -1.68812092147148 0 0 0 0 1
1685094323.052992582 1.0117536983763677 -1.7106160995609678 0 0 0 0 1
1685094323.086325884 1.0283278066733084 -1.7379631515791785 0 0 0 0 1
1685094323.119659185 1.045310594215246 -1.7653339520802875 0 0 0 0 1
1685094323.152992487 1.0625807191705725 -1.7925243654054566 0 0 0 0 1
1685094323.186325788 1.0801362656970865 -1.8195313752162725 0 0 0 0 1
1685094323.219659090 1.0978596381660455 -1.8459914963882773 0 0 0 0 1
1685094323.252992392 1.11626379453931 -1.871982705908018 0 0 0 0 1
1685094323.286325932 1.1196607173129312 -1.8714404001316232 0 0 0 0 1
1685094323.319659233 1.0990432010891638 -1.8777242401680452 0 0 0 0 1
1685094323.352992535 1.0677626319098628 -1.8699442265769322 0 0 0 0 1
1685094323.386325836 1.0357781224021299 -1.8623142846234633 0 0 0 0 1
1685094323.419659138 1.0038890081587926 -1.8557053604353746 0 0 0 0 1
1685094323.452992439 0.9718313451170425 -1.849969532121158 0 0 0 0 1
1685094323.486325741 0.9396290332518187 -1.8451110759174427 0 0 0 0 1
1685094323.519659281 0.9073060803782115 -1.8411336139529337 0 0 0 0 1
1685094323.552992582 0.8748865842528977 -1.838040111548002 0 0 0 0 1
1685094323.586325884 0.8427866184363464 -1.834702730686577 0 0 0 0 1
1685094323.619659185 0.810671326965216 -1.8315162012010209 0 0 0 0 1
1685094323.652992487 0.7879668949702483 -1.8519254288448619 0 0 0 0 1
1685094323.686325788 0.7966964712089565 -1.8827837515207528 0 0 0 0 1
1685094323.719659090 0.8063452403615317 -1.9129825263571307 0 0 0 0 1
1685094323.752992392 0.8161851192421019 -1.9431195721876968 0 0 0 0 1
1685094323.786325932 0.8139744502177545 -1.9418266754274915 0 0 0 0 1
1685094323.819659233 0.8165160314735253 -1.9421413248960644 0 0 0 0 1
1685094323.852992535 0.8360886066852194 -1.9550372735933996 0 0 0 0 1
1685094323.886325836 0.8549216539427161 -1.968991037394562 0 0 0 0 1
1685094323.919659138 0.8809195692149794 -1.9852866922388483 0 0 0 0 1
1685094323.952992439 0.906784099609117 -2.0017932373891405 0 0 0 0 1
1685094323.986325741 0.9110555056851108 -2.011550510192852 0 0 0 0 1
1685094324.019659281 0.9313440433446933 -2.035552548825187 0 0 0 0 1
1685094324.052992582 0.952246324884347 -2.0599212433394056 0 0 0 0 1
1685094324.086325884 0.9686929187850573 -2.0765303915011137 0 0 0 0 1
1685094324.119659185 0.9426449471864353 -2.062886856797483 0 0 0 0 1
1685094324.152992487 0.9162839969994191 -2.0759154088601424 0 0 0 0 1
1685094324.186325788 0.9113019927813639 -2.1048950999831177 0 0 0 0 1
1685094324.219659090 0.9317985310519626 -2.1259790934979548 0 0 0 0 1
1685094324.252992392 0.9429679550216596 -2.1341823474089434 0 0 0 0 1
1685094324.286325932 0.9380211327528746 -2.147127553316307 0 0 0 0 1
1685094324.319659233 0.9688071865868295 -2.1426159917594925 0 0 0 0 1
1685094324.352992535 0.9996114704726732 -2.1389285053416978 0 0 0 0 1
1685094324.386325836 1.030429909048073 -2.135361250714483 0 0 0 0 1
1685094324.419659138 1.061334078383647 -2.130214988450114 0 0 0 0 1
1685094324.452992439 1.0918718255193216 -2.126141611264731 0 0 0 0 1
1685094324.486325741 1.1224060050270508 -2.1220415766787046 0 0 0 0 1
1685094324.519659281 1.1518770326786976 -2.1183334644754432 0 0 0 0 1
1685094324.552992582 1.155489615624533 -2.1111019615837945 0 0 0 0 1
1685094324.586325884 1.1548314979194159 -2.119158776754733 0 0 0 0 1
1685094324.619659185 1.1727711355840034 -2.097029143928346 0 0 0 0 1
1685094324.652992487 1.1909528314506095 -2.074585811645809 0 0 0 0 1
1685094324.686325788 1.209779098581307 -2.051231373862445 0 0 0 0 1
1685094324.719659090 1.2286186443063403 -2.027887646329598 0 0 0 0 1
1685094324.752992392 1.2474714625326566 -2.0045546365970557 0 0 0 0 1
1685094324.786325932 1.2652496953631345 -1.981998334347322 0 0 0 0 1
1685094324.819659233 1.2832582022665942 -1.959625448684894 0 0 0 0 1
1685094324.852992535 1.301477245776028 -1.9384746360911032 0 0 0 0 1
1685094324.886325836 1.3197354788061015 -1.9173576442031512 0 0 0 0 1
1685094324.919659138 1.338032838574274 -1.8962745456336723 0 0 0 0 1
1685094324.952992439 1.353524456259496 -1.8764490510314775 0 0 0 0 1
