1685093631.850776911 1.0228749932506712e-18 2.3680865328171616e-18 0 0 0 0 1
1685093631.884110212 0.0003476034093734376 -0.010968279024206181 0 0 0 0 1
1685093631.917443514 0.0008434690769448268 -0.022426589300220467 0 0 0 0 1
1685093631.950776815 0.0014305078094481245 -0.03459667111481742 0 0 0 0 1
1685093631.984110117 0.0021522780470470877 -0.04736545409626875 0 0 0 0 1
1685093632.017443419 0.002991721394759681 -0.05987146904363275 0 0 0 0 1
1685093632.050776720 0.0038545085687939403 -0.07407114350355984 0 0 0 0 1
1685093632.084110260 0.0048005676619861555 -0.08888179072559527 0 0 0 0 1
1685093632.117443562 0.005602192724647157 -0.10408662671003419 0 0 0 0 1
1685093632.150776863 0.006562528883920321 -0.11978968029832526 0 0 0 0 1
1685093632.184110165 0.007404116776993197 -0.13591816898824532 0 0 0 0 1
1685093632.217443466 0.007964726582131867 -0.15249397412661841 0 0 0 0 1
1685093632.250776768 0.00887896663930298 -0.16969093712766484 0 0 0 0 1
1685093632.284110069 0.009814158522767786 -0.18754402743904586 0 0 0 0 1
1685093632.317443371 0.010549581524104453 -0.20619409167652183 0 0 0 0 1
1685093632.350776911 0.011302244097450549 -0.22553520342225947 0 0 0 0 1
1685093632.384110212 0.011801480151442863 -0.24535957061080885 0 0 0 0 1
1685093632.417443514 0.012395453489997996 -0.2659973848018774 0 0 0 0 1
1685093632.450776815 0.0003981199379362547 -0.25605128719522624 0 0 0 0 1
1685093632.484110117 0.021756901138008784 -0.2582878012210226 0 0 0 0 1
1685093632.517443419 0.04284466695745511 -0.2606118738744442 0 0 0 0 1
1685093632.550776720 0.06387998951064928 -0.2630252231197401 0 0 0 0 1
1685093632.584110260 0.08493287422770437 -0.26535110699742254 0 0 0 0 1
1685093632.617443562 0.10616336397106699 -0.2676883695826273 0 0 0 0 1
1685093632.650776863 0.1275102370195231 -0.26997211881788746 0 0 0 0 1
1685093632.684110165 0.1490598127109443 -0.2719979320733964 0 0 0 0 1
1685093632.717443466 0.17069916372708188 -0.27377572527871624 0 0 0 0 1
1685093632.750776768 0.19237876644515595 -0.27539958757946964 0 0 0 0 1
1685093632.784110069 0.21412019406739913 -0.277046656796712 0 0 0 0 1
1685093632.817443371 0.2362286416852447 -0.27865073175947075 0 0 0 0 1
1685093632.850776911 0.2586879510036448 -0.2799714840147448 0 0 0 0 1
1685093632.884110212 0.28122166107375546 -0.281309615586983 0 0 0 0 1
1685093632.917443514 0.3036264732201847 -0.28261899553160685 0 0 0 0 1
1685093632.950776815 0.32620660484783126 -0.2837819798616864 0 0 0 0 1
1685093632.984110117 0.3491030840142109 -0.28480772992039705 0 0 0 0 1
1685093633.017443419 0.3718202262918581 -0.2857853444809619 0 0 0 0 1
1685093633.050776720 0.3945255774818506 -0.2868364445210263 0 0 0 0 1
1685093633.084110260 0.4171111616353126 -0.287789562648714 0 0 0 0 1
1685093633.117443562 0.43999768945853274 -0.2886119372978082 0 0 0 0 1
1685093633.150776863 0.46287709909409847 -0.28948510889124685 0 0 0 0 1
1685093633.184110165 0.4859125705303367 -0.2905531104165665 0 0 0 0 1
1685093633.217443466 0.5090278303446499 -0.2918491755871038 0 0 0 0 1
1685093633.250776768 0.5324713872487031 -0.2931338379932333 0 0 0 0 1
1685093633.284110069 0.5560664497717004 -0.2945081069052464 0 0 0 0 1
1685093633.317443371 0.5802049602218314 -0.29603000914509425 0 0 0 0 1
1685093633.350776911 0.604486312070909 -0.29750912238626515 0 0 0 0 1
1685093633.384110212 0.6289941842642113 -0.29897871993433855 0 0 0 0 1
1685093633.417443514 0.6535762096627517 -0.30043168229912887 0 0 0 0 1
1685093633.450776815 0.6783189166840121 -0.3017223516695092 0 0 0 0 1
1685093633.484110117 0.7029296968349914 -0.30315311073516443 0 0 0 0 1
1685093633.517443419 0.7272528433912298 -0.3045997410890203 0 0 0 0 1
1685093633.550776720 0.7514656244472098 -0.3061536983690145 0 0 0 0 1
1685093633.584110260 0.7757353960941638 -0.30767933688420723 0 0 0 0 1
1685093633.617443562 0.8001344755881725 -0.30925037113466847 0 0 0 0 1
1685093633.650776863 0.8244809707608051 -0.3105272327409237 0 0 0 0 1
1685093633.684110165 0.8484942393606247 -0.31171070209927404 0 0 0 0 1
1685093633.717443466 0.8671886159495446 -0.3113161241977958 0 0 0 0 1
1685093633.750776768 0.8902461134807547 -0.3067498465917555 0 0 0 0 1
1685093633.784110069 0.9134159904508083 -0.3024266755557569 0 0 0 0 1
1685093633.817443371 0.936488572285728 -0.2979217053420025 0 0 0 0 1
1685093633.850776911 0.9595341966190338 -0.2932965027051058 0 0 0 0 1
1685093633.884110212 0.9823054236885754 -0.28871049729624176 0 0 0 0 1
1685093633.917443514 1.003515168557517 -0.28504705272256303 0 0 0 0 1
1685093633.950776815 1.0260367648332056 -0.27966570382673367 0 0 0 0 1
1685093633.984110117 1.048033877125138 -0.2745923853128015 0 0 0 0 1
1685093634.017443419 1.0667293609019608 -0.2691724431539302 0 0 0 0 1
1685093634.050776720 1.0871404025352602 -0.2625748665532681 0 0 0 0 1
1685093634.084110260 1.1070264421873528 -0.25604040797449945 0 0 0 0 1
1685093634.117443562 1.1262623329485153 -0.2499550941064183 0 0 0 0 1
1685093634.150776863 1.1450937629988167 -0.24383184941396646 0 0 0 0 1
1685093634.184110165 1.1633767224482294 -0.23780994339886954 0 0 0 0 1
