1685094214.150131226 -6.89383311229017e-19 9.80853817820468e-18 0 0 0 0 1
1685094214.183464527 0.0005936928498274164 -0.014074825189855554 0 0 0 0 1
1685094214.216797829 0.001074558703399491 -0.029148108674854237 0 0 0 0 1
1685094214.250131369 0.0015604264733853166 -0.04517913145646635 0 0 0 0 1
1685094214.283464670 0.0019380835397500358 -0.06229597421447737 0 0 0 0 1
1685094214.316797972 0.0021112429587564225 -0.08025264990410606 0 0 0 0 1
1685094214.350131273 0.0021009109472341324 -0.0986029489295011 0 0 0 0 1
1685094214.383464575 0.0018395072291367393 -0.11758516221442313 0 0 0 0 1
1685094214.416797876 0.006534101067538779 -0.132056625381518 0 0 0 0 1
1685094214.450131178 0.010726752849821719 -0.1521941136476525 0 0 0 0 1
1685094214.483464479 0.015386982560023021 -0.17283390046123656 0 0 0 0 1
1685094214.516798019 0.020422297262752756 -0.19407948445257883 0 0 0 0 1
1685094214.550131321 0.025728232962700114 -0.21568042705795332 0 0 0 0 1
1685094214.583464622 0.03105865523248147 -0.23788541417105774 0 0 0 0 1
1685094214.616797924 0.03629351447290233 -0.26045896345733655 0 0 0 0 1
1685094214.650131226 0.04160408935324613 -0.28314385819469035 0 0 0 0 1
1685094214.683464527 0.04686117941631439 -0.3063177423648358 0 0 0 0 1
1685094214.716797829 0.05199103233704405 -0.32989154489394995 0 0 0 0 1
1685094214.750131369 0.05742342063042101 -0.3533296379464136 0 0 0 0 1
1685094214.783464670 0.06296519471711637 -0.37674210873610153 0 0 0 0 1
1685094214.816797972 0.06931167522847724 -0.4012717662206682 0 0 0 0 1
1685094214.850131273 0.07591311980512942 -0.42654827301776727 0 0 0 0 1
1685094214.883464575 0.08247365707573376 -0.45191696978833085 0 0 0 0 1
1685094214.916797876 0.08942597722727656 -0.4777708053424226 0 0 0 0 1
1685094214.950131178 0.09671973648603127 -0.5038753603716573 0 0 0 0 1
1685094214.983464479 0.10403561592488883 -0.5299737247923465 0 0 0 0 1
1685094215.016798019 0.11137361028955743 -0.5560658798605485 0 0 0 0 1
1685094215.050131321 0.11873371430986225 -0.5821518068367803 0 0 0 0 1
1685094215.083464622 0.12544664915030262 -0.6085090073757778 0 0 0 0 1
1685094215.116797924 0.1320414423111282 -0.6348960158760012 0 0 0 0 1
1685094215.150131226 0.13851796144485018 -0.6613123027902416 0 0 0 0 1
1685094215.183464527 0.14487607657756005 -0.6877573379837166 0 0 0 0 1
1685094215.216797829 0.15062100604200723 -0.713982286115449 0 0 0 0 1
1685094215.250131369 0.1578945236015021 -0.7135134355271174 0 0 0 0 1
1685094215.283464670 0.16050338643795556 -0.7067077237154823 0 0 0 0 1
1685094215.316797972 0.15540701729596937 -0.7014970711526002 0 0 0 0 1
1685094215.350131273 0.14854513208613626 -0.7039543887815469 0 0 0 0 1
1685094215.383464575 0.11974753411507201 -0.7070083763906257 0 0 0 0 1
1685094215.416797876 0.09094036681295327 -0.7099707405220573 0 0 0 0 1
1685094215.450131178 0.06212392169159972 -0.7128414511984353 0 0 0 0 1
1685094215.483464479 0.033298490356717184 -0.7156204793698333 0 0 0 0 1
1685094215.516798019 0.004464364504946746 -0.7183077969140984 0 0 0 0 1
1685094215.550131321 -0.024378164079087043 -0.7209033766371363 0 0 0 0 1
1685094215.583464622 -0.053228803525728854 -0.7234071922731861 0 0 0 0 1
1685094215.616797924 -0.08788186602653661 -0.7287919515549041 0 0 0 0 1
1685094215.650131226 -0.11618331434485668 -0.7495008481042714 0 0 0 0 1
1685094215.683464527 -0.1313899334486968 -0.7752283707244095 0 0 0 0 1
1685094215.716797829 -0.14665302127965146 -0.8009224329685071 0 0 0 0 1
1685094215.750131369 -0.1616719099668032 -0.8266226226617991 0 0 0 0 1
1685094215.783464670 -0.17665896901499778 -0.8523413867991789 0 0 0 0 1
1685094215.816797972 -0.191614175452532 -0.8780786859597159 0 0 0 0 1
1685094215.850131273 -0.20657008425278095 -0.9035218145809504 0 0 0 0 1
1685094215.883464575 -0.22191943677899445 -0.9290075767881502 0 0 0 0 1
1685094215.916797876 -0.2375258173284685 -0.9514474952198099 0 0 0 0 1
1685094215.950131178 -0.2558668045546417 -0.9744870534164265 0 0 0 0 1
1685094215.983464479 -0.27421174402811466 -0.9975234648131814 0 0 0 0 1
1685094216.016798019 -0.2924166531453328 -1.0209928605497762 0 0 0 0 1
1685094216.050131321 -0.3104689320233797 -1.04457985865289 0 0 0 0 1
1685094216.083464622 -0.3282747102910503 -1.0684987565709543 0 0 0 0 1
1685094216.116797924 -0.3459312213533842 -1.0925280519088936 0 0 0 0 1
1685094216.150131226 -0.3835575819153883 -1.0683387918729486 0 0 0 0 1
1685094216.183464527 -0.36956482594818685 -1.0569704780835687 0 0 0 0 1
1685094216.216797829 -0.3541449107241121 -1.049089965276621 0 0 0 0 1
1685094216.250131369 -0.33250510677864475 -1.0701895821740608 0 0 0 0 1
1685094216.283464670 -0.31064086783853756 -1.091152203461356 0 0 0 0 1
1685094216.316797972 -0.3222262955251006 -1.1094662353234086 0 0 0 0 1
1685094216.350131273 -0.3438919332801111 -1.108990800371478 0 0 0 0 1
1685094216.383464575 -0.3546628220094156 -1.0901861771711636 0 0 0 0 1
1685094216.416797876 -0.3774283186289866 -1.0706345445482273 0 0 0 0 1
1685094216.450131178 -0.40028635925940065 -1.051191186991048 0 0 0 0 1
1685094216.483464479 -0.4229565197585715 -1.03127530420404 0 0 0 0 1
1685094216.516798019 -0.4453705214338427 -1.0110715646208601 0 0 0 0 1
1685094216.550131321 -0.4675247094596402 -0.9905832626618977 0 0 0 0 1
1685094216.583464622 -0.48927216742578006 -0.970996984953436 0 0 0 0 1
1685094216.616797924 -0.510743435950439 -0.9517446633105077 0 0 0 0 1
1685094216.650131226 -0.5322880530873186 -0.932574459004709 0 0 0 0 1
1685094216.683464527 -0.5539057047789206 -0.9134866514815448 0 0 0 0 1
1685094216.716797829 -0.5755960759031166 -0.8944815189854155 0 0 0 0 1
1685094216.750131369 -0.5962766370592935 -0.8765534863893422 0 0 0 0 1
1685094216.783464670 -0.6170456690577321 -0.8587280194291732 0 0 0 0 1
1685094216.816797972 -0.6379026632276448 -0.841005554682517 0 0 0 0 1
1685094216.850131273 -0.6588471087438929 -0.8233865262042733 0 0 0 0 1
1685094216.883464575 -0.6788645341272607 -0.8066308610938661 0 0 0 0 1
1685094216.916797876 -0.6992140860429696 -0.7901527326815894 0 0 0 0 1
1685094216.950131178 -0.7192274412792059 -0.773999856488497 0 0 0 0 1
