1685094363.467038631 1.702494308027204e-19 2.6274826442983284e-19 0 0 0 0 1
1685094363.500372171 0.0008423979515048389 -0.012470727631735155 0 0 0 0 1
1685094363.533705473 0.0006581343917247481 -0.01924794306180639 0 0 0 0 1
1685094363.567038774 0.0014936106993872476 -0.033417677374673625 0 0 0 0 1
1685094363.600372076 0.0025373814804737775 -0.048568676919709286 0 0 0 0 1
1685094363.633705378 0.0036799320180385853 -0.0647204232984554 0 0 0 0 1
1685094363.667038679 0.004898404840337987 -0.08192891234251454 0 0 0 0 1
1685094363.700371981 0.006032964031911704 -0.10023882981724015 0 0 0 0 1
1685094363.733705521 0.006890535558273463 -0.11560617835936439 0 0 0 0 1
1685094363.767038822 0.0029256579406404734 -0.13564656379652335 0 0 0 0 1
1685094363.800372124 -0.005461229182726834 -0.15946859856543055 0 0 0 0 1
1685094363.833705425 -0.013150273228680481 -0.18026404747021377 0 0 0 0 1
1685094363.867038727 -0.021372774911076742 -0.20207951255389747 0 0 0 0 1
1685094363.900372028 -0.024321323300569582 -0.2221891473036666 0 0 0 0 1
1685094363.933705330 -0.02918612072914328 -0.24628161167417953 0 0 0 0 1
1685094363.967038631 -0.03379671458350266 -0.27057454450753593 0 0 0 0 1
1685094364.000372171 -0.038692665197921104 -0.2954210484828525 0 0 0 0 1
1685094364.033705473 -0.04330895969176671 -0.3199331091673056 0 0 0 0 1
1685094364.067038774 -0.04738216992676981 -0.3445491272990486 0 0 0 0 1
1685094364.100372076 -0.051360075659463225 -0.3691807260344665 0 0 0 0 1
1685094364.133705378 -0.054635862966219265 -0.39365169224033486 0 0 0 0 1
1685094364.167038679 -0.05802674024665719 -0.42051701393043106 0 0 0 0 1
1685094364.200371981 -0.06406454384851308 -0.44519845068489644 0 0 0 0 1
1685094364.233705521 -0.07021713915920492 -0.4702444263179228 0 0 0 0 1
1685094364.267038822 -0.07621070400097982 -0.49571440419747576 0 0 0 0 1
1685094364.300372124 -0.08243736028387406 -0.5216378748978698 0 0 0 0 1
1685094364.333705425 -0.08571494438000223 -0.5456276637053484 0 0 0 0 1
1685094364.367038727 -0.09243817835443448 -0.572604247174905 0 0 0 0 1
1685094364.400372028 -0.09911759116430974 -0.5995917141786864 0 0 0 0 1
1685094364.433705330 -0.10575316519162263 -0.6265899935329892 0 0 0 0 1
1685094364.467038631 -0.11234488293399927 -0.6535990140255903 0 0 0 0 1
1685094364.500372171 -0.11889272700474389 -0.6806187044159357 0 0 0 0 1
1685094364.533705473 -0.12539668013288433 -0.7076489934353276 0 0 0 0 1
1685094364.567038774 -0.13214699686710618 -0.7350458586265268 0 0 0 0 1
1685094364.600372076 -0.13891872594214916 -0.762437439151412 0 0 0 0 1
1685094364.633705378 -0.1457474662642114 -0.7902883671601107 0 0 0 0 1
1685094364.667038679 -0.16024633510554345 -0.814278879567703 0 0 0 0 1
1685094364.700371981 -0.1770839027359514 -0.7914418054334611 0 0 0 0 1
1685094364.733705521 -0.1831526881857353 -0.7620867624219608 0 0 0 0 1
1685094364.767038822 -0.18158238469589474 -0.7321521193809567 0 0 0 0 1
1685094364.800372124 -0.18479909773542233 -0.7031379354584213 0 0 0 0 1
1685094364.833705425 -0.1881005659585692 -0.6741577750770233 0 0 0 0 1
1685094364.867038727 -0.19132333710006574 -0.6451687575992002 0 0 0 0 1
1685094364.900372028 -0.19459126410209554 -0.6157251784399419 0 0 0 0 1
1685094364.933705330 -0.18489220808035903 -0.6238884312743972 0 0 0 0 1
1685094364.967038631 -0.17622719542658724 -0.6146348946390344 0 0 0 0 1
1685094365.000372171 -0.1850092877239781 -0.6054923982932799 0 0 0 0 1
1685094365.033705473 -0.15584015998839854 -0.6063204344861501 0 0 0 0 1
1685094365.067038774 -0.12657294614654527 -0.6068821260383112 0 0 0 0 1
1685094365.100372076 -0.0973498046345759 -0.6072763776280224 0 0 0 0 1
1685094365.133705378 -0.06812411074967889 -0.6071973137875379 0 0 0 0 1
1685094365.167038679 -0.05022833492362544 -0.6050122771347339 0 0 0 0 1
1685094365.200371981 -0.027860009498521583 -0.5860480499302361 0 0 0 0 1
1685094365.233705521 -0.0055204447108485166 -0.5668718636187133 0 0 0 0 1
1685094365.267038822 0.01678039536645088 -0.5476506563672532 0 0 0 0 1
1685094365.300372124 0.03904242000280661 -0.5283845063769942 0 0 0 0 1
1685094365.333705425 0.06126553862556876 -0.5090734920319239 0 0 0 0 1
1685094365.367038727 0.08344966082037557 -0.48971769189855946 0 0 0 0 1
1685094365.400372028 0.10613080431570251 -0.4704604854170354 0 0 0 0 1
1685094365.433705330 0.1287113771256838 -0.4510854498480153 0 0 0 0 1
1685094365.467038631 0.15115008987325754 -0.43176873496750784 0 0 0 0 1
1685094365.500372171 0.17376850022172804 -0.4121646338077634 0 0 0 0 1
1685094365.533705473 0.19634034594764366 -0.39239545852138075 0 0 0 0 1
1685094365.567038774 0.21902182757741187 -0.37275216699331065 0 0 0 0 1
1685094365.600372076 0.24162164113217516 -0.3535801705323342 0 0 0 0 1
1685094365.633705378 0.264250566749064 -0.3344425440746184 0 0 0 0 1
1685094365.667038679 0.28690855215791494 -0.3153393318258353 0 0 0 0 1
1685094365.700371981 0.3093535716099349 -0.29670266575257687 0 0 0 0 1
1685094365.733705521 0.33154168988562055 -0.27803520155707234 0 0 0 0 1
1685094365.767038822 0.3534304569816017 -0.2595109418067678 0 0 0 0 1
1685094365.800372124 0.3755572927902405 -0.24080645981072904 0 0 0 0 1
1685094365.833705425 0.3974004529928454 -0.2223114468148706 0 0 0 0 1
1685094365.867038727 0.4190649914869807 -0.20381870210249223 0 0 0 0 1
1685094365.900372028 0.4407196792521734 -0.18498902503561232 0 0 0 0 1
1685094365.933705330 0.4508481616234201 -0.16635025334371992 0 0 0 0 1
1685094365.967038631 0.4606767893764394 -0.14010066421263617 0 0 0 0 1
1685094366.000372171 0.470319487274597 -0.1137822062353344 0 0 0 0 1
1685094366.033705473 0.4798880857245027 -0.08766869630435656 0 0 0 0 1
1685094366.067038774 0.4896268804014156 -0.06206548754557827 0 0 0 0 1
1685094366.100372076 0.4929854577919306 -0.04700611509300761 0 0 0 0 1
1685094366.133705378 0.48958672521580965 -0.020761801353455307 0 0 0 0 1
1685094366.167038679 0.4861223662927369 0.00505368074124312 0 0 0 0 1
1685094366.200371981 0.4825869768573757 0.030436197318832986 0 0 0 0 1
1685094366.233705521 0.47855476106521966 0.05511569643060189 0 0 0 0 1
1685094366.267038822 0.4744735611928096 0.0794028800975767 0 0 0 0 1
1685094366.300372124 0.47015275595658096 0.10364858332479839 0 0 0 0 1
1685094366.333705425 0.46559276660168786 0.1278504423433777 0 0 0 0 1
