1685094123.587112904 1.1395254467393413e-18 -1.7055110201053696e-17 0 0 0 0 1
1685094123.620446205 0.0003859666064544932 -0.017154734117666274 0 0 0 0 1
1685094123.653779507 0.000634924913315099 -0.034832049054271536 0 0 0 0 1
1685094123.687112808 0.0016161516883155453 -0.05203537985444163 0 0 0 0 1
1685094123.720446110 0.002683233043396565 -0.0698993138792661 0 0 0 0 1
1685094123.753779650 0.0040814759747953054 -0.08779684186459877 0 0 0 0 1
1685094123.787112951 0.0054993343430959594 -0.10602426962618253 0 0 0 0 1
1685094123.820446253 0.006606078832426566 -0.12403485139996448 0 0 0 0 1
1685094123.853779554 0.007961941467242769 -0.1433068154992963 0 0 0 0 1
1685094123.887112856 0.009437661664509885 -0.16317101523244265 0 0 0 0 1
1685094123.920446157 0.010964396534126022 -0.18381513486240014 0 0 0 0 1
1685094123.953779459 0.012809103733754879 -0.20519909838839995 0 0 0 0 1
1685094123.987112761 0.014617588642692273 -0.2269301301405708 0 0 0 0 1
1685094124.020446301 0.016243485220135863 -0.2489533287574797 0 0 0 0 1
1685094124.053779602 0.017689220046580436 -0.27120546024721487 0 0 0 0 1
1685094124.087112904 0.018788466434364125 -0.2934704269034725 0 0 0 0 1
1685094124.120446205 0.01953682791204781 -0.3155354556021206 0 0 0 0 1
1685094124.153779507 0.020296586259627672 -0.3375117279090619 0 0 0 0 1
1685094124.187112808 0.021618388481340456 -0.3554992604056256 0 0 0 0 1
1685094124.220446110 0.023929027040637502 -0.3770537575115101 0 0 0 0 1
1685094124.253779650 0.026041770748640843 -0.39879378539902655 0 0 0 0 1
1685094124.287112951 0.02793292570705943 -0.4179337993230977 0 0 0 0 1
1685094124.320446253 0.030689814216673 -0.4394132928587527 0 0 0 0 1
1685094124.353779554 0.03360862854057583 -0.46036756684855723 0 0 0 0 1
1685094124.387112856 0.03705882302428864 -0.48216899176657485 0 0 0 0 1
1685094124.420446157 0.040831569796255615 -0.5051420225296622 0 0 0 0 1
1685094124.453779459 0.04528406663739366 -0.5263387546172014 0 0 0 0 1
1685094124.487112761 0.05167226494300583 -0.5488072564204366 0 0 0 0 1
1685094124.520446301 0.058590570636943874 -0.5687675892044485 0 0 0 0 1
1685094124.553779602 0.0650131013169901 -0.5905709392659434 0 0 0 0 1
1685094124.587112904 0.07225468766057563 -0.6137151596491595 0 0 0 0 1
1685094124.620446205 0.07958419050524704 -0.6365569067186935 0 0 0 0 1
1685094124.653779507 0.08672639674102142 -0.655855631217357 0 0 0 0 1
1685094124.687112808 0.09630652384338667 -0.6783361116745539 0 0 0 0 1
1685094124.720446110 0.10574070828631174 -0.7009572947120728 0 0 0 0 1
1685094124.753779650 0.11525719481350034 -0.723466474464506 0 0 0 0 1
1685094124.787112951 0.12457802000053936 -0.7460399115266722 0 0 0 0 1
1685094124.820446253 0.1340022355353548 -0.7691095248989075 0 0 0 0 1
1685094124.853779554 0.14338380385980132 -0.7923220828669326 0 0 0 0 1
1685094124.887112856 0.15150494850962984 -0.8159656947290495 0 0 0 0 1
1685094124.920446157 0.1594765383769971 -0.8397528710805223 0 0 0 0 1
1685094124.953779459 0.16740468144253876 -0.8635881735283231 0 0 0 0 1
1685094124.987112761 0.1752741763320181 -0.8874384282850228 0 0 0 0 1
1685094125.020446301 0.1831342856267696 -0.9116035007537766 0 0 0 0 1
1685094125.053779602 0.190816348207081 -0.9358502903901771 0 0 0 0 1
1685094125.087112904 0.1982392187147249 -0.9600716613396667 0 0 0 0 1
1685094125.120446205 0.20516583076767764 -0.9834554952602594 0 0 0 0 1
1685094125.153779507 0.21244449704739352 -1.007767075301853 0 0 0 0 1
1685094125.187112808 0.2194218735098412 -1.0294271782444975 0 0 0 0 1
1685094125.220446110 0.2295329828913277 -1.0524365674830674 0 0 0 0 1
1685094125.253779650 0.23973277444035 -1.0754394715636106 0 0 0 0 1
1685094125.287112951 0.25012781343456164 -1.0986790082674922 0 0 0 0 1
1685094125.320446253 0.26057227105764413 -1.1220465702170404 0 0 0 0 1
1685094125.353779554 0.2711187691292663 -1.145300917096992 0 0 0 0 1
1685094125.387112856 0.28195015235960647 -1.16878042578436 0 0 0 0 1
1685094125.420446157 0.2928469742224188 -1.1926033217592187 0 0 0 0 1
1685094125.453779459 0.30383369078191325 -1.2166307424182352 0 0 0 0 1
1685094125.487112761 0.31497097764986776 -1.2405988479886685 0 0 0 0 1
1685094125.520446301 0.32552703379788805 -1.264239961678281 0 0 0 0 1
1685094125.553779602 0.3359262107624752 -1.2875718310381616 0 0 0 0 1
1685094125.587112904 0.34663640984252075 -1.3109191664053768 0 0 0 0 1
1685094125.620446205 0.3571729155049228 -1.3344088311220506 0 0 0 0 1
1685094125.653779507 0.3677285464511081 -1.3577285394657692 0 0 0 0 1
1685094125.687112808 0.3780547188389388 -1.380784284680229 0 0 0 0 1
1685094125.720446110 0.3888512737105703 -1.403730913856181 0 0 0 0 1
1685094125.753779650 0.3999571330493281 -1.4269533069124625 0 0 0 0 1
1685094125.787112951 0.4104240086974633 -1.4480725681552795 0 0 0 0 1
1685094125.820446253 0.42260020680048965 -1.470781396873013 0 0 0 0 1
1685094125.853779554 0.4349361882962267 -1.4932846131302262 0 0 0 0 1
1685094125.887112856 0.4471502640201685 -1.5158920793492334 0 0 0 0 1
1685094125.920446157 0.4593705796973413 -1.538519167874453 0 0 0 0 1
1685094125.953779459 0.4713821173523235 -1.5607590446649835 0 0 0 0 1
1685094125.987112761 0.4831345355688995 -1.5829364524868652 0 0 0 0 1
1685094126.020446301 0.49516890146454356 -1.6050137427274918 0 0 0 0 1
1685094126.053779602 0.5072705599817423 -1.6269657778574818 0 0 0 0 1
1685094126.087112904 0.5192894949431577 -1.6488264072341514 0 0 0 0 1
1685094126.120446205 0.5311889381936733 -1.6706638057895606 0 0 0 0 1
1685094126.153779507 0.543470293299856 -1.6929400552296883 0 0 0 0 1
1685094126.187112808 0.5560323293895579 -1.7157937598515198 0 0 0 0 1
1685094126.220446110 0.5689175123431963 -1.7376169302369342 0 0 0 0 1
1685094126.253779650 0.5823813808534186 -1.7600353525193828 0 0 0 0 1
1685094126.287112951 0.5954931786834898 -1.7823020258325137 0 0 0 0 1
1685094126.320446253 0.6084528767183525 -1.8044739873797344 0 0 0 0 1
1685094126.353779554 0.6212889198052244 -1.8268001779287941 0 0 0 0 1
1685094126.387112856 0.6342390643626181 -1.8490959811013854 0 0 0 0 1
1685094126.420446157 0.6468581504627634 -1.871233611825134 0 0 0 0 1
1685094126.453779459 0.659009294433436 -1.8924304472990723 0 0 0 0 1
1685094126.487112761 0.6732024784683158 -1.914212725491956 0 0 0 0 1
1685094126.520446301 0.6872815974347815 -1.936151385706307 0 0 0 0 1
1685094126.553779602 0.7013953643323455 -1.957891906577459 0 0 0 0 1
1685094126.587112904 0.7134555353019237 -1.9782190563393582 0 0 0 0 1
1685094126.620446205 0.7276512342357924 -1.9992380611808591 0 0 0 0 1
1685094126.653779507 0.7425972211332574 -2.0208336548643557 0 0 0 0 1
1685094126.687112808 0.7564986535343984 -2.040747378191829 0 0 0 0 1
1685094126.720446110 0.7726137176590978 -2.0606798794443586 0 0 0 0 1
1685094126.753779650 0.7909114517661103 -2.0807577669028263 0 0 0 0 1
1685094126.787112951 0.8096875357667167 -2.1008559019819284 0 0 0 0 1
1685094126.820446253 0.8285853951683312 -2.1208353819903363 0 0 0 0 1
1685094126.853779554 0.847409234390222 -2.140454298417258 0 0 0 0 1
1685094126.887112856 0.8663409246724323 -2.1598417705637347 0 0 0 0 1
1685094126.920446157 0.8949269588614592 -2.188745026835092 0 0 0 0 1
1685094126.953779459 0.9109616708995785 -2.2070448230314454 0 0 0 0 1
1685094126.987112761 0.9269435615249542 -2.2283272014348765 0 0 0 0 1
1685094127.020446301 0.9428547493171479 -2.249860737782356 0 0 0 0 1
1685094127.053779602 0.9588770112218828 -2.271410234814482 0 0 0 0 1
1685094127.087112904 0.9743931625784621 -2.2926521285365755 0 0 0 0 1
1685094127.120446205 0.9897285823604604 -2.3138891408240854 0 0 0 0 1
1685094127.153779507 1.0042144519769383 -2.334926050755175 0 0 0 0 1
1685094127.187112808 1.0187352331030775 -2.356273567710844 0 0 0 0 1
1685094127.220446110 1.033252727278203 -2.377452115485763 0 0 0 0 1
1685094127.253779650 1.0476808633068515 -2.398357430821869 0 0 0 0 1
1685094127.287112951 1.0618029448243826 -2.418979043328341 0 0 0 0 1
1685094127.320446253 1.0761972753885056 -2.439438065790129 0 0 0 0 1
1685094127.353779554 1.090841012483889 -2.459315262485804 0 0 0 0 1
1685094127.387112856 1.1047466779084312 -2.4800326398679124 0 0 0 0 1
1685094127.420446157 1.1185937931337664 -2.500637485855566 0 0 0 0 1
1685094127.453779459 1.1326427406512123 -2.5212480100990664 0 0 0 0 1
1685094127.487112761 1.146780099552734 -2.5420871400670335 0 0 0 0 1
1685094127.520446301 1.160802547593924 -2.5629766092949757 0 0 0 0 1
1685094127.553779602 1.1743857953861616 -2.583692590761489 0 0 0 0 1
