1685093678.925360680 -3.108910401953094e-18 -5.1963397836557524e-17 0 0 0 0 1
1685093678.958693981 -2.2156161319283912e-05 -0.010558118249418913 0 0 0 0 1
1685093678.992027283 -3.6574458860232735e-05 -0.02175069762111067 0 0 0 0 1
1685093679.025360584 3.635495620576061e-05 -0.03359191597391755 0 0 0 0 1
1685093679.058693886 0.00013242301939578552 -0.04939945735934515 0 0 0 0 1
1685093679.092027187 0.000162939172111004 -0.06294264021149165 0 0 0 0 1
1685093679.125360489 0.00016159678364103004 -0.07688990434882478 0 0 0 0 1
1685093679.158693790 -0.0014126469918092804 -0.08738829343785932 0 0 0 0 1
1685093679.192027330 -0.0030429883446369296 -0.10183373556462097 0 0 0 0 1
1685093679.225360632 -0.00474138837156036 -0.11646413297266416 0 0 0 0 1
1685093679.258693933 -0.00662347464127362 -0.13139983600366806 0 0 0 0 1
1685093679.292027235 -0.008913905939055795 -0.15055899113647436 0 0 0 0 1
1685093679.325360537 -0.010869613934620314 -0.16652078305339457 0 0 0 0 1
1685093679.358693838 -0.012880628577025688 -0.1832072627674389 0 0 0 0 1
1685093679.392027140 -0.014943570999880734 -0.20070252428360796 0 0 0 0 1
1685093679.425360680 -0.016984448191030236 -0.21879043781243843 0 0 0 0 1
1685093679.458693981 -0.01903123805296487 -0.23757417352620241 0 0 0 0 1
1685093679.492027283 -0.02082272476585987 -0.25708096267766706 0 0 0 0 1
1685093679.525360584 -0.022493080657378844 -0.2769922680152413 0 0 0 0 1
1685093679.558693886 -0.024112486750808876 -0.2971615090656514 0 0 0 0 1
1685093679.592027187 -0.025777371796623632 -0.31765848445919026 0 0 0 0 1
1685093679.625360489 -0.027288680819288553 -0.33830948957039697 0 0 0 0 1
1685093679.658693790 -0.028693762827909242 -0.3589307824428578 0 0 0 0 1
1685093679.692027330 -0.029956569094927808 -0.37972999138712893 0 0 0 0 1
1685093679.725360632 -0.030765992606640636 -0.4019475599991615 0 0 0 0 1
1685093679.758693933 -0.031652168154547945 -0.4235095628650394 0 0 0 0 1
1685093679.792027235 -0.032582319446758455 -0.4453536757001198 0 0 0 0 1
1685093679.825360537 -0.03341992295572007 -0.46736091378561495 0 0 0 0 1
1685093679.858693838 -0.03328901568525913 -0.4878846061904429 0 0 0 0 1
1685093679.892027140 -0.03239564050845642 -0.5103624176106087 0 0 0 0 1
1685093679.925360680 -0.034593772306141496 -0.5278236078207875 0 0 0 0 1
1685093679.958693981 -0.037667537692447524 -0.550439672032188 0 0 0 0 1
1685093679.992027283 -0.04099802981150976 -0.5728788217525125 0 0 0 0 1
1685093680.025360584 -0.0444286882744541 -0.5956656340988209 0 0 0 0 1
1685093680.058693886 -0.049172470421378026 -0.6193745695211488 0 0 0 0 1
1685093680.092027187 -0.05330677047409455 -0.6425710780582291 0 0 0 0 1
1685093680.125360489 -0.05743958132021011 -0.6657905770529441 0 0 0 0 1
1685093680.158693790 -0.06177982906820013 -0.6888428860170852 0 0 0 0 1
1685093680.192027330 -0.06635845628523468 -0.7121075761232781 0 0 0 0 1
1685093680.225360632 -0.07100733685810136 -0.735483251276385 0 0 0 0 1
1685093680.258693933 -0.07560780180417137 -0.7590327648866513 0 0 0 0 1
1685093680.292027235 -0.08006544973842927 -0.7823931662760545 0 0 0 0 1
1685093680.325360537 -0.08432029210765464 -0.8058530921264854 0 0 0 0 1
1685093680.358693838 -0.08851428812227623 -0.8296947581182333 0 0 0 0 1
1685093680.392027140 -0.09277068729690813 -0.8540181138218321 0 0 0 0 1
1685093680.425360680 -0.09687965645928678 -0.8788387533452141 0 0 0 0 1
1685093680.458693981 -0.10098318082464919 -0.9036120825418003 0 0 0 0 1
1685093680.492027283 -0.10478714042892932 -0.9285130378662968 0 0 0 0 1
1685093680.525360584 -0.10964888839517994 -0.9523046771204813 0 0 0 0 1
1685093680.558693886 -0.11488039023209316 -0.9768780189896972 0 0 0 0 1
1685093680.592027187 -0.1199768163019989 -1.001466525358829 0 0 0 0 1
1685093680.625360489 -0.12493049663149793 -1.025766425415085 0 0 0 0 1
1685093680.658693790 -0.13002583076958707 -1.0498898004627575 0 0 0 0 1
1685093680.692027330 -0.13511278009385674 -1.0739350662183353 0 0 0 0 1
1685093680.725360632 -0.1411952993079472 -1.1038726717772678 0 0 0 0 1
1685093680.758693933 -0.1460474848459086 -1.1275902981597898 0 0 0 0 1
1685093680.792027235 -0.15107088450551281 -1.1510662321215217 0 0 0 0 1
1685093680.825360537 -0.1562570010254964 -1.1743515709144745 0 0 0 0 1
1685093680.858693838 -0.16142878686313433 -1.197790807705193 0 0 0 0 1
1685093680.892027140 -0.16705689255376227 -1.2212204057848788 0 0 0 0 1
1685093680.925360680 -0.1727576484358751 -1.2440513419195554 0 0 0 0 1
1685093680.958693981 -0.17825968027960942 -1.2670943044466736 0 0 0 0 1
1685093680.992027283 -0.18353648334891334 -1.2901193783608864 0 0 0 0 1
1685093681.025360584 -0.1885503357910235 -1.3127917364853756 0 0 0 0 1
1685093681.058693886 -0.19329472632398326 -1.3352235223738718 0 0 0 0 1
1685093681.092027187 -0.19787276313194876 -1.3569613323699257 0 0 0 0 1
1685093681.125360489 -0.20246026100730347 -1.3780446306376342 0 0 0 0 1
1685093681.158693790 -0.20795436883800136 -1.4023644007907026 0 0 0 0 1
1685093681.192027330 -0.2133610931404015 -1.4221482605935603 0 0 0 0 1
