1685094396.414145708 3.910573185381464e-20 7.454745213982419e-18 0 0 0 0 1
1685094396.447479010 -3.2913641460125544e-05 -0.016792472714584127 0 0 0 0 1
1685094396.480812311 -9.551733780044765e-05 -0.0341955231521332 0 0 0 0 1
1685094396.514145613 -1.7170384689386625e-05 -0.05228235565896318 0 0 0 0 1
1685094396.547478914 -0.0001250547987780256 -0.07101250745169105 0 0 0 0 1
1685094396.580812216 -0.00032753242185642475 -0.09005618360106103 0 0 0 0 1
1685094396.614145517 -0.0007612978064993344 -0.1091845336271527 0 0 0 0 1
1685094396.647478819 -0.0011585810275102741 -0.12866988006645133 0 0 0 0 1
1685094396.680812359 -0.0012680136062584836 -0.14775540224646 0 0 0 0 1
1685094396.714145660 -0.0012870541230503836 -0.1676613079934044 0 0 0 0 1
1685094396.747478962 -0.0013242164593893339 -0.1887842720691762 0 0 0 0 1
1685094396.780812263 -0.0013327038519405975 -0.20990726713024047 0 0 0 0 1
1685094396.814145565 -0.0007893063972643356 -0.2324648949308538 0 0 0 0 1
1685094396.847478867 -0.0006468201161544428 -0.25577072941156154 0 0 0 0 1
1685094396.880812168 -0.00035070722242775147 -0.27966747345239257 0 0 0 0 1
1685094396.914145708 -6.294591487553182e-05 -0.3034457086154141 0 0 0 0 1
1685094396.947479010 -0.0056965280434837515 -0.3289110787333014 0 0 0 0 1
1685094396.980812311 -0.009907356628870717 -0.3527130916458477 0 0 0 0 1
1685094397.014145613 -0.014206685217612333 -0.37731396599122397 0 0 0 0 1
1685094397.047478914 -0.018521517976209687 -0.40222103943574167 0 0 0 0 1
1685094397.080812216 -0.022660368909370742 -0.42682085397917624 0 0 0 0 1
1685094397.114145517 -0.027007129433416023 -0.4513847835419498 0 0 0 0 1
1685094397.147478819 -0.03156148860799244 -0.47591107097252616 0 0 0 0 1
1685094397.180812359 -0.025052900918287838 -0.4764813472824593 0 0 0 0 1
1685094397.214145660 -0.02824479665266042 -0.4765252168730026 0 0 0 0 1
1685094397.247478962 -0.012712973468542912 -0.4475672710955016 0 0 0 0 1
1685094397.280812263 -0.004373377555655109 -0.4226265113952151 0 0 0 0 1
1685094397.314145565 0.003647612161695576 -0.3969701681046986 0 0 0 0 1
1685094397.347478867 0.009387360530104277 -0.37092512062228394 0 0 0 0 1
1685094397.380812168 0.013066874559123963 -0.34451015542821023 0 0 0 0 1
1685094397.414145708 0.017199541686423923 -0.3161822361441442 0 0 0 0 1
1685094397.447479010 0.02129129265592535 -0.2878483779078714 0 0 0 0 1
1685094397.480812311 0.0253174963769368 -0.2599739370849254 0 0 0 0 1
1685094397.514145613 0.02961231908659343 -0.23244152681648766 0 0 0 0 1
1685094397.547478914 0.03388147538338565 -0.20490512505789707 0 0 0 0 1
1685094397.580812216 0.03812496155776639 -0.17736475573603083 0 0 0 0 1
1685094397.614145517 0.042697570613047846 -0.14949364827062156 0 0 0 0 1
1685094397.647478819 0.04745351975404863 -0.12148487085478053 0 0 0 0 1
1685094397.680812359 0.05234333142329351 -0.09335693991033805 0 0 0 0 1
1685094397.714145660 0.05751341073616549 -0.06424402075176029 0 0 0 0 1
1685094397.747478962 0.06261749290148165 -0.03450944963786795 0 0 0 0 1
1685094397.780812263 0.06770626252593313 -0.00477225411127747 0 0 0 0 1
1685094397.814145565 0.07277971826010475 0.024967557942446327 0 0 0 0 1
1685094397.847478867 0.0776418285979627 0.054617379606826444 0 0 0 0 1
1685094397.880812168 0.08767946600956603 0.050593622186836405 0 0 0 0 1
1685094397.914145708 0.08320832618860993 0.06044012904374781 0 0 0 0 1
1685094397.947479010 0.11262417344554519 0.05385856427319596 0 0 0 0 1
1685094397.980812311 0.07800781599316486 0.05906399129268392 0 0 0 0 1
1685094398.014145613 0.061152325330145016 0.057732051604359964 0 0 0 0 1
1685094398.047478914 0.044316155698441585 0.05617480372525186 0 0 0 0 1
1685094398.080812216 0.02750231866829369 0.05439252620811064 0 0 0 0 1
1685094398.114145517 -0.0006569071044549783 0.04616702003681982 0 0 0 0 1
1685094398.147478819 -0.020629702474505185 0.06551857269057686 0 0 0 0 1
1685094398.180812359 0.0069858953160505674 0.06223621017627671 0 0 0 0 1
1685094398.214145660 -0.0030281132970414143 0.05141901829652611 0 0 0 0 1
1685094398.247478962 0.008794231244517172 0.042614236742898416 0 0 0 0 1
1685094398.280812263 0.01628959628383527 0.055307207695114075 0 0 0 0 1
1685094398.314145565 0.0028704320147677925 0.061407866592823816 0 0 0 0 1
1685094398.347478867 -0.0017661014507542672 0.04741520544172335 0 0 0 0 1
1685094398.380812168 0.012640834336599988 0.0442955564413591 0 0 0 0 1
1685094398.414145708 0.014208100440556136 0.05895283059536921 0 0 0 0 1
1685094398.447479010 -0.008370049887833856 0.036867743650785205 0 0 0 0 1
1685094398.480812311 -0.031033639039854538 0.014870342341775498 0 0 0 0 1
1685094398.514145613 -0.05378232647767308 -0.007039042803811046 0 0 0 0 1
1685094398.547478914 -0.07754641438666357 -0.02879821716663649 0 0 0 0 1
1685094398.580812216 -0.10158360034116481 -0.05025531935884306 0 0 0 0 1
1685094398.614145517 -0.12538927813799153 -0.07168256050614108 0 0 0 0 1
1685094398.647478819 -0.14914320009219176 -0.09316716314022655 0 0 0 0 1
1685094398.680812359 -0.17284522798751675 -0.11470900224927254 0 0 0 0 1
1685094398.714145660 -0.19649522390967228 -0.13630795248841182 0 0 0 0 1
1685094398.747478962 -0.2200349676153261 -0.1576821730141008 0 0 0 0 1
1685094398.780812263 -0.2436593022143879 -0.17896286030469885 0 0 0 0 1
1685094398.814145565 -0.2678063863166638 -0.201162102687601 0 0 0 0 1
1685094398.847478867 -0.29149317484128134 -0.22278183855761471 0 0 0 0 1
1685094398.880812168 -0.31520840603352407 -0.24437037114316998 0 0 0 0 1
1685094398.914145708 -0.338952038788445 -0.265927663025467 0 0 0 0 1
1685094398.947479010 -0.36232105539967485 -0.2868558197207623 0 0 0 0 1
1685094398.980812311 -0.3853843637441801 -0.30765266984140155 0 0 0 0 1
1685094399.014145613 -0.4092157137252888 -0.32834921411180834 0 0 0 0 1
1685094399.047478914 -0.41443459497043217 -0.3163935595457144 0 0 0 0 1
1685094399.080812216 -0.4280410772183472 -0.33210224471659405 0 0 0 0 1
1685094399.114145517 -0.44128980077603497 -0.31609067161921817 0 0 0 0 1
1685094399.147478819 -0.42331192201386214 -0.30566498103426126 0 0 0 0 1
1685094399.180812359 -0.39774231319741293 -0.28749688991183725 0 0 0 0 1
1685094399.214145660 -0.37184424830111135 -0.26892257356841587 0 0 0 0 1
1685094399.247478962 -0.34716760675990843 -0.2499012515812798 0 0 0 0 1
1685094399.280812263 -0.3223986515977172 -0.23100029424931667 0 0 0 0 1
1685094399.314145565 -0.29753796990876785 -0.2122201495786261 0 0 0 0 1
1685094399.347478867 -0.27258615096146843 -0.19356126271170615 0 0 0 0 1
1685094399.380812168 -0.25036279008419876 -0.1779269030671189 0 0 0 0 1
1685094399.414145708 -0.22774973422696718 -0.16286168899710374 0 0 0 0 1
1685094399.447479010 -0.20476155589452805 -0.14837532895968808 0 0 0 0 1
1685094399.480812311 -0.1814130693313673 -0.13447715838268193 0 0 0 0 1
1685094399.514145613 -0.1577193209749765 -0.12117613364765921 0 0 0 0 1
1685094399.547478914 -0.12962561991064203 -0.10569302467550465 0 0 0 0 1
1685094399.580812216 -0.10845692497832009 -0.09408604139632813 0 0 0 0 1
1685094399.614145517 -0.1346193233191377 -0.10476002143081947 0 0 0 0 1
1685094399.647478819 -0.11103262724474865 -0.12031870726911364 0 0 0 0 1
1685094399.680812359 -0.11151803425541156 -0.0920668167703464 0 0 0 0 1
1685094399.714145660 -0.13455632662393213 -0.10842658515082484 0 0 0 0 1
1685094399.747478962 -0.16465009651732113 -0.10108537070322952 0 0 0 0 1
1685094399.780812263 -0.19480853354991298 -0.09401450854129892 0 0 0 0 1
1685094399.814145565 -0.2040063535357228 -0.07187871013948692 0 0 0 0 1
1685094399.847478867 -0.20287309510907142 -0.04793483433135072 0 0 0 0 1
1685094399.880812168 -0.2105052212358278 -0.07389298980301781 0 0 0 0 1
1685094399.914145708 -0.22473987957328043 -0.04474954204012799 0 0 0 0 1
1685094399.947479010 -0.23854408811813205 -0.016265580357273195 0 0 0 0 1
1685094399.980812311 -0.2524616925182223 0.01216314691748684 0 0 0 0 1
1685094400.014145613 -0.2664924717701761 0.04053618835267739 0 0 0 0 1
1685094400.047478914 -0.28063620307346815 0.06885309340108217 0 0 0 0 1
1685094400.080812216 -0.2831722429047581 0.08116951757540954 0 0 0 0 1
1685094400.114145517 -0.2707796134650249 0.08330224775930539 0 0 0 0 1
1685094400.147478819 -0.26760549098534003 0.056482861448814085 0 0 0 0 1
1685094400.180812359 -0.2665528419265714 0.029496819398404296 0 0 0 0 1
1685094400.214145660 -0.2676282019865443 0.0025116728112755506 0 0 0 0 1
1685094400.247478962 -0.2753684266735495 0.030850396198756663 0 0 0 0 1
1685094400.280812263 -0.27806976466114447 0.026238404325932878 0 0 0 0 1
1685094400.314145565 -0.27345154338578287 0.02354773002196866 0 0 0 0 1
1685094400.347478867 -0.2707715471306465 0.02817215604372217 0 0 0 0 1
1685094400.380812168 -0.26157733741585354 0.041336303080499515 0 0 0 0 1
1685094400.414145708 -0.2911809889246906 0.046167591119046635 0 0 0 0 1
1685094400.447479010 -0.3208028277166892 0.05088608593719843 0 0 0 0 1
1685094400.480812311 -0.35044242403867454 0.055491719079105724 0 0 0 0 1
1685094400.514145613 -0.38002326176072276 0.05985219418430746 0 0 0 0 1
1685094400.547478914 -0.4096216164322937 0.06409213571894341 0 0 0 0 1
1685094400.580812216 -0.4396056658747121 0.06836166143616502 0 0 0 0 1
1685094400.614145517 -0.4536803885573714 0.07726231891995387 0 0 0 0 1
1685094400.647478819 -0.48405268463784895 0.08127693854802912 0 0 0 0 1
1685094400.680812359 -0.514462948911395 0.0849930341834261 0 0 0 0 1
1685094400.714145660 -0.5438336051356506 0.0881854084197535 0 0 0 0 1
1685094400.747478962 -0.5729033964165391 0.09106713261966368 0 0 0 0 1
1685094400.780812263 -0.6020129807816822 0.09351441633173792 0 0 0 0 1
1685094400.814145565 -0.6311558659957595 0.09552671374461882 0 0 0 0 1
1685094400.847478867 -0.6603255523964481 0.09710357606081843 0 0 0 0 1
1685094400.880812168 -0.689094100759915 0.09825733458467008 0 0 0 0 1
1685094400.914145708 -0.7108550198925142 0.10837648777688164 0 0 0 0 1
1685094400.947479010 -0.7172211281989322 0.0800181453102564 0 0 0 0 1
1685094400.980812311 -0.7228088498378107 0.05153512690732067 0 0 0 0 1
1685094401.014145613 -0.7285914415229939 0.023052822657583093 0 0 0 0 1
1685094401.047478914 -0.7344287161838958 -0.005418324957245714 0 0 0 0 1
1685094401.080812216 -0.7399123614931677 -0.03457099522788592 0 0 0 0 1
1685094401.114145517 -0.7435052892789022 -0.06345389097283557 0 0 0 0 1
1685094401.147478819 -0.7462484542125277 -0.08663261666244162 0 0 0 0 1
1685094401.180812359 -0.7500470381892356 -0.11480135442271935 0 0 0 0 1
1685094401.214145660 -0.7540587083094694 -0.1429405358266235 0 0 0 0 1
1685094401.247478962 -0.7582832347730053 -0.17104854897935784 0 0 0 0 1
1685094401.280812263 -0.7627203755865836 -0.19912378377153508 0 0 0 0 1
1685094401.314145565 -0.767369876577772 -0.22716463197140838 0 0 0 0 1
1685094401.347478867 -0.7722489398966348 -0.256425222541734 0 0 0 0 1
1685094401.380812168 -0.7768005951982707 -0.28533824079471654 0 0 0 0 1
1685094401.414145708 -0.781339700312724 -0.31425323197995036 0 0 0 0 1
1685094401.447479010 -0.7858662543848215 -0.34317019064981374 0 0 0 0 1
1685094401.480812311 -0.7930376091343995 -0.3478999888362393 0 0 0 0 1
1685094401.514145613 -0.7638506914387725 -0.35579955954689513 0 0 0 0 1
1685094401.547478914 -0.7347536422989298 -0.36402398131000646 0 0 0 0 1
1685094401.580812216 -0.7052560344704674 -0.3728929627606787 0 0 0 0 1
1685094401.614145517 -0.6758107185120398 -0.38193403944891124 0 0 0 0 1
1685094401.647478819 -0.6464186984540478 -0.3911469030908377 0 0 0 0 1
1685094401.680812359 -0.6170809765096014 -0.4005312395449767 0 0 0 0 1
1685094401.714145660 -0.5870874626100097 -0.4117932627667017 0 0 0 0 1
1685094401.747478962 -0.5633862995501987 -0.42618404711077346 0 0 0 0 1
1685094401.780812263 -0.5951037976593149 -0.43920792084917015 0 0 0 0 1
1685094401.814145565 -0.6112962863839114 -0.4126380870100735 0 0 0 0 1
1685094401.847478867 -0.6265585498141769 -0.3855232188319212 0 0 0 0 1
1685094401.880812168 -0.6410295292124375 -0.35820133349158556 0 0 0 0 1
1685094401.914145708 -0.627347743223033 -0.35893668238737697 0 0 0 0 1
1685094401.947479010 -0.6484636692411564 -0.38191945343576017 0 0 0 0 1
1685094401.980812311 -0.6666481812774435 -0.38981165408201374 0 0 0 0 1
1685094402.014145613 -0.6845106831263114 -0.3984078356027696 0 0 0 0 1
1685094402.047478914 -0.7020239339912362 -0.407694888589633 0 0 0 0 1
1685094402.080812216 -0.7191612256928529 -0.4176586500366115 0 0 0 0 1
1685094402.114145517 -0.7358964233996489 -0.42828392493908113 0 0 0 0 1
1685094402.147478819 -0.7534129714626085 -0.4559547836376884 0 0 0 0 1
1685094402.180812359 -0.7709665452249931 -0.4836021691438949 0 0 0 0 1
1685094402.214145660 -0.7885571132314095 -0.5112260319145486 0 0 0 0 1
1685094402.247478962 -0.8061846439601726 -0.5388263224486496 0 0 0 0 1
1685094402.280812263 -0.8233062459654223 -0.5662704541578923 0 0 0 0 1
1685094402.314145565 -0.8403182901978309 -0.5941732239080001 0 0 0 0 1
1685094402.347478867 -0.8570136317856848 -0.6214719820091117 0 0 0 0 1
1685094402.380812168 -0.8734565511079737 -0.6489235216518865 0 0 0 0 1
1685094402.414145708 -0.8884817117724161 -0.6604927914599772 0 0 0 0 1
1685094402.447479010 -0.9073378472066242 -0.6625051565788123 0 0 0 0 1
1685094402.480812311 -0.9244661846336851 -0.6543673734734784 0 0 0 0 1
1685094402.514145613 -0.9348173046677682 -0.6384784537202444 0 0 0 0 1
1685094402.547478914 -0.947606147790536 -0.6079870114360977 0 0 0 0 1
1685094402.580812216 -0.9601500730943888 -0.5774961812850752 0 0 0 0 1
1685094402.614145517 -0.9538782075653394 -0.5916712136634702 0 0 0 0 1
1685094402.647478819 -0.9236781662394692 -0.581122274077186 0 0 0 0 1
1685094402.680812359 -0.8928194002975219 -0.5705072092645483 0 0 0 0 1
1685094402.714145660 -0.8826071955500975 -0.5586364135228304 0 0 0 0 1
1685094402.747478962 -0.8790713740316787 -0.5433818114783721 0 0 0 0 1
1685094402.780812263 -0.8492920176961123 -0.5029120830439672 0 0 0 0 1
1685094402.814145565 -0.8450687096563813 -0.4981051517763856 0 0 0 0 1
1685094402.847478867 -0.8400278764006576 -0.4941639693272086 0 0 0 0 1
1685094402.880812168 -0.8096601949897315 -0.49589055032541923 0 0 0 0 1
1685094402.914145708 -0.7801159670260746 -0.49731821697586537 0 0 0 0 1
1685094402.947479010 -0.7482674153285662 -0.496593077623104 0 0 0 0 1
1685094402.980812311 -0.7167546241674096 -0.4919240235922392 0 0 0 0 1
1685094403.014145613 -0.6915046305865534 -0.48474419291101595 0 0 0 0 1
