1685094317.682171345 -8.53166307852607e-20 -3.6255901578371685e-19 0 0 0 0 1
1685094317.715504646 0.00026430612696148984 -0.014623149147812547 0 0 0 0 1
1685094317.748837948 0.0009029741993662032 -0.032228750771101676 0 0 0 0 1
1685094317.782171488 0.0005392173012840778 -0.047444847004949844 0 0 0 0 1
1685094317.815504789 0.0001657565355072549 -0.06316222454800087 0 0 0 0 1
1685094317.848838091 -0.00010825273549763856 -0.0795869463406252 0 0 0 0 1
1685094317.882171392 -0.0001584718203148865 -0.09665183414241825 0 0 0 0 1
1685094317.915504694 -0.00047195246116602907 -0.1143684335765566 0 0 0 0 1
1685094317.948837996 -0.0004830896171323765 -0.13245735505663522 0 0 0 0 1
1685094317.982171297 -0.00044848745915117153 -0.15122787774801025 0 0 0 0 1
1685094318.015504837 -0.00042165268230521223 -0.1701909261681008 0 0 0 0 1
1685094318.048838139 -0.00021403914866925482 -0.18952736084719735 0 0 0 0 1
1685094318.082171440 6.0567935449712854e-05 -0.20948447668089348 0 0 0 0 1
1685094318.115504742 0.00027596652197856285 -0.23002906028126605 0 0 0 0 1
1685094318.148838043 0.00045485767077443705 -0.25113897286070996 0 0 0 0 1
1685094318.182171345 0.0007335540353346787 -0.27300818225589635 0 0 0 0 1
1685094318.215504646 0.000870324948776503 -0.29527530264111135 0 0 0 0 1
1685094318.248837948 0.0015906077421213292 -0.31722418819900267 0 0 0 0 1
1685094318.282171488 0.0023501924222857668 -0.34114510117496943 0 0 0 0 1
1685094318.315504789 0.004452197856222365 -0.3629987486929989 0 0 0 0 1
1685094318.348838091 0.007768180876412173 -0.386863947876324 0 0 0 0 1
1685094318.382171392 0.01080358912916739 -0.41056938542770655 0 0 0 0 1
1685094318.415504694 0.013801411070504182 -0.4343000727050551 0 0 0 0 1
1685094318.448837996 0.016758967761788205 -0.45819570283997113 0 0 0 0 1
1685094318.482171297 0.019954760782420217 -0.4818311670029058 0 0 0 0 1
1685094318.515504837 0.02287682374929916 -0.50588534353763 0 0 0 0 1
1685094318.548838139 0.025689213270050536 -0.5301314618645497 0 0 0 0 1
1685094318.582171440 0.028540660538796298 -0.5543676734291361 0 0 0 0 1
1685094318.615504742 0.031084475969287713 -0.578542151324489 0 0 0 0 1
1685094318.648838043 0.03754010159545405 -0.6067360660070296 0 0 0 0 1
1685094318.682171345 0.04486725979442677 -0.6303238870205723 0 0 0 0 1
1685094318.715504646 0.05217572630362949 -0.6535175411743895 0 0 0 0 1
1685094318.748837948 0.06172669453907267 -0.6841416285241366 0 0 0 0 1
1685094318.782171488 0.07004364986107522 -0.706600438575172 0 0 0 0 1
1685094318.815504789 0.0800723538338764 -0.7304627239990669 0 0 0 0 1
1685094318.848838091 0.09025052174265595 -0.7542656848367452 0 0 0 0 1
1685094318.882171392 0.1006549770585705 -0.7780417208084629 0 0 0 0 1
1685094318.915504694 0.11105244462277644 -0.801247000785326 0 0 0 0 1
1685094318.948837996 0.12137797164069535 -0.8244167435819633 0 0 0 0 1
1685094318.982171297 0.13180326013808935 -0.8473593398051443 0 0 0 0 1
1685094319.015504837 0.14231719028226383 -0.8701707920185661 0 0 0 0 1
1685094319.048838139 0.15277219352402746 -0.8928833221985784 0 0 0 0 1
1685094319.082171440 0.16288290033719532 -0.9155182888317714 0 0 0 0 1
1685094319.115504742 0.17324082468840715 -0.9386704423538007 0 0 0 0 1
1685094319.148838043 0.18354350915259596 -0.9618352074332457 0 0 0 0 1
1685094319.182171345 0.19413996405363865 -0.9851287741759015 0 0 0 0 1
1685094319.215504646 0.20468206642820755 -1.008555759046237 0 0 0 0 1
1685094319.248837948 0.21498096016697268 -1.0317161769800933 0 0 0 0 1
1685094319.282171488 0.2253386580571409 -1.0546723908631657 0 0 0 0 1
1685094319.315504789 0.2358775755955134 -1.077684718185798 0 0 0 0 1
1685094319.348838091 0.2464703622601539 -1.1009898936142037 0 0 0 0 1
1685094319.382171392 0.25712429132012055 -1.1244332180615175 0 0 0 0 1
1685094319.415504694 0.2680457214558108 -1.1477151535179775 0 0 0 0 1
1685094319.448837996 0.2791649694522847 -1.1707763741389 0 0 0 0 1
1685094319.482171297 0.2902733994132103 -1.1937295263504846 0 0 0 0 1
1685094319.515504837 0.30148465046245826 -1.2166967457941869 0 0 0 0 1
1685094319.548838139 0.3129291910686805 -1.239555283848606 0 0 0 0 1
1685094319.582171440 0.32367738878435315 -1.262066168791125 0 0 0 0 1
1685094319.615504742 0.3349024857116257 -1.2852611973943417 0 0 0 0 1
1685094319.648838043 0.349135191683038 -1.3144196172258402 0 0 0 0 1
1685094319.682171345 0.3601678518313475 -1.3376823990843232 0 0 0 0 1
1685094319.715504646 0.37084270293807475 -1.3607666630976214 0 0 0 0 1
1685094319.748837948 0.38157987975297236 -1.3838681435861815 0 0 0 0 1
1685094319.782171488 0.392245141823799 -1.4067200763916616 0 0 0 0 1
1685094319.815504789 0.402495031571537 -1.4291578504913534 0 0 0 0 1
1685094319.848838091 0.41252759919047244 -1.4511805662005628 0 0 0 0 1
1685094319.882171392 0.4229304418825665 -1.4714384188073129 0 0 0 0 1
1685094319.915504694 0.43437805710286187 -1.4923849670560838 0 0 0 0 1
1685094319.948837996 0.44584147040330346 -1.5134697197105924 0 0 0 0 1
1685094319.982171297 0.4574442317528333 -1.534672607511947 0 0 0 0 1
1685094320.015504837 0.4693750178549037 -1.5558375176291825 0 0 0 0 1
1685094320.048838139 0.48127024969616206 -1.57718504169351 0 0 0 0 1
1685094320.082171440 0.4937351396992924 -1.5984304146586492 0 0 0 0 1
1685094320.115504742 0.5059621981029915 -1.6196111790739736 0 0 0 0 1
1685094320.148838043 0.5180398108671395 -1.6407262597625982 0 0 0 0 1
1685094320.182171345 0.5300921270627488 -1.6619002732174397 0 0 0 0 1
1685094320.215504646 0.5421864352604685 -1.683162739778896 0 0 0 0 1
1685094320.248837948 0.5541661785980035 -1.704448625913883 0 0 0 0 1
1685094320.282171488 0.5661014944333452 -1.7253715741298123 0 0 0 0 1
1685094320.315504789 0.5778270732790658 -1.7459297670783427 0 0 0 0 1
1685094320.348838091 0.5895532132859662 -1.766632646326379 0 0 0 0 1
1685094320.382171392 0.6011642764137459 -1.786220538685503 0 0 0 0 1
1685094320.415504694 0.6133999316964592 -1.8065611403128552 0 0 0 0 1
1685094320.448837996 0.6254953636350153 -1.8271054824401953 0 0 0 0 1
1685094320.482171297 0.6375730420671237 -1.8476418614509424 0 0 0 0 1
1685094320.515504837 0.6498533948734895 -1.8680219295012084 0 0 0 0 1
1685094320.548838139 0.6624575924319756 -1.8885364988025148 0 0 0 0 1
1685094320.582171440 0.6751324078892362 -1.908906749929913 0 0 0 0 1
1685094320.615504742 0.6878267077732246 -1.9291143526850978 0 0 0 0 1
1685094320.648838043 0.69652756505558 -1.9473505237697186 0 0 0 0 1
1685094320.682171345 0.7066325201323154 -1.969196346925635 0 0 0 0 1
1685094320.715504646 0.7168236780355425 -1.991243903173677 0 0 0 0 1
1685094320.748837948 0.7268769911635874 -2.013340011236793 0 0 0 0 1
1685094320.782171488 0.736972439464775 -2.035433298504537 0 0 0 0 1
1685094320.815504789 0.7471393511806931 -2.057748534389393 0 0 0 0 1
1685094320.848838091 0.757573594971879 -2.079395586318192 0 0 0 0 1
1685094320.882171392 0.7686197829567482 -2.101743561819386 0 0 0 0 1
1685094320.915504694 0.779851219978783 -2.124227642401598 0 0 0 0 1
1685094320.948837996 0.7912029266822661 -2.147225218761639 0 0 0 0 1
1685094320.982171297 0.8026107687888657 -2.170778923799177 0 0 0 0 1
1685094321.015504837 0.8145218789881462 -2.194892141512104 0 0 0 0 1
1685094321.048838139 0.8265980481886125 -2.219232195477321 0 0 0 0 1
1685094321.082171440 0.837955559097098 -2.2420256674376575 0 0 0 0 1
1685094321.115504742 0.8492700037624904 -2.2668336863398912 0 0 0 0 1
1685094321.148838043 0.8608547410895483 -2.29162256404018 0 0 0 0 1
1685094321.182171345 0.8724198938170439 -2.316311559668477 0 0 0 0 1
1685094321.215504646 0.8829579230343955 -2.3398728848121055 0 0 0 0 1
1685094321.248837948 0.8942813679729248 -2.363982754167306 0 0 0 0 1
1685094321.282171488 0.9055907350160086 -2.388173657417009 0 0 0 0 1
1685094321.315504789 0.9166306332476715 -2.4124418488547708 0 0 0 0 1
1685094321.348838091 0.9276755485784081 -2.4366393117105156 0 0 0 0 1
1685094321.382171392 0.9390593786778676 -2.460902361489263 0 0 0 0 1
1685094321.415504694 0.9503581684836576 -2.4852121957152002 0 0 0 0 1
1685094321.448837996 0.9622782629776795 -2.5083639820125354 0 0 0 0 1
1685094321.482171297 0.9746378319407948 -2.5319795114588306 0 0 0 0 1
1685094321.515504837 0.9868571000436763 -2.555353602880465 0 0 0 0 1
1685094321.548838139 0.9993154848756307 -2.578452409960485 0 0 0 0 1
1685094321.582171440 1.0108794710741233 -2.601180925431619 0 0 0 0 1
1685094321.615504742 1.0230823279872576 -2.624206757470256 0 0 0 0 1
1685094321.648838043 1.0351320743819616 -2.6467787102487175 0 0 0 0 1
1685094321.682171345 1.0471894233874461 -2.6692495254135955 0 0 0 0 1
