1685094281.270438671 5.213536001762289e-19 7.655264556503112e-19 0 0 0 0 1
1685094281.303771973 0.0003668567374531487 -0.015253171949014523 0 0 0 0 1
1685094281.337105274 0.0007916081650518076 -0.031228029674081025 0 0 0 0 1
1685094281.370438814 0.0010731086504327909 -0.047720949859694356 0 0 0 0 1
1685094281.403772116 0.0012892848267343133 -0.06507462776625968 0 0 0 0 1
1685094281.437105417 0.0016162741099221773 -0.08299703437922636 0 0 0 0 1
1685094281.470438719 0.001740007767422144 -0.09966126604303939 0 0 0 0 1
1685094281.503772020 0.0037757716173236083 -0.11845443919433632 0 0 0 0 1
1685094281.537105322 0.00595529581564169 -0.13774528251983473 0 0 0 0 1
1685094281.570438623 0.008002028237029194 -0.15721882186154204 0 0 0 0 1
1685094281.603772163 0.010103265215780205 -0.17738816093134105 0 0 0 0 1
1685094281.637105465 0.012182778243531792 -0.19755975137237472 0 0 0 0 1
1685094281.670438766 0.013847042202971779 -0.21828657125994386 0 0 0 0 1
1685094281.703772068 0.015482038233844059 -0.23930297811405563 0 0 0 0 1
1685094281.737105370 0.016914555777578305 -0.26060086456584197 0 0 0 0 1
1685094281.770438671 0.018145038163996416 -0.28230081288066716 0 0 0 0 1
1685094281.803771973 0.019419258550418032 -0.3043666760418221 0 0 0 0 1
1685094281.837105274 0.020353366934555583 -0.3264859914929597 0 0 0 0 1
1685094281.870438814 0.02112248382813398 -0.34852171988729846 0 0 0 0 1
1685094281.903772116 0.0217275654710589 -0.37056256249529457 0 0 0 0 1
1685094281.937105417 0.022875917691623615 -0.3934035996051593 0 0 0 0 1
1685094281.970438719 0.023935132380819235 -0.4167991890406352 0 0 0 0 1
1685094282.003772020 0.025169521954710568 -0.4401861901987791 0 0 0 0 1
1685094282.037105322 0.037286827933124746 -0.40263209042541526 0 0 0 0 1
1685094282.070438623 0.025910380700527494 -0.4043450685385903 0 0 0 0 1
1685094282.103772163 0.0016547692023677776 -0.3994193789245897 0 0 0 0 1
1685094282.137105465 -0.02298938631388907 -0.3945141270654469 0 0 0 0 1
1685094282.170438766 -0.047391771592309284 -0.38999604626355805 0 0 0 0 1
1685094282.203772068 -0.07169188806278308 -0.38517601846467586 0 0 0 0 1
1685094282.237105370 -0.09636859423520253 -0.38029398346988175 0 0 0 0 1
1685094282.270438671 -0.11983313356202453 -0.37371739203865506 0 0 0 0 1
1685094282.303771973 -0.14514712388939277 -0.36701086074436473 0 0 0 0 1
1685094282.337105274 -0.17044835648551743 -0.36025635873369166 0 0 0 0 1
1685094282.370438814 -0.195736740444643 -0.35345391027514184 0 0 0 0 1
1685094282.403772116 -0.22115588214529422 -0.34628043422762944 0 0 0 0 1
1685094282.437105417 -0.24686608428408605 -0.3387063269824208 0 0 0 0 1
1685094282.470438719 -0.2725380303125324 -0.3310035494514261 0 0 0 0 1
1685094282.503772020 -0.29817107628667056 -0.32317229484777715 0 0 0 0 1
1685094282.537105322 -0.30164631036337936 -0.33876507270732453 0 0 0 0 1
1685094282.570438623 -0.2873251408633749 -0.3458443436738333 0 0 0 0 1
1685094282.603772163 -0.26709519639550466 -0.3654050849416309 0 0 0 0 1
1685094282.637105465 -0.24710073999315324 -0.38496578133187537 0 0 0 0 1
1685094282.670438766 -0.22719094539101356 -0.40444993534336904 0 0 0 0 1
1685094282.703772068 -0.23863651075865042 -0.4426241323700915 0 0 0 0 1
1685094282.737105370 -0.19969470896083616 -0.4341502691448777 0 0 0 0 1
1685094282.770438671 -0.22726980581517406 -0.44124515750799226 0 0 0 0 1
1685094282.803771973 -0.24590745114495569 -0.4594757863297167 0 0 0 0 1
1685094282.837105274 -0.2604230726931941 -0.4811325261984628 0 0 0 0 1
1685094282.870438814 -0.2702031452822687 -0.5053000215346918 0 0 0 0 1
1685094282.903772116 -0.28882580276366415 -0.5273718857737312 0 0 0 0 1
1685094282.937105417 -0.30741692836203766 -0.5494703158456042 0 0 0 0 1
1685094282.970438719 -0.3259764841804022 -0.5715952667038767 0 0 0 0 1
1685094283.003772020 -0.34435944086532533 -0.5939949588820629 0 0 0 0 1
1685094283.037105322 -0.36254614248771067 -0.6160863958154632 0 0 0 0 1
1685094283.070438623 -0.3806200692566585 -0.6382701933450744 0 0 0 0 1
1685094283.103772163 -0.3985807521293456 -0.6605457757713734 0 0 0 0 1
1685094283.137105465 -0.4164277250017809 -0.6829125650128947 0 0 0 0 1
1685094283.170438766 -0.43458168434845357 -0.7057184702543762 0 0 0 0 1
1685094283.203772068 -0.45276707194548893 -0.7284993225604176 0 0 0 0 1
1685094283.237105370 -0.47163556596534373 -0.7512763822243997 0 0 0 0 1
1685094283.270438671 -0.4903194598914956 -0.7736475467547947 0 0 0 0 1
1685094283.303771973 -0.5090022792163076 -0.7954637709408988 0 0 0 0 1
1685094283.337105274 -0.5277293698041043 -0.817242004427074 0 0 0 0 1
1685094283.370438814 -0.5465006544026394 -0.8389821573746206 0 0 0 0 1
1685094283.403772116 -0.5653160555773583 -0.860684140101927 0 0 0 0 1
1685094283.437105417 -0.5838390005534464 -0.8813972415545133 0 0 0 0 1
1685094283.470438719 -0.6022022201208194 -0.9025917814015016 0 0 0 0 1
1685094283.503772020 -0.6208974421226792 -0.9236190267301269 0 0 0 0 1
1685094283.537105322 -0.6397310467146003 -0.9445224166438267 0 0 0 0 1
1685094283.570438623 -0.6579822861889707 -0.9646528472967161 0 0 0 0 1
1685094283.603772163 -0.651464271244053 -0.9797799844920014 0 0 0 0 1
1685094283.637105465 -0.6612535476699976 -0.9930270545681956 0 0 0 0 1
1685094283.670438766 -0.6710694812804665 -1.0112891591574116 0 0 0 0 1
1685094283.703772068 -0.6551771118588348 -1.0246041736462874 0 0 0 0 1
1685094283.737105370 -0.6458010736941094 -1.0493985444722578 0 0 0 0 1
1685094283.770438671 -0.6275716303444463 -1.0686432401436252 0 0 0 0 1
1685094283.803771973 -0.6093195006109116 -1.0886463850124428 0 0 0 0 1
1685094283.837105274 -0.6069183359841935 -1.1132194981666295 0 0 0 0 1
1685094283.870438814 -0.598378015019377 -1.1386813804114186 0 0 0 0 1
1685094283.903772116 -0.5897906894129356 -1.16462270461697 0 0 0 0 1
1685094283.937105417 -0.5812624933362465 -1.19023812420917 0 0 0 0 1
1685094283.970438719 -0.5732547094015913 -1.2154313608216207 0 0 0 0 1
1685094284.003772020 -0.5843021256865006 -1.230854083535905 0 0 0 0 1
1685094284.037105322 -0.6013933676672173 -1.222620297647848 0 0 0 0 1
1685094284.070438623 -0.6169849934052065 -1.2019484487996162 0 0 0 0 1
1685094284.103772163 -0.6320371754540808 -1.1817066605435167 0 0 0 0 1
1685094284.137105465 -0.6483707995118687 -1.1594053492050256 0 0 0 0 1
1685094284.170438766 -0.663306883279057 -1.1361448856675767 0 0 0 0 1
1685094284.203772068 -0.6767892682273019 -1.1120127274884002 0 0 0 0 1
1685094284.237105370 -0.6875505725586103 -1.0905827938723038 0 0 0 0 1
