1685094116.802170515 2.537129095351893e-18 6.817217640119075e-18 0 0 0 0 1
1685094116.835503817 0.00465171895057789 -0.0023108632113670647 0 0 0 0 1
1685094116.868837118 0.0027597739931940007 -0.013432534050231888 0 0 0 0 1
1685094116.902170420 0.0049127248023821575 -0.025837504091757196 0 0 0 0 1
1685094116.935503960 0.0007707265650268414 -0.033527772490835196 0 0 0 0 1
1685094116.968837261 -0.0005416266817302491 -0.042238410958006366 0 0 0 0 1
1685094117.002170563 0.0029519364018614535 -0.0567326830691194 0 0 0 0 1
1685094117.035503864 0.0016403267017079612 -0.06491458028842603 0 0 0 0 1
1685094117.068837166 0.0032512131080272544 -0.07871039495187715 0 0 0 0 1
1685094117.102170467 0.005574712152678507 -0.09028268475329834 0 0 0 0 1
1685094117.135503769 0.004807776981828134 -0.10324266060481696 0 0 0 0 1
1685094117.168837070 0.010248446661205184 -0.11358430941923187 0 0 0 0 1
1685094117.202170610 0.006826264353873773 -0.12582757665550734 0 0 0 0 1
1685094117.235503912 0.004874329712649829 -0.13058849383276355 0 0 0 0 1
1685094117.268837214 0.0023730754208132667 -0.14066469912665402 0 0 0 0 1
1685094117.302170515 0.0008850904889978744 -0.15016943867520047 0 0 0 0 1
1685094117.335503817 -0.00036015435687798534 -0.16109820064627423 0 0 0 0 1
1685094117.368837118 -0.001998692224729427 -0.17259808596027582 0 0 0 0 1
1685094117.402170420 -0.007680795751107475 -0.1827545062126321 0 0 0 0 1
1685094117.435503960 -0.011834001322098595 -0.1945297745250159 0 0 0 0 1
1685094117.468837261 -0.018261909082827647 -0.20656713668619112 0 0 0 0 1
1685094117.502170563 -0.020491140112295206 -0.21647079075281117 0 0 0 0 1
1685094117.535503864 -0.024068103887346794 -0.22115473123765111 0 0 0 0 1
1685094117.568837166 -0.023932713976456646 -0.22214430624704032 0 0 0 0 1
1685094117.602170467 -0.029893449443049187 -0.23092019048474807 0 0 0 0 1
1685094117.635503769 -0.03899566866383117 -0.2423258934853993 0 0 0 0 1
1685094117.668837070 -0.045697488264789324 -0.25297483155561673 0 0 0 0 1
1685094117.702170610 -0.059090693482985575 -0.26105435551402556 0 0 0 0 1
1685094117.735503912 -0.0745461480342816 -0.2686580429942005 0 0 0 0 1
1685094117.768837214 -0.08747106884508674 -0.27382592017809276 0 0 0 0 1
1685094117.802170515 -0.10300360773611653 -0.2787561058338632 0 0 0 0 1
1685094117.835503817 -0.113749549506276 -0.2831776752510463 0 0 0 0 1
1685094117.868837118 -0.1230419759100144 -0.28534353861664913 0 0 0 0 1
1685094117.902170420 -0.13828212691237504 -0.2862179946667506 0 0 0 0 1
1685094117.935503960 -0.15205951777766485 -0.2894555504513205 0 0 0 0 1
1685094117.968837261 -0.1674203086488885 -0.2896413257535039 0 0 0 0 1
1685094118.002170563 -0.17999635931021704 -0.28910831193615755 0 0 0 0 1
1685094118.035503864 -0.18890527389449166 -0.28617939012479565 0 0 0 0 1
1685094118.068837166 -0.20220564583881334 -0.2843222599952134 0 0 0 0 1
1685094118.102170467 -0.21594936165268533 -0.27943154310551893 0 0 0 0 1
1685094118.135503769 -0.22599999266962267 -0.27796614294673355 0 0 0 0 1
1685094118.168837070 -0.2360652856791955 -0.27546895722207215 0 0 0 0 1
1685094118.202170610 -0.25028895113810784 -0.27315966734258923 0 0 0 0 1
1685094118.235503912 -0.26656000062868707 -0.2695753834736441 0 0 0 0 1
