1685093655.086016178 5.487849569100416e-20 6.419450904043981e-19 0 0 0 0 1
1685093655.119349480 -0.0003437298764962627 -0.01846605997599297 0 0 0 0 1
1685093655.152682781 -0.000705319004900095 -0.03774335398984169 0 0 0 0 1
1685093655.186016083 -0.0008505891410381366 -0.05719082929707137 0 0 0 0 1
1685093655.219349384 -0.0009135084429936421 -0.07721564324368277 0 0 0 0 1
1685093655.252682924 -0.0008164340063624992 -0.09790133173234347 0 0 0 0 1
1685093655.286016226 -0.0009664423695190316 -0.1186327553511947 0 0 0 0 1
1685093655.319349527 -0.001321278367169371 -0.13926215190386845 0 0 0 0 1
1685093655.352682829 -0.002203053137187233 -0.16001840709770504 0 0 0 0 1
1685093655.386016130 -0.0032287435119454184 -0.18112467587414427 0 0 0 0 1
1685093655.419349432 -0.005152221444606005 -0.20233947522382958 0 0 0 0 1
1685093655.452682734 -0.006555346486344943 -0.22094064961259835 0 0 0 0 1
1685093655.486016273 -0.012329862721555281 -0.24034555177490008 0 0 0 0 1
1685093655.519349575 -0.016698795149416124 -0.26243336806551165 0 0 0 0 1
1685093655.552682877 -0.02096731199976599 -0.28437090443456914 0 0 0 0 1
1685093655.586016178 -0.024718751234044278 -0.3067653280425409 0 0 0 0 1
1685093655.619349480 -0.028506653541244143 -0.3299090909181545 0 0 0 0 1
1685093655.652682781 -0.03207078959066207 -0.35321904022645517 0 0 0 0 1
1685093655.686016083 -0.035499415292223974 -0.3765493065844053 0 0 0 0 1
1685093655.719349384 -0.033320682300763384 -0.3874885447383336 0 0 0 0 1
1685093655.752682924 -0.053935173246272186 -0.400583152341914 0 0 0 0 1
1685093655.786016226 -0.07469698484274054 -0.4136091134303875 0 0 0 0 1
1685093655.819349527 -0.09582824300726016 -0.4266252462122423 0 0 0 0 1
1685093655.852682829 -0.11702469808467333 -0.43953493545566175 0 0 0 0 1
1685093655.886016130 -0.13828581389638367 -0.45233785460136816 0 0 0 0 1
1685093655.919349432 -0.15961105262815795 -0.46503367979090543 0 0 0 0 1
1685093655.952682734 -0.17192775659973014 -0.4705541430744455 0 0 0 0 1
1685093655.986016273 -0.1781580120162511 -0.4944745932578097 0 0 0 0 1
1685093656.019349575 -0.18420193424163583 -0.5187911506975972 0 0 0 0 1
1685093656.052682877 -0.1900078260261529 -0.5434800388599701 0 0 0 0 1
1685093656.086016178 -0.1948562171370572 -0.5684496691687071 0 0 0 0 1
1685093656.119349480 -0.19909486949239985 -0.5938251377522509 0 0 0 0 1
1685093656.152682781 -0.20343198123118333 -0.6191484148121481 0 0 0 0 1
1685093656.186016083 -0.2077951973109019 -0.6447836124130383 0 0 0 0 1
1685093656.219349384 -0.21147596561128829 -0.6707541892862805 0 0 0 0 1
1685093656.252682924 -0.21718408074564147 -0.6963556802589381 0 0 0 0 1
1685093656.286016226 -0.22558823784403334 -0.7209008574660066 0 0 0 0 1
1685093656.319349527 -0.2339445325603113 -0.7453602610877127 0 0 0 0 1
1685093656.352682829 -0.242090564568083 -0.7695247942263256 0 0 0 0 1
1685093656.386016130 -0.2503362042397646 -0.7936992487153239 0 0 0 0 1
1685093656.419349432 -0.25890178521271046 -0.8167900241741254 0 0 0 0 1
1685093656.452682734 -0.2681254782528608 -0.8396258857824371 0 0 0 0 1
1685093656.486016273 -0.2779997089978009 -0.8621880810632285 0 0 0 0 1
1685093656.519349575 -0.2885163688730256 -0.8844580822702721 0 0 0 0 1
1685093656.552682877 -0.29966682175058273 -0.9064176016028591 0 0 0 0 1
1685093656.586016178 -0.3112724076195078 -0.9299587832003888 0 0 0 0 1
1685093656.619349480 -0.32277930587916925 -0.9535483602803335 0 0 0 0 1
1685093656.652682781 -0.33429221173561147 -0.9783528589170035 0 0 0 0 1
1685093656.686016083 -0.34209696465711825 -0.999317546785916 0 0 0 0 1
1685093656.719349384 -0.34151679686180925 -1.0247943319695203 0 0 0 0 1
1685093656.752682924 -0.3405330030790857 -1.0517052573200962 0 0 0 0 1
1685093656.786016226 -0.3399941681402305 -1.08489372969065 0 0 0 0 1
1685093656.819349527 -0.3395467849653104 -1.1180835608091884 0 0 0 0 1
1685093656.852682829 -0.3391343657604245 -1.1445493820183192 0 0 0 0 1
1685093656.886016130 -0.3386482206864594 -1.171359073734528 0 0 0 0 1
1685093656.919349432 -0.338266515531163 -1.1976784206493516 0 0 0 0 1
1685093656.952682734 -0.34008651289451247 -1.2154088968244774 0 0 0 0 1
1685093656.986016273 -0.35156620741084965 -1.240082780733316 0 0 0 0 1
1685093657.019349575 -0.3628742124615657 -1.2642302624470199 0 0 0 0 1
1685093657.052682877 -0.37418816659605686 -1.2890542761831258 0 0 0 0 1
1685093657.086016178 -0.3855891114187563 -1.3137293350857537 0 0 0 0 1
1685093657.119349480 -0.3970079315454164 -1.3383961269649864 0 0 0 0 1
1685093657.152682781 -0.4083157456091861 -1.363381785457269 0 0 0 0 1
1685093657.186016083 -0.41933412058719055 -1.3880511938726068 0 0 0 0 1
1685093657.219349384 -0.4283231738687792 -1.4085946188527247 0 0 0 0 1
1685093657.252682924 -0.4336551098178616 -1.435380178275552 0 0 0 0 1
1685093657.286016226 -0.43873503121535484 -1.4620466375149783 0 0 0 0 1
1685093657.319349527 -0.443867094744157 -1.4890428816973742 0 0 0 0 1
1685093657.352682829 -0.44904546340031853 -1.5160302819812117 0 0 0 0 1
1685093657.386016130 -0.4546704286523769 -1.5431315052115284 0 0 0 0 1
1685093657.419349432 -0.46157030516788194 -1.568450068919873 0 0 0 0 1
1685093657.452682734 -0.4672934821235224 -1.5959564151264867 0 0 0 0 1
1685093657.486016273 -0.4729198829112204 -1.6238727230801562 0 0 0 0 1
1685093657.519349575 -0.47875511613700905 -1.6521117844787556 0 0 0 0 1
1685093657.552682877 -0.4851221548132001 -1.6283908396088387 0 0 0 0 1
1685093657.586016178 -0.47252588297268217 -1.602595473152356 0 0 0 0 1
1685093657.619349480 -0.4419799078864894 -1.585094948144465 0 0 0 0 1
1685093657.652682781 -0.406792527181731 -1.5840118005753283 0 0 0 0 1
1685093657.686016083 -0.375227992919166 -1.5996004229103997 0 0 0 0 1
1685093657.719349384 -0.3481463934116209 -1.609661800481277 0 0 0 0 1
1685093657.752682924 -0.32122516564728765 -1.6200460279303834 0 0 0 0 1
1685093657.786016226 -0.2934509618426959 -1.6300586105089583 0 0 0 0 1
1685093657.819349527 -0.26557497412519815 -1.640692757864368 0 0 0 0 1
1685093657.852682829 -0.2383209867355993 -1.6510359822010474 0 0 0 0 1
1685093657.886016130 -0.21583269418992285 -1.660015069314612 0 0 0 0 1
1685093657.919349432 -0.18721577664639472 -1.6680069241896833 0 0 0 0 1
1685093657.952682734 -0.15880384214972323 -1.6757801254153426 0 0 0 0 1
1685093657.986016273 -0.13038734876559704 -1.6835366441504234 0 0 0 0 1
1685093658.019349575 -0.10241949622910342 -1.6912009632969276 0 0 0 0 1
1685093658.052682877 -0.07449316200042543 -1.6988799174993852 0 0 0 0 1
1685093658.086016178 -0.04632139301707084 -1.7062560856800035 0 0 0 0 1
1685093658.119349480 -0.018357182603514485 -1.7136782958107577 0 0 0 0 1
1685093658.152682781 0.009676156676445646 -1.721275831658252 0 0 0 0 1
1685093658.186016083 0.029884187756810947 -1.7288147682936628 0 0 0 0 1
1685093658.219349384 0.05378916371618979 -1.746683555731217 0 0 0 0 1
1685093658.252682924 0.07854402108011474 -1.7654165835372817 0 0 0 0 1
1685093658.286016226 0.10192441812745519 -1.7844453247048604 0 0 0 0 1
1685093658.319349527 0.1252541538451484 -1.8035361441701572 0 0 0 0 1
1685093658.352682829 0.1466192866853445 -1.8185992829711013 0 0 0 0 1
1685093658.386016130 0.16962620246590301 -1.8373344833218601 0 0 0 0 1
1685093658.419349432 0.19259215675827412 -1.8558388856831736 0 0 0 0 1
1685093658.452682734 0.21551032761610145 -1.8742612011263557 0 0 0 0 1
1685093658.486016273 0.23077451281301142 -1.8956908304943467 0 0 0 0 1
1685093658.519349575 0.23977357379598474 -1.9227530666109534 0 0 0 0 1
1685093658.552682877 0.2488736593691548 -1.9502470445420683 0 0 0 0 1
1685093658.586016178 0.2582612614548575 -1.977497846373755 0 0 0 0 1
1685093658.619349480 0.2679362672940059 -2.004797189789293 0 0 0 0 1
1685093658.652682781 0.27784911961035336 -2.032391410208057 0 0 0 0 1
1685093658.686016083 0.2863236815505712 -2.028258335260365 0 0 0 0 1
1685093658.719349384 0.3157740090909503 -2.0312492780306974 0 0 0 0 1
1685093658.752682924 0.34541327072131917 -2.0344002308405043 0 0 0 0 1
1685093658.786016226 0.3750400400150742 -2.0376665551994284 0 0 0 0 1
1685093658.819349527 0.404653867887367 -2.041048201596274 0 0 0 0 1
1685093658.852682829 0.43425430544951643 -2.0445451187717842 0 0 0 0 1
1685093658.886016130 0.4638409040158125 -2.0481572537194204 0 0 0 0 1
1685093658.919349432 0.49341321511031794 -2.0518845516861624 0 0 0 0 1
1685093658.952682734 0.5229707904736659 -2.0557269561733413 0 0 0 0 1
1685093658.986016273 0.5525131820698551 -2.059684408937494 0 0 0 0 1
1685093659.019349575 0.5820399420930408 -2.063756849991247 0 0 0 0 1
1685093659.052682877 0.6110460416873347 -2.067845246914862 0 0 0 0 1
1685093659.086016178 0.6400082189745919 -2.0722339927334983 0 0 0 0 1
1685093659.119349480 0.6689233640232272 -2.076922616187723 0 0 0 0 1
1685093659.152682781 0.6977883719519329 -2.081910613817522 0 0 0 0 1
1685093659.186016083 0.7260891095813912 -2.0871330255273337 0 0 0 0 1
1685093659.219349384 0.7546075070987543 -2.0920252621042583 0 0 0 0 1
1685093659.252682924 0.761416700872654 -2.0802946222760887 0 0 0 0 1
1685093659.286016226 0.782919735761414 -2.0609372518733484 0 0 0 0 1
1685093659.319349527 0.7957137671043965 -2.042074165429575 0 0 0 0 1
1685093659.352682829 0.8079880789936993 -2.019684009157885 0 0 0 0 1
1685093659.386016130 0.8125597640489408 -1.9945627527008072 0 0 0 0 1
1685093659.419349432 0.808960493527856 -1.9692838468316318 0 0 0 0 1
1685093659.452682734 0.7975589808951395 -1.9464368921130575 0 0 0 0 1
1685093659.486016273 0.7956532736212962 -1.9786111753283426 0 0 0 0 1
1685093659.519349575 0.7746543291125825 -1.9541599882375096 0 0 0 0 1
1685093659.552682877 0.7686967815057143 -1.969426808656823 0 0 0 0 1
1685093659.586016178 0.7630599650722312 -1.9848149365383712 0 0 0 0 1
1685093659.619349480 0.7408627947053377 -2.0017253069971024 0 0 0 0 1
1685093659.652682781 0.7188529212763033 -2.0188787460979447 0 0 0 0 1
1685093659.686016083 0.697033006363929 -2.0362731795341094 0 0 0 0 1
1685093659.719349384 0.6753146666178533 -2.0538927475664766 0 0 0 0 1
1685093659.752682924 0.6536079732267654 -2.0715818978646987 0 0 0 0 1
1685093659.786016226 0.6314061208907712 -2.0896243106629573 0 0 0 0 1
1685093659.819349527 0.6089919890981217 -2.107255901025471 0 0 0 0 1
1685093659.852682829 0.58646694059345 -2.1247455686207095 0 0 0 0 1
1685093659.886016130 0.5790893251364753 -2.1273392168869756 0 0 0 0 1
1685093659.919349432 0.5721034883962154 -2.123824347586627 0 0 0 0 1
1685093659.952682734 0.5697893167912867 -2.1163543522089148 0 0 0 0 1
1685093659.986016273 0.5735645920406925 -2.1095057379000695 0 0 0 0 1
1685093660.019349575 0.5811163844457824 -2.1074743214901415 0 0 0 0 1
1685093660.052682877 0.5878180737529671 -2.1115046541798916 0 0 0 0 1
1685093660.086016178 0.6006636889803129 -2.139578264806613 0 0 0 0 1
1685093660.119349480 0.611591052755027 -2.168452650776273 0 0 0 0 1
1685093660.152682781 0.6205506272356388 -2.1979969136595505 0 0 0 0 1
1685093660.186016083 0.630643505851195 -2.2239441281949146 0 0 0 0 1
1685093660.219349384 0.640968966427064 -2.2501507840482016 0 0 0 0 1
1685093660.252682924 0.6528348208582418 -2.276224883548764 0 0 0 0 1
1685093660.286016226 0.663686480029589 -2.302388621239108 0 0 0 0 1
1685093660.319349527 0.6744469269117969 -2.328756478594636 0 0 0 0 1
1685093660.352682829 0.6724646553755019 -2.3471184180893125 0 0 0 0 1
1685093660.386016130 0.6962458928160121 -2.361574851356205 0 0 0 0 1
1685093660.419349432 0.7197107501628955 -2.3757630123376705 0 0 0 0 1
1685093660.452682734 0.7431973992277163 -2.38991507077634 0 0 0 0 1
1685093660.486016273 0.7661292401019837 -2.404040308658567 0 0 0 0 1
1685093660.519349575 0.7890327580654933 -2.418211424916907 0 0 0 0 1
1685093660.552682877 0.8117315918468598 -2.4323998065089545 0 0 0 0 1
1685093660.586016178 0.8268338264721941 -2.448104806644701 0 0 0 0 1
1685093660.619349480 0.8531151156654254 -2.4548050533933123 0 0 0 0 1
1685093660.652682781 0.8672662305226057 -2.47108024343536 0 0 0 0 1
1685093660.686016083 0.8846480345760961 -2.491463096014331 0 0 0 0 1
1685093660.719349384 0.9021591114729401 -2.5116463628933596 0 0 0 0 1
1685093660.752682924 0.9198762435305519 -2.5316839683904244 0 0 0 0 1
1685093660.786016226 0.9373007090680913 -2.551739855499361 0 0 0 0 1
1685093660.819349527 0.9547501184312984 -2.571774044274316 0 0 0 0 1
1685093660.852682829 0.9712979536156388 -2.5912975219422405 0 0 0 0 1
1685093660.886016130 0.987787973343435 -2.6108698564712367 0 0 0 0 1
1685093660.919349432 1.0042200333673992 -2.630490876651311 0 0 0 0 1
1685093660.952682734 1.0179654924498525 -2.6413296651794225 0 0 0 0 1
1685093660.986016273 1.0282578821407613 -2.6629677520714523 0 0 0 0 1
1685093661.019349575 1.038846610319184 -2.684537766606988 0 0 0 0 1
1685093661.052682877 1.0494602322257793 -2.706095542965499 0 0 0 0 1
1685093661.086016178 1.06171182210736 -2.7317419554126565 0 0 0 0 1
1685093661.119349480 1.0711528333131215 -2.751304845583436 0 0 0 0 1
