1685094157.032682896 -3.047733547412518e-19 9.010071456856915e-18 0 0 0 0 1
1685094157.066016197 0.00030717253332442616 -0.017231212015694896 0 0 0 0 1
1685094157.099349499 0.0004353803610844114 -0.03521308868153359 0 0 0 0 1
1685094157.132682800 0.0011462891448156406 -0.05329088886791172 0 0 0 0 1
1685094157.166016102 0.0016083048655204733 -0.07277871864150648 0 0 0 0 1
1685094157.199349403 0.0024941469338820165 -0.09289535123303837 0 0 0 0 1
1685094157.232682705 0.003570080789828975 -0.11353241134260846 0 0 0 0 1
1685094157.266016245 0.004687471077748848 -0.13447916695380557 0 0 0 0 1
1685094157.299349546 0.005979576628638586 -0.15580959334795985 0 0 0 0 1
1685094157.332682848 0.007193583037306885 -0.17749883055682159 0 0 0 0 1
1685094157.366016150 0.008497338741207248 -0.1994933302574248 0 0 0 0 1
1685094157.399349451 0.00984146727535598 -0.22190786334065316 0 0 0 0 1
1685094157.432682753 0.011203466757531089 -0.24484074206511708 0 0 0 0 1
1685094157.466016054 0.012381637212690548 -0.267794840999018 0 0 0 0 1
1685094157.499349594 0.013470334048344173 -0.29096401241845743 0 0 0 0 1
1685094157.532682896 0.014103865347412212 -0.3143077447938352 0 0 0 0 1
1685094157.566016197 0.01442867747777158 -0.3383172633461248 0 0 0 0 1
1685094157.599349499 0.014591732944722003 -0.36280414834689384 0 0 0 0 1
1685094157.632682800 0.014759134585986121 -0.3875235795120655 0 0 0 0 1
1685094157.666016102 0.014755582224908663 -0.4124563656969245 0 0 0 0 1
1685094157.699349403 0.013578406405424915 -0.4359905484594861 0 0 0 0 1
1685094157.732682705 0.014635421440560882 -0.4618370639391399 0 0 0 0 1
1685094157.766016245 0.01606171234626238 -0.4877563445734282 0 0 0 0 1
1685094157.799349546 0.017892287236346303 -0.5133018547420605 0 0 0 0 1
1685094157.832682848 0.019911444519613852 -0.538739342857941 0 0 0 0 1
1685094157.866016150 0.022242689971740313 -0.5645620940696557 0 0 0 0 1
1685094157.899349451 0.02421555879982024 -0.590299755297256 0 0 0 0 1
1685094157.932682753 0.026155731657168762 -0.6158794768035728 0 0 0 0 1
1685094157.966016054 0.028018910458939887 -0.6410254808520319 0 0 0 0 1
1685094157.999349594 0.03065574266459744 -0.6656759894545948 0 0 0 0 1
1685094158.032682896 0.03245369770130374 -0.6909938294871639 0 0 0 0 1
1685094158.066016197 0.03421418415370743 -0.7165337462827629 0 0 0 0 1
1685094158.099349499 0.03584967240002425 -0.7421181365093188 0 0 0 0 1
1685094158.132682800 0.03759509869138512 -0.7681063394768194 0 0 0 0 1
1685094158.166016102 0.0394407140330823 -0.7944762529277095 0 0 0 0 1
1685094158.199349403 0.041035667982187225 -0.8211488830339271 0 0 0 0 1
1685094158.232682705 0.042791921963320524 -0.8477715216091606 0 0 0 0 1
1685094158.266016245 0.04447253485855847 -0.8742264179436244 0 0 0 0 1
1685094158.299349546 0.04639828393947731 -0.9007198413203442 0 0 0 0 1
1685094158.332682848 0.04843526832336579 -0.9270281649723995 0 0 0 0 1
1685094158.366016150 0.050654310122805635 -0.9531730159676761 0 0 0 0 1
1685094158.399349451 0.05304401759278638 -0.9792501472587878 0 0 0 0 1
1685094158.432682753 0.05528731504886967 -1.0051802265480656 0 0 0 0 1
1685094158.466016054 0.05785741152052854 -1.0312917891860975 0 0 0 0 1
1685094158.499349594 0.06075440245662981 -1.057610634944318 0 0 0 0 1
1685094158.532682896 0.06363925483362366 -1.0839721979338557 0 0 0 0 1
1685094158.566016197 0.06653502871036547 -1.110341872878128 0 0 0 0 1
1685094158.599349499 0.06927843307952607 -1.13714409438694 0 0 0 0 1
1685094158.632682800 0.07194556275827818 -1.163108834250608 0 0 0 0 1
1685094158.666016102 0.07505573763979735 -1.1899037974918496 0 0 0 0 1
1685094158.699349403 0.07817967622951644 -1.2164421959797664 0 0 0 0 1
1685094158.732682705 0.08203074998959538 -1.2419528323735984 0 0 0 0 1
1685094158.766016245 0.08580412186045934 -1.2687248179063098 0 0 0 0 1
1685094158.799349546 0.08924861538201187 -1.2955150960300406 0 0 0 0 1
1685094158.832682848 0.09283179245447193 -1.3217364084235748 0 0 0 0 1
1685094158.866016150 0.09639162256347947 -1.347744404451746 0 0 0 0 1
1685094158.899349451 0.10028253208984297 -1.3722233902274619 0 0 0 0 1
1685094158.932682753 0.10500742980978212 -1.3984056705346852 0 0 0 0 1
1685094158.966016054 0.1096479009468274 -1.424521043375577 0 0 0 0 1
1685094158.999349594 0.11452972815311986 -1.4507143636364803 0 0 0 0 1
1685094159.032682896 0.11981937439796694 -1.477623909319995 0 0 0 0 1
1685094159.066016197 0.12522101745233957 -1.5051089726844542 0 0 0 0 1
1685094159.099349499 0.13054033523721822 -1.5325034843669214 0 0 0 0 1
1685094159.132682800 0.13578143640569085 -1.5599436593329885 0 0 0 0 1
1685094159.166016102 0.1410438569704493 -1.5875414868155564 0 0 0 0 1
1685094159.199349403 0.14631791406665293 -1.6150412458353913 0 0 0 0 1
1685094159.232682705 0.15153755712567385 -1.6425515585057873 0 0 0 0 1
1685094159.266016245 0.15694081887203667 -1.669724042771825 0 0 0 0 1
1685094159.299349546 0.16223202082086538 -1.6969967674801767 0 0 0 0 1
1685094159.332682848 0.16820161596758842 -1.7215130052083374 0 0 0 0 1
1685094159.366016150 0.17725848162488209 -1.7483557876512072 0 0 0 0 1
1685094159.399349451 0.18625755730527171 -1.7754070127221295 0 0 0 0 1
1685094159.432682753 0.19521824873451712 -1.8027934944297312 0 0 0 0 1
1685094159.466016054 0.2050042667336233 -1.8293544444158134 0 0 0 0 1
1685094159.499349594 0.214801361749931 -1.855964384751628 0 0 0 0 1
1685094159.532682896 0.2252542942164957 -1.8793596663617058 0 0 0 0 1
1685094159.566016197 0.23597387421014426 -1.9056367499476972 0 0 0 0 1
1685094159.599349499 0.24627374438081795 -1.9301846216769458 0 0 0 0 1
1685094159.632682800 0.25708370378865314 -1.9563374585488493 0 0 0 0 1
1685094159.666016102 0.2677656716677148 -1.9823217662368406 0 0 0 0 1
1685094159.699349403 0.27851940355051946 -2.008320141514687 0 0 0 0 1
1685094159.732682705 0.28922486613649917 -2.034440320501912 0 0 0 0 1
1685094159.766016245 0.30009325320819163 -2.0608357398813144 0 0 0 0 1
1685094159.799349546 0.3109824548886808 -2.0870220826006602 0 0 0 0 1
1685094159.832682848 0.32223932962084056 -2.1131429619521613 0 0 0 0 1
1685094159.866016150 0.3336130122189281 -2.1393317072733167 0 0 0 0 1
1685094159.899349451 0.3448683665846717 -2.165126196210991 0 0 0 0 1
1685094159.932682753 0.3558924418543586 -2.190779429642468 0 0 0 0 1
1685094159.966016054 0.3662252565180629 -2.215091327158533 0 0 0 0 1
1685094159.999349594 0.3782248147611295 -2.239991159809944 0 0 0 0 1
1685094160.032682896 0.3908850668737078 -2.262538010760328 0 0 0 0 1
1685094160.066016197 0.4026299765934869 -2.279391915690993 0 0 0 0 1
1685094160.099349499 0.4162390772520505 -2.2996260297155815 0 0 0 0 1
1685094160.132682800 0.43296976878280335 -2.321292537687117 0 0 0 0 1
1685094160.166016102 0.45001415271964285 -2.343351445184769 0 0 0 0 1
1685094160.199349403 0.4670536630010734 -2.365389400911417 0 0 0 0 1
1685094160.232682705 0.48427897522347857 -2.387970492615155 0 0 0 0 1
1685094160.266016245 0.5017341402516489 -2.411260721875059 0 0 0 0 1
1685094160.299349546 0.5193262943575961 -2.434832992203781 0 0 0 0 1
1685094160.332682848 0.5363191800145121 -2.45793300710038 0 0 0 0 1
1685094160.366016150 0.5534277024202492 -2.4815898693201706 0 0 0 0 1
1685094160.399349451 0.5703572761723591 -2.5053944737474767 0 0 0 0 1
1685094160.432682753 0.5868561309098018 -2.5290637744977102 0 0 0 0 1
1685094160.466016054 0.6005997546669779 -2.5515880478064945 0 0 0 0 1
1685094160.499349594 0.614820052243519 -2.5761192600063527 0 0 0 0 1
1685094160.532682896 0.6290069118145766 -2.6000405559442736 0 0 0 0 1
1685094160.566016197 0.6429202859585362 -2.6231253776461743 0 0 0 0 1
1685094160.599349499 0.656961486383247 -2.6460303361571804 0 0 0 0 1
1685094160.632682800 0.6713004822003026 -2.668457324854793 0 0 0 0 1
1685094160.666016102 0.6858298754441289 -2.690338496513903 0 0 0 0 1
1685094160.699349403 0.7003016344473281 -2.7129346499199953 0 0 0 0 1
1685094160.732682705 0.7143856928904537 -2.7352752686699144 0 0 0 0 1
