1685094129.178112030 -1.7427592929418305e-18 -4.301741368239462e-17 0 0 0 0 1
1685094129.211445332 -0.0005121545352021931 -0.010718340851456594 0 0 0 0 1
1685094129.244778633 -0.00300495689089934 -0.020503819536890944 0 0 0 0 1
1685094129.278111935 -0.004194369503008701 -0.033409237665225695 0 0 0 0 1
1685094129.311445236 -0.005372586735315297 -0.042508548531105056 0 0 0 0 1
1685094129.344778538 -0.00777942274163484 -0.05180941079308558 0 0 0 0 1
1685094129.378111839 -0.009235535958148834 -0.06535200508513932 0 0 0 0 1
1685094129.411445379 -0.008303341282706288 -0.0813767762536924 0 0 0 0 1
1685094129.444778681 -0.004903638377135884 -0.09222554929143251 0 0 0 0 1
1685094129.478111982 4.068527867782664e-05 -0.10467484845366781 0 0 0 0 1
1685094129.511445284 0.007489716782030212 -0.11751346685255039 0 0 0 0 1
1685094129.544778585 0.01047783116656944 -0.1273855295743228 0 0 0 0 1
1685094129.578111887 0.012108667021257295 -0.14543148146252785 0 0 0 0 1
1685094129.611445189 0.009884146543815281 -0.15791182033470855 0 0 0 0 1
1685094129.644778728 0.0057216321185154725 -0.17422895754135978 0 0 0 0 1
1685094129.678112030 0.004607329538156244 -0.19142632336136226 0 0 0 0 1
1685094129.711445332 0.006495612180635639 -0.20519558913620978 0 0 0 0 1
1685094129.744778633 0.007800735123919554 -0.2199086531008205 0 0 0 0 1
1685094129.778111935 0.008332649242297237 -0.2329954358780371 0 0 0 0 1
1685094129.811445236 0.00677552436963719 -0.24917794555006928 0 0 0 0 1
1685094129.844778538 0.0025560612794272306 -0.2640831188826916 0 0 0 0 1
1685094129.878111839 -0.0024699731085556804 -0.27694878400100603 0 0 0 0 1
1685094129.911445379 -0.0016229819354581067 -0.2936076091724053 0 0 0 0 1
1685094129.944778681 -0.0016517201875663337 -0.30878660107493044 0 0 0 0 1
1685094129.978111982 -0.004575769586702499 -0.32027751926749615 0 0 0 0 1
1685094130.011445284 -0.011569698412443949 -0.3319503527893102 0 0 0 0 1
1685094130.044778585 -0.01428932295217817 -0.34287535892945525 0 0 0 0 1
1685094130.078111887 -0.013751491426104679 -0.3439592517047072 0 0 0 0 1
1685094130.111445189 -0.008920602105529996 -0.3566035416653294 0 0 0 0 1
1685094130.144778728 -0.006732408308770941 -0.37071782453953195 0 0 0 0 1
1685094130.178112030 0.0022454658169446624 -0.38008733676751977 0 0 0 0 1
1685094130.211445332 0.006333477199712301 -0.38809791541050664 0 0 0 0 1
1685094130.244778633 0.0185054598910437 -0.39603423869338733 0 0 0 0 1
1685094130.278111935 0.03179618465788492 -0.4067510663133236 0 0 0 0 1
1685094130.311445236 0.03972207832671813 -0.41663829148565634 0 0 0 0 1
1685094130.344778538 0.04236597590172384 -0.4325887928824272 0 0 0 0 1
1685094130.378111839 0.047021668165959624 -0.45279891321078275 0 0 0 0 1
1685094130.411445379 0.04595221566301626 -0.4575161199895074 0 0 0 0 1
1685094130.444778681 0.04881414137773105 -0.46079427295737413 0 0 0 0 1
