1685093662.276646614 -2.1502638034897183e-20 5.893425877502605e-19 0 0 0 0 1
1685093662.309980154 0.0007531656385467843 -0.009652026259043992 0 0 0 0 1
1685093662.343313456 0.0012650465690862119 -0.017657843103060903 0 0 0 0 1
1685093662.376646757 0.0025369314169052474 -0.028642683523039867 0 0 0 0 1
1685093662.409980059 0.003432698344894793 -0.04025862020459769 0 0 0 0 1
1685093662.443313360 0.004120651739132433 -0.05585733128135463 0 0 0 0 1
1685093662.476646662 0.004840520463924849 -0.06910815242534578 0 0 0 0 1
1685093662.509979963 0.005853154673138034 -0.08277516597112655 0 0 0 0 1
1685093662.543313265 0.007118926529684851 -0.09674121935728995 0 0 0 0 1
1685093662.576646805 0.008516244511052965 -0.11102859441104268 0 0 0 0 1
1685093662.609980106 0.00998052749451947 -0.12531964906125184 0 0 0 0 1
1685093662.643313408 0.01144757377080248 -0.1398097118693864 0 0 0 0 1
1685093662.676646709 0.012911725697900153 -0.1553114817071807 0 0 0 0 1
1685093662.709980011 0.014408348814982456 -0.17057650026986865 0 0 0 0 1
1685093662.743313313 0.015948163398632132 -0.18620784741136182 0 0 0 0 1
1685093662.776646614 0.017677479319401408 -0.202143379078905 0 0 0 0 1
1685093662.809980154 0.02004443963127465 -0.21748342212690747 0 0 0 0 1
1685093662.843313456 0.022077157959466007 -0.23432268805626102 0 0 0 0 1
1685093662.876646757 0.02336063671990963 -0.2501623156054026 0 0 0 0 1
1685093662.909980059 0.025969866716643458 -0.2672363898253998 0 0 0 0 1
1685093662.943313360 0.030385044110444136 -0.28450444011441306 0 0 0 0 1
1685093662.976646662 0.034955568391958944 -0.3020451866092934 0 0 0 0 1
1685093663.009979963 0.039617274827072016 -0.31984628112241875 0 0 0 0 1
1685093663.043313265 0.04430266375413573 -0.3376676850003786 0 0 0 0 1
1685093663.076646805 0.04912111208968187 -0.3559550298143738 0 0 0 0 1
1685093663.109980106 0.053801257555085004 -0.37455098490197797 0 0 0 0 1
1685093663.143313408 0.058458870489111706 -0.39357849408378265 0 0 0 0 1
1685093663.176646709 0.06339783639374674 -0.41296865793726706 0 0 0 0 1
1685093663.209980011 0.06821840379360379 -0.43273616046971747 0 0 0 0 1
1685093663.243313313 0.07310770385307917 -0.45298633519180853 0 0 0 0 1
1685093663.276646614 0.07947575523852698 -0.47843627997419785 0 0 0 0 1
1685093663.309980154 0.08619126702147188 -0.5042624436478168 0 0 0 0 1
1685093663.343313456 0.09174712902640063 -0.5251369801410006 0 0 0 0 1
1685093663.376646757 0.09741346243550289 -0.5463140100943831 0 0 0 0 1
1685093663.409980059 0.10321960174997535 -0.5677277133942505 0 0 0 0 1
1685093663.443313360 0.10914836907788714 -0.5873759777734138 0 0 0 0 1
1685093663.476646662 0.11405188666567005 -0.6089435258767936 0 0 0 0 1
1685093663.509979963 0.1189922009759474 -0.6307472899192738 0 0 0 0 1
1685093663.543313265 0.12385179938591627 -0.6528445663044444 0 0 0 0 1
1685093663.576646805 0.12790378671926203 -0.6718242734211475 0 0 0 0 1
1685093663.609980106 0.13447051281957925 -0.6936169500804991 0 0 0 0 1
1685093663.643313408 0.1406431811391651 -0.7156207637207841 0 0 0 0 1
1685093663.676646709 0.14706963848129273 -0.7379821006069714 0 0 0 0 1
1685093663.709980011 0.15358195593672924 -0.7606804533832107 0 0 0 0 1
1685093663.743313313 0.1601585546914491 -0.7833245582993038 0 0 0 0 1
1685093663.776646614 0.16693461601413992 -0.8062260205982326 0 0 0 0 1
1685093663.809980154 0.1744857159757944 -0.8289453753903822 0 0 0 0 1
1685093663.843313456 0.1821916209618161 -0.8519490795219543 0 0 0 0 1
1685093663.876646757 0.18999847978683 -0.8749605855612888 0 0 0 0 1
1685093663.909980059 0.1980155363319959 -0.8980428890293076 0 0 0 0 1
1685093663.943313360 0.20579657012697794 -0.9209440507639153 0 0 0 0 1
1685093663.976646662 0.21351143031138675 -0.9437619903710353 0 0 0 0 1
1685093664.009979963 0.22119753041891044 -0.9666522363505912 0 0 0 0 1
1685093664.043313265 0.22899204566101103 -0.989538534679353 0 0 0 0 1
1685093664.076646805 0.2367459305828827 -1.012426632703909 0 0 0 0 1
1685093664.109980106 0.24432654784948013 -1.0349121723392107 0 0 0 0 1
1685093664.143313408 0.25430033090154325 -1.06329804089391 0 0 0 0 1
1685093664.176646709 0.26234590247849254 -1.0862661325487657 0 0 0 0 1
1685093664.209980011 0.27147453271161104 -1.1066334335611163 0 0 0 0 1
1685093664.243313313 0.28266696933578844 -1.1259437469421694 0 0 0 0 1
1685093664.276646614 0.2953918793483063 -1.146706385895737 0 0 0 0 1
1685093664.309980154 0.3082254848634708 -1.1676490264032118 0 0 0 0 1
1685093664.343313456 0.3210665022136646 -1.188444050391566 0 0 0 0 1
1685093664.376646757 0.33405473413717746 -1.2093513150551916 0 0 0 0 1
1685093664.409980059 0.35021061170535356 -1.2350358424698946 0 0 0 0 1
1685093664.443313360 0.3629361702118926 -1.2552840711377302 0 0 0 0 1
1685093664.476646662 0.3753171639883963 -1.2751267377928788 0 0 0 0 1
1685093664.509979963 0.3873750469486279 -1.2946190127366208 0 0 0 0 1
1685093664.543313265 0.3991317276361201 -1.3139317840771916 0 0 0 0 1
1685093664.576646805 0.41319219033152754 -1.337312418672185 0 0 0 0 1
1685093664.609980106 0.42431197306825086 -1.3557693417423393 0 0 0 0 1
