1685094327.872991323 -9.62591964494937e-20 -3.3145898981618687e-19 0 0 0 0 1
1685094327.906324625 0.0014600225142325143 -0.011566281727458973 0 0 0 0 1
1685094327.939657927 -0.00032288261840363264 -0.02768705479573254 0 0 0 0 1
1685094327.972991467 -0.0009279094117823635 -0.04309520322195268 0 0 0 0 1
1685094328.006324768 -0.002820929655105019 -0.06081695169271612 0 0 0 0 1
1685094328.039658070 -0.004885907352150174 -0.07942752204602473 0 0 0 0 1
1685094328.072991371 -0.0071598946903093505 -0.09877734472014703 0 0 0 0 1
1685094328.106324673 -0.009737533747059376 -0.11845457661295189 0 0 0 0 1
1685094328.139657974 -0.012437460474728343 -0.1386155938761498 0 0 0 0 1
1685094328.172991276 -0.01537797408059345 -0.15952708231895535 0 0 0 0 1
1685094328.206324577 -0.01856425223772634 -0.18092665028101662 0 0 0 0 1
1685094328.239658117 -0.021770108749771633 -0.20245666894065448 0 0 0 0 1
1685094328.272991419 -0.02543787051764341 -0.22425278580176103 0 0 0 0 1
1685094328.306324720 -0.028891020375844022 -0.246430708638546 0 0 0 0 1
1685094328.339658022 -0.03258616521196399 -0.268745722653904 0 0 0 0 1
1685094328.372991323 -0.03612685755011539 -0.2912276287951245 0 0 0 0 1
1685094328.406324625 -0.03946665006339111 -0.3140964116313383 0 0 0 0 1
1685094328.439657927 -0.042788336526565746 -0.3371747068037656 0 0 0 0 1
1685094328.472991467 -0.045698375500451374 -0.3611384031093132 0 0 0 0 1
1685094328.506324768 -0.04864399586774661 -0.3856056923364012 0 0 0 0 1
1685094328.539658070 -0.05161215263057376 -0.4107748636409828 0 0 0 0 1
1685094328.572991371 -0.05463127728806124 -0.43666616672134617 0 0 0 0 1
1685094328.606324673 -0.05760542764876533 -0.46256267456562133 0 0 0 0 1
1685094328.639657974 -0.06073594862581749 -0.48935469626792616 0 0 0 0 1
1685094328.672991276 -0.06386447106258003 -0.5167821664203661 0 0 0 0 1
1685094328.706324577 -0.06692564528323296 -0.5442172349274998 0 0 0 0 1
1685094328.739658117 -0.07024877733985344 -0.5714833450280408 0 0 0 0 1
1685094328.772991419 -0.07361314760792173 -0.5987443974541651 0 0 0 0 1
1685094328.806324720 -0.07701874839015625 -0.6260003298358066 0 0 0 0 1
1685094328.839658022 -0.08045366491683793 -0.6539676222464385 0 0 0 0 1
1685094328.872991323 -0.08394023094446784 -0.6818766850309111 0 0 0 0 1
1685094328.906324625 -0.0874817226669232 -0.7097788312665048 0 0 0 0 1
1685094328.939657927 -0.09107812636420556 -0.7376739528582605 0 0 0 0 1
1685094328.972991467 -0.09472942810358359 -0.7655619417384341 0 0 0 0 1
1685094329.006324768 -0.0940450272166781 -0.7845188530513566 0 0 0 0 1
1685094329.039658070 -0.11210848621065653 -0.7787271054504281 0 0 0 0 1
1685094329.072991371 -0.10052849857965143 -0.763702566270614 0 0 0 0 1
1685094329.106324673 -0.0903274023472342 -0.7796953936240547 0 0 0 0 1
1685094329.139657974 -0.10883353892593885 -0.7838614229122778 0 0 0 0 1
1685094329.172991276 -0.10646968571858319 -0.7650400231472742 0 0 0 0 1
1685094329.206324577 -0.0895685138448103 -0.7736529947827314 0 0 0 0 1
1685094329.239658117 -0.10340760766566254 -0.7866265206457207 0 0 0 0 1
1685094329.272991419 -0.11091257123784004 -0.769205027802675 0 0 0 0 1
1685094329.306324720 -0.09197789804358905 -0.7680600203236972 0 0 0 0 1
1685094329.339658022 -0.09732884366307709 -0.7862589288645214 0 0 0 0 1
1685094329.372991323 -0.11263043218414948 -0.7750475828332999 0 0 0 0 1
1685094329.406324625 -0.096890301047857 -0.7644607436963187 0 0 0 0 1
1685094329.439657927 -0.09227565148142797 -0.7828601431560581 0 0 0 0 1
1685094329.472991467 -0.11114895080967968 -0.780954503219917 0 0 0 0 1
1685094329.506324768 -0.10294936166060799 -0.7638489594142841 0 0 0 0 1
1685094329.539658070 -0.08964326554880458 -0.7773686005842062 0 0 0 0 1
1685094329.572991371 -0.10687717821399893 -0.7852948320562526 0 0 0 0 1
1685094329.606324673 -0.10425342121971519 -0.7551298073099127 0 0 0 0 1
1685094329.639657974 -0.10195570067696869 -0.7244304709951281 0 0 0 0 1
1685094329.672991276 -0.09967803292803208 -0.6935203486267796 0 0 0 0 1
1685094329.706324577 -0.09739264306943338 -0.6626107962457592 0 0 0 0 1
1685094329.739658117 -0.0947738883893854 -0.6319362219345029 0 0 0 0 1
1685094329.772991419 -0.09217739457304626 -0.6012597553010596 0 0 0 0 1
1685094329.806324720 -0.08980949143063031 -0.5705115408626025 0 0 0 0 1
1685094329.839658022 -0.08710315066144157 -0.5397998614996841 0 0 0 0 1
1685094329.872991323 -0.08429352261538316 -0.5090974589895795 0 0 0 0 1
1685094329.906324625 -0.08093179663546768 -0.479141127568654 0 0 0 0 1
1685094329.939657927 -0.07785661238753741 -0.4493345142600855 0 0 0 0 1
1685094329.972991467 -0.07064925355188847 -0.43098492495242036 0 0 0 0 1
1685094330.006324768 -0.06049886192152414 -0.40320525363477716 0 0 0 0 1
1685094330.039658070 -0.0495726578770871 -0.38324333648102565 0 0 0 0 1
1685094330.072991371 -0.03444832696467831 -0.3574250243766209 0 0 0 0 1
1685094330.106324673 -0.019306510527276315 -0.3316169632242499 0 0 0 0 1
1685094330.139657974 -0.0038135155442820872 -0.30728622452936155 0 0 0 0 1
1685094330.172991276 0.015058859749991814 -0.31092734723639553 0 0 0 0 1
1685094330.206324577 0.015813359725924684 -0.3285854686633679 0 0 0 0 1
1685094330.239658117 0.0368844368234931 -0.3496900423215218 0 0 0 0 1
1685094330.272991419 0.05666863191213808 -0.3696904654925256 0 0 0 0 1
1685094330.306324720 0.06243234692105015 -0.39585920388311574 0 0 0 0 1
1685094330.339658022 0.06016861257444896 -0.42255936842319153 0 0 0 0 1
1685094330.372991323 0.050081481061832404 -0.44738421600593176 0 0 0 0 1
1685094330.406324625 0.04584863588873427 -0.47502598645216126 0 0 0 0 1
1685094330.439657927 0.04176295245092144 -0.5026898915002098 0 0 0 0 1
1685094330.472991467 0.03767083716252021 -0.5303022706613788 0 0 0 0 1
1685094330.506324768 0.033643033083363166 -0.5579241041409587 0 0 0 0 1
1685094330.539658070 0.029679562055065722 -0.5855552421537438 0 0 0 0 1
1685094330.572991371 0.026065520992125526 -0.6125791343948824 0 0 0 0 1
1685094330.606324673 0.022706374889932303 -0.6395591456055828 0 0 0 0 1
1685094330.639657974 0.019572904265553002 -0.6665662970531446 0 0 0 0 1
