1685093634.265682697 -1.1439563591059119e-21 -3.6066594290537247e-19 0 0 0 0 1
1685093634.299015999 -0.0002557979333182225 -0.00867673522339914 0 0 0 0 1
1685093634.332349300 -0.00045703715007419914 -0.01785003067198166 0 0 0 0 1
1685093634.365682602 -0.0006810047920394117 -0.027519105111246035 0 0 0 0 1
1685093634.399016142 -0.000881019536428472 -0.03750104372941667 0 0 0 0 1
1685093634.432349443 -0.0011151341114072517 -0.048027016276390985 0 0 0 0 1
1685093634.465682745 -0.0013472052402070931 -0.059255394514332115 0 0 0 0 1
1685093634.499016047 -0.0014660606353161351 -0.07128235208016674 0 0 0 0 1
1685093634.532349348 -0.002384761818865104 -0.08352071994899504 0 0 0 0 1
1685093634.565682650 -0.0024732828458440153 -0.09698304257374786 0 0 0 0 1
1685093634.599015951 -0.0025042085719169573 -0.11081907349678204 0 0 0 0 1
1685093634.632349491 -0.0025157689923343694 -0.12499691718856731 0 0 0 0 1
1685093634.665682793 -0.002550294399286382 -0.13963303209404948 0 0 0 0 1
1685093634.699016094 -0.0025816327261335213 -0.15452064285326295 0 0 0 0 1
1685093634.732349396 -0.002587432905955002 -0.16978970388757375 0 0 0 0 1
1685093634.765682697 -0.0025703193913996308 -0.1854631968536738 0 0 0 0 1
1685093634.799015999 -0.0024994930943278717 -0.20169358589348885 0 0 0 0 1
1685093634.832349300 -0.0023303973519514898 -0.2184308912697793 0 0 0 0 1
1685093634.865682602 -0.002162167358305712 -0.23575729547430138 0 0 0 0 1
1685093634.899016142 -0.0020021419628547654 -0.2534056576677367 0 0 0 0 1
1685093634.932349443 -0.0015661247985507341 -0.27125348214865275 0 0 0 0 1
1685093634.965682745 -0.0011332341437803202 -0.28933968248967246 0 0 0 0 1
1685093634.999016047 -0.000570486369169636 -0.30774423535648365 0 0 0 0 1
1685093635.032349348 -5.683309560048325e-05 -0.3264552720098763 0 0 0 0 1
1685093635.065682650 0.0002766073457136609 -0.345375223897298 0 0 0 0 1
1685093635.099015951 0.00047497170897899696 -0.3637298759737777 0 0 0 0 1
1685093635.132349491 0.0013437473313936562 -0.38351405499610725 0 0 0 0 1
1685093635.165682793 0.0022590477750353004 -0.40364292295071963 0 0 0 0 1
1685093635.199016094 0.003261907764243625 -0.42430983468399774 0 0 0 0 1
1685093635.232349396 0.00432000461336942 -0.445196690946961 0 0 0 0 1
1685093635.265682697 0.005264110164548004 -0.4661114841869354 0 0 0 0 1
1685093635.299015999 0.006791047420514343 -0.4874007510423009 0 0 0 0 1
1685093635.332349300 0.007585636511178767 -0.5085614224671818 0 0 0 0 1
1685093635.365682602 0.008033677382994896 -0.529735257599358 0 0 0 0 1
1685093635.399016142 0.008415545977157622 -0.5508788691012296 0 0 0 0 1
1685093635.432349443 0.009031735244955659 -0.572187463074648 0 0 0 0 1
1685093635.465682745 0.010320589651566686 -0.5911209600680045 0 0 0 0 1
1685093635.499016047 0.01229824412418342 -0.6126203089320054 0 0 0 0 1
1685093635.532349348 0.014400864858318147 -0.6343144166499705 0 0 0 0 1
1685093635.565682650 0.015641710053825014 -0.6525645319433424 0 0 0 0 1
1685093635.599015951 0.01536206066339109 -0.671813828940628 0 0 0 0 1
1685093635.632349491 0.017167470350864734 -0.6937182447715329 0 0 0 0 1
1685093635.665682793 0.01909793088444058 -0.7160991203853743 0 0 0 0 1
1685093635.699016094 0.02116079065498228 -0.7387155196083249 0 0 0 0 1
1685093635.732349396 0.023623363882878726 -0.7617785910481741 0 0 0 0 1
1685093635.765682697 0.026076147894330447 -0.7851788663468046 0 0 0 0 1
1685093635.799015999 0.028689097301607284 -0.8084986641143606 0 0 0 0 1
1685093635.832349300 0.03133224396099407 -0.8317747699461093 0 0 0 0 1
1685093635.865682602 0.03230179201983069 -0.8514257461699011 0 0 0 0 1
1685093635.899016142 0.03084661731195885 -0.8749750063459583 0 0 0 0 1
1685093635.932349443 0.0292202479262038 -0.8986491066666157 0 0 0 0 1
1685093635.965682745 0.027521208760819416 -0.9222175835977802 0 0 0 0 1
1685093635.999016047 0.025934799745572168 -0.9462908005738204 0 0 0 0 1
1685093636.032349348 0.02415509174526627 -0.970358922678582 0 0 0 0 1
1685093636.065682650 0.02228041783048674 -0.994579047285739 0 0 0 0 1
1685093636.099015951 0.020274943586722136 -1.018634263191153 0 0 0 0 1
1685093636.132349491 0.01825918473325609 -1.0429919681574729 0 0 0 0 1
1685093636.165682793 0.01606758699167637 -1.0671267674945493 0 0 0 0 1
1685093636.199016094 0.013905472182473703 -1.0911550966588164 0 0 0 0 1
1685093636.232349396 0.011936822439523993 -1.1150814529071258 0 0 0 0 1
1685093636.265682697 0.010029035874598493 -1.1389663902004106 0 0 0 0 1
1685093636.299015999 0.00808292285449848 -1.1627007024546436 0 0 0 0 1
1685093636.332349300 0.006412642331967213 -1.1862015274116526 0 0 0 0 1
1685093636.365682602 0.004930862193999625 -1.209616295970743 0 0 0 0 1
1685093636.399016142 0.0032662309531284934 -1.230534276847778 0 0 0 0 1
1685093636.432349443 0.0005436989928718488 -1.2537361528975184 0 0 0 0 1
1685093636.465682745 -0.0005634204918392642 -1.2750515176181332 0 0 0 0 1
1685093636.499016047 -0.001611076783313313 -1.2979240584730456 0 0 0 0 1
1685093636.532349348 -0.002538379289630115 -1.3206899318547831 0 0 0 0 1
1685093636.565682650 -0.003480159877906852 -1.3432011420173924 0 0 0 0 1
1685093636.599015951 -0.004889095308035615 -1.3631088298431653 0 0 0 0 1
1685093636.632349491 -0.008561969240657054 -1.3907054007955013 0 0 0 0 1
1685093636.665682793 -0.011517090798874832 -1.4120671413306383 0 0 0 0 1
1685093636.699016094 -0.014630290711576973 -1.432838198943653 0 0 0 0 1
