1685094135.152335882 1.6122796686747743e-17 -1.700567659628417e-16 0 0 0 0 1
1685094135.185669184 0.0003424803516176927 -0.0197960103252635 0 0 0 0 1
1685094135.219002485 0.0018840927965489375 -0.03786020289130897 0 0 0 0 1
1685094135.252335787 0.0033624553228369545 -0.0587748377607466 0 0 0 0 1
1685094135.285669088 0.0047660491310037014 -0.07990341300670054 0 0 0 0 1
1685094135.319002390 0.006093089155545134 -0.10101562662217774 0 0 0 0 1
1685094135.352335930 0.007538420128268999 -0.12236253847465542 0 0 0 0 1
1685094135.385669231 0.009193800859453606 -0.14418168564781994 0 0 0 0 1
1685094135.419002533 0.010943392639191262 -0.16628183218716305 0 0 0 0 1
1685094135.452335835 0.012883730219387584 -0.18833439335192145 0 0 0 0 1
1685094135.485669136 0.014867849522953542 -0.21045696944118256 0 0 0 0 1
1685094135.519002438 0.01696236509961467 -0.23293213491068537 0 0 0 0 1
1685094135.552335739 0.01927387185545643 -0.2557614003533121 0 0 0 0 1
1685094135.585669041 0.02149159839482387 -0.2784589115094106 0 0 0 0 1
1685094135.619002581 0.025398395441613902 -0.29753670604484833 0 0 0 0 1
1685094135.652335882 0.02941438828251432 -0.3200870764274472 0 0 0 0 1
1685094135.685669184 0.032475340256550654 -0.3423552092930109 0 0 0 0 1
1685094135.719002485 0.03612761478855184 -0.3666580482246923 0 0 0 0 1
1685094135.752335787 0.039687584305609265 -0.39144406801372017 0 0 0 0 1
1685094135.785669088 0.043209893701474184 -0.4163102602755575 0 0 0 0 1
1685094135.819002390 0.046707707808618715 -0.4413571572312794 0 0 0 0 1
1685094135.852335930 0.05012179759218028 -0.466422460055535 0 0 0 0 1
1685094135.885669231 0.053446653635922 -0.49170960980148415 0 0 0 0 1
1685094135.919002533 0.056513864586481916 -0.517174351934088 0 0 0 0 1
1685094135.952335835 0.05955598604022084 -0.5426078040526525 0 0 0 0 1
1685094135.985669136 0.06265042201120834 -0.56812302865313 0 0 0 0 1
1685094136.019002438 0.0656135239708864 -0.5938321950877149 0 0 0 0 1
1685094136.052335739 0.06858873528684596 -0.6194794934386452 0 0 0 0 1
1685094136.085669041 0.07145389095081171 -0.6449515252203055 0 0 0 0 1
1685094136.119002581 0.07442501733656845 -0.6703645927123465 0 0 0 0 1
1685094136.152335882 0.07753592047184117 -0.6958576214188751 0 0 0 0 1
1685094136.185669184 0.08045036414101585 -0.7217696273140065 0 0 0 0 1
1685094136.219002485 0.08338756090592168 -0.7477685217294018 0 0 0 0 1
1685094136.252335787 0.08630627916488115 -0.7737328885174355 0 0 0 0 1
1685094136.285669088 0.08910125548745913 -0.7993391599562117 0 0 0 0 1
1685094136.319002390 0.09248919351323005 -0.825269871880189 0 0 0 0 1
1685094136.352335930 0.09625033389655654 -0.8511371389751315 0 0 0 0 1
1685094136.385669231 0.09995943501666561 -0.8767808021319542 0 0 0 0 1
1685094136.419002533 0.10368372068237224 -0.9022368557787929 0 0 0 0 1
1685094136.452335835 0.10715737853544112 -0.9275386187378988 0 0 0 0 1
1685094136.485669136 0.1111265730952513 -0.9531664260754336 0 0 0 0 1
1685094136.519002438 0.11518469414099715 -0.9788101289033361 0 0 0 0 1
1685094136.552335739 0.11923169268777682 -1.0047398419679714 0 0 0 0 1
1685094136.585669041 0.12372921360396344 -1.0311202639676562 0 0 0 0 1
1685094136.619002581 0.12746903471961368 -1.0576738369340797 0 0 0 0 1
1685094136.652335882 0.13090991361197146 -1.0844944815616073 0 0 0 0 1
1685094136.685669184 0.13426447105666653 -1.1112852338116264 0 0 0 0 1
1685094136.719002485 0.13733737342182484 -1.1377731120728247 0 0 0 0 1
1685094136.752335787 0.14031322168356175 -1.1642746585357735 0 0 0 0 1
1685094136.785669088 0.14308507937969048 -1.1908534545185314 0 0 0 0 1
1685094136.819002390 0.14560548063646145 -1.217163990213808 0 0 0 0 1
1685094136.852335930 0.14802643369704366 -1.2431615568166536 0 0 0 0 1
1685094136.885669231 0.15047388300246717 -1.2691484665612163 0 0 0 0 1
1685094136.919002533 0.1527668444179901 -1.2951188219382392 0 0 0 0 1
1685094136.952335835 0.15497586330170224 -1.3210618292755076 0 0 0 0 1
1685094136.985669136 0.1590687832199234 -1.3449153587792695 0 0 0 0 1
1685094137.019002438 0.16418096652038097 -1.3708846992837205 0 0 0 0 1
1685094137.052335739 0.16969429423507726 -1.397192282838918 0 0 0 0 1
1685094137.085669041 0.17553092474526558 -1.4238667544196129 0 0 0 0 1
1685094137.119002581 0.1815490389484952 -1.4506566599491564 0 0 0 0 1
1685094137.152335882 0.18744913987497644 -1.4775991807548343 0 0 0 0 1
1685094137.185669184 0.1950936013754698 -1.4967579905406714 0 0 0 0 1
1685094137.219002485 0.20851988258266227 -1.5213128585884226 0 0 0 0 1
1685094137.252335787 0.2217113132448022 -1.5455558802118967 0 0 0 0 1
1685094137.285669088 0.23488291017295904 -1.5697531877716107 0 0 0 0 1
1685094137.319002390 0.2483883207684574 -1.594284235440959 0 0 0 0 1
1685094137.352335930 0.26228506119738637 -1.6190561279959717 0 0 0 0 1
1685094137.385669231 0.27500331959839636 -1.642489609522875 0 0 0 0 1
1685094137.419002533 0.284533031923123 -1.6654197611215389 0 0 0 0 1
1685094137.452335835 0.2929180719324225 -1.6927173039022243 0 0 0 0 1
1685094137.485669136 0.3011217229062766 -1.7200162219617419 0 0 0 0 1
1685094137.519002438 0.30988722317733897 -1.7449446871766672 0 0 0 0 1
1685094137.552335739 0.3158550080560472 -1.7671204600146513 0 0 0 0 1
1685094137.585669041 0.3227327919225408 -1.7943037941402962 0 0 0 0 1
1685094137.619002581 0.3291143541019061 -1.818845743770049 0 0 0 0 1
1685094137.652335882 0.3360538939595885 -1.8462829157541814 0 0 0 0 1
1685094137.685669184 0.3459221491777317 -1.868678162361468 0 0 0 0 1
1685094137.719002485 0.359323903758773 -1.8943641037167012 0 0 0 0 1
1685094137.752335787 0.3727028993848184 -1.919925415780578 0 0 0 0 1
1685094137.785669088 0.385933198614424 -1.94553434191339 0 0 0 0 1
1685094137.819002390 0.3991087531059772 -1.9710688341325764 0 0 0 0 1
1685094137.852335930 0.41219292931262386 -1.9954267008572246 0 0 0 0 1
1685094137.885669231 0.4262877770623047 -2.0207859403969217 0 0 0 0 1
1685094137.919002533 0.4405033797605617 -2.0458227297713862 0 0 0 0 1
1685094137.952335835 0.45454785706099254 -2.070795509633744 0 0 0 0 1
1685094137.985669136 0.4689943355888974 -2.0955856279608613 0 0 0 0 1
1685094138.019002438 0.48347765279049687 -2.1199988339763345 0 0 0 0 1
1685094138.052335739 0.49764354451475595 -2.1441680971305312 0 0 0 0 1
1685094138.085669041 0.5119729616384453 -2.1682675423055926 0 0 0 0 1
1685094138.119002581 0.5260208792282847 -2.1906270094643556 0 0 0 0 1
1685094138.152335882 0.5386083066210842 -2.216031161102457 0 0 0 0 1
1685094138.185669184 0.5510479044322046 -2.2414185970768776 0 0 0 0 1
1685094138.219002485 0.5636304663792654 -2.267144760835911 0 0 0 0 1
1685094138.252335787 0.5763836377120677 -2.2931905944766613 0 0 0 0 1
1685094138.285669088 0.5888764191008176 -2.319498660954577 0 0 0 0 1
1685094138.319002390 0.6013541712326531 -2.3459083010750508 0 0 0 0 1
1685094138.352335930 0.6137387539538044 -2.3719741064939046 0 0 0 0 1
1685094138.385669231 0.6260596204577965 -2.398000941758082 0 0 0 0 1
1685094138.419002533 0.6382414682218905 -2.4242222804501923 0 0 0 0 1
1685094138.452335835 0.6503853296047317 -2.450085809176281 0 0 0 0 1
1685094138.485669136 0.6628814409521904 -2.475649336806105 0 0 0 0 1
1685094138.519002438 0.6756058534367959 -2.5009819563975513 0 0 0 0 1
1685094138.552335739 0.6879716319275743 -2.525697857648402 0 0 0 0 1
1685094138.585669041 0.7000023907034374 -2.550213662660553 0 0 0 0 1
1685094138.619002581 0.7055132259311497 -2.571049298798869 0 0 0 0 1
1685094138.652335882 0.7152716234635486 -2.5966687322997233 0 0 0 0 1
1685094138.685669184 0.7249242570294845 -2.6220597688003666 0 0 0 0 1
1685094138.719002485 0.7358388137343671 -2.646693837344897 0 0 0 0 1
1685094138.752335787 0.7464115617355943 -2.6719524527475795 0 0 0 0 1
1685094138.785669088 0.7568912619973863 -2.6971537765978475 0 0 0 0 1
1685094138.819002390 0.7673325229243253 -2.7221891652160815 0 0 0 0 1
