1685094278.268537521 -5.029258213970143e-21 2.5005999973772178e-18 0 0 0 0 1
1685094278.301870823 0.0008827272395887471 -0.012947624826738408 0 0 0 0 1
1685094278.335204363 0.0014263307169450664 -0.02717436491221889 0 0 0 0 1
1685094278.368537664 0.0026367193238791527 -0.041382462239602825 0 0 0 0 1
1685094278.401870966 0.0038763406594806643 -0.05667370312906009 0 0 0 0 1
1685094278.435204268 0.005102814870998725 -0.0728044459534116 0 0 0 0 1
1685094278.468537569 0.006497679136603738 -0.08969838091610782 0 0 0 0 1
1685094278.501870871 0.007991609881214378 -0.10716252665025768 0 0 0 0 1
1685094278.535204172 0.009506536302504526 -0.1252907741915212 0 0 0 0 1
1685094278.568537712 0.010841023647127624 -0.14419173958101275 0 0 0 0 1
1685094278.601871014 0.012030512959157054 -0.16380190072228604 0 0 0 0 1
1685094278.635204315 0.012922621894218495 -0.18398195492470582 0 0 0 0 1
1685094278.668537617 0.013263782995799162 -0.2049791808668126 0 0 0 0 1
1685094278.701870918 0.008065115321044222 -0.2201082580030031 0 0 0 0 1
1685094278.735204220 0.020904876948549225 -0.23794493811438097 0 0 0 0 1
1685094278.768537521 0.0336776971302687 -0.25659585007175123 0 0 0 0 1
1685094278.801870823 0.046672911587482324 -0.2756179210963732 0 0 0 0 1
1685094278.835204363 0.06011593052022662 -0.2947284456615173 0 0 0 0 1
1685094278.868537664 0.07347641348793385 -0.3138967633250658 0 0 0 0 1
1685094278.901870966 0.08530756571010838 -0.3151218928159841 0 0 0 0 1
1685094278.935204268 0.09619561283368631 -0.33611737675899367 0 0 0 0 1
1685094278.968537569 0.10727221901498092 -0.3574131615032774 0 0 0 0 1
1685094279.001870871 0.11914041464240353 -0.3792440428224287 0 0 0 0 1
1685094279.035204172 0.13110919178013075 -0.4010199428141411 0 0 0 0 1
1685094279.068537712 0.14317829572419943 -0.4227403980720059 0 0 0 0 1
1685094279.101871014 0.15582680234345786 -0.44472936759018844 0 0 0 0 1
1685094279.135204315 0.16886239589615817 -0.4668584265484328 0 0 0 0 1
1685094279.168537617 0.18203922417349847 -0.48890367878555047 0 0 0 0 1
1685094279.201870918 0.19542132713307378 -0.5110592111157422 0 0 0 0 1
1685094279.235204220 0.17127494470796586 -0.5103211208885935 0 0 0 0 1
1685094279.268537521 0.1611875840561137 -0.5107939312767658 0 0 0 0 1
1685094279.301870823 0.1831046166010996 -0.5268308538884486 0 0 0 0 1
1685094279.335204363 0.2051017167966824 -0.5433080299177416 0 0 0 0 1
1685094279.368537664 0.22694787542843275 -0.5599848131792466 0 0 0 0 1
1685094279.401870966 0.2451936533805278 -0.5677526889377169 0 0 0 0 1
1685094279.435204268 0.2728775120880965 -0.5733479447670553 0 0 0 0 1
1685094279.468537569 0.3006294250340635 -0.5787968688227662 0 0 0 0 1
1685094279.501870871 0.3284956621211217 -0.5840122169378615 0 0 0 0 1
1685094279.535204172 0.3563515306855564 -0.5892826639658378 0 0 0 0 1
1685094279.568537712 0.38419692178237025 -0.5946081892938452 0 0 0 0 1
1685094279.601871014 0.41203172650754344 -0.599988772093621 0 0 0 0 1
1685094279.635204315 0.44086504945440186 -0.6056283908756679 0 0 0 0 1
1685094279.668537617 0.46970068251173763 -0.6112561860342832 0 0 0 0 1
1685094279.701870918 0.4985386208310612 -0.6168721566231965 0 0 0 0 1
1685094279.735204220 0.5273788595634954 -0.6224763016981256 0 0 0 0 1
1685094279.768537521 0.5552959068665244 -0.6275839053681771 0 0 0 0 1
1685094279.801870823 0.5832207113853761 -0.6326489263902269 0 0 0 0 1
1685094279.835204363 0.6111532081675932 -0.6376713529831516 0 0 0 0 1
1685094279.868537664 0.639398135827165 -0.6425639244477876 0 0 0 0 1
1685094279.901870966 0.6676729854083724 -0.6472804989665576 0 0 0 0 1
1685094279.935204268 0.6958762709634264 -0.6521758704069338 0 0 0 0 1
1685094279.968537569 0.7240864230840426 -0.6570315160870532 0 0 0 0 1
1685094280.001870871 0.7528300565331159 -0.6619560556358794 0 0 0 0 1
1685094280.035204172 0.7815861290804132 -0.6668074312425716 0 0 0 0 1
1685094280.068537712 0.8097265477304688 -0.6715095316723633 0 0 0 0 1
1685094280.101871014 0.8484738858025225 -0.6860741392742274 0 0 0 0 1
1685094280.135204315 0.8885861588850795 -0.6962961523057523 0 0 0 0 1
1685094280.168537617 0.8965166791398584 -0.6926805092137271 0 0 0 0 1
1685094280.201870918 0.9241784575964687 -0.6859355711655388 0 0 0 0 1
1685094280.235204220 0.9518172616992 -0.6790971002525844 0 0 0 0 1
1685094280.268537521 0.9499243988169574 -0.6737472325046193 0 0 0 0 1
1685094280.301870823 0.9553818349275833 -0.7019441468967947 0 0 0 0 1
1685094280.335204363 0.9609346305548544 -0.7301224373144726 0 0 0 0 1
1685094280.368537664 0.9675317692200729 -0.7625576047340302 0 0 0 0 1
1685094280.401870966 0.986136136115464 -0.7899335039251898 0 0 0 0 1
1685094280.435204268 1.0138647749928817 -0.8080079308900652 0 0 0 0 1
1685094280.468537569 1.0429588811652766 -0.8136697070081486 0 0 0 0 1
1685094280.501870871 1.0719321158342296 -0.8199206585836816 0 0 0 0 1
1685094280.535204172 1.1005465129551701 -0.8265284965835183 0 0 0 0 1
1685094280.568537712 1.1275537733420304 -0.8483735914962125 0 0 0 0 1
1685094280.601871014 1.150757145403676 -0.8661870282157069 0 0 0 0 1
1685094280.635204315 1.1739689627494134 -0.8839894589008329 0 0 0 0 1
1685094280.668537617 1.1971892201587608 -0.9017808795477132 0 0 0 0 1
1685094280.701870918 1.2204179124093382 -0.919561286154947 0 0 0 0 1
1685094280.735204220 1.2431315442814408 -0.9357280504227447 0 0 0 0 1
1685094280.768537521 1.2659186697032365 -0.9517910593165753 0 0 0 0 1
1685094280.801870823 1.2887788147261456 -0.9677499787425105 0 0 0 0 1
1685094280.835204363 1.3109433994876714 -0.9830626468443215 0 0 0 0 1
1685094280.868537664 1.3327854292738812 -0.9981344033014369 0 0 0 0 1
1685094280.901870966 1.354880817029508 -1.013061508577537 0 0 0 0 1
1685094280.935204268 1.3764917969610897 -1.027714081984928 0 0 0 0 1
1685094280.968537569 1.3732858966214314 -1.0265551313518853 0 0 0 0 1
1685094281.001870871 1.3707885608584067 -1.028875535981335 0 0 0 0 1
1685094281.035204172 1.3717092337908754 -1.0321578103313966 0 0 0 0 1
1685094281.068537712 1.3750490461841895 -1.032840903835331 0 0 0 0 1
1685094281.101871014 1.3557510703785978 -1.0469077987766855 0 0 0 0 1
1685094281.135204315 1.3367593512398612 -1.0605912237871045 0 0 0 0 1
1685094281.168537617 1.317899292397061 -1.0740216922573957 0 0 0 0 1
1685094281.201870918 1.299170709591531 -1.087288765210782 0 0 0 0 1
