1685094366.379138947 -1.6772919219604913e-18 -7.424561744722332e-17 0 0 0 0 1
1685094366.412472248 -0.0006609200400649602 -0.012438138794066153 0 0 0 0 1
1685094366.445805550 -0.0014440104561107138 -0.025672524826041907 0 0 0 0 1
1685094366.479138851 -0.0023516682767546096 -0.03984453224246005 0 0 0 0 1
1685094366.512472391 -0.00320034591045546 -0.05503955526513204 0 0 0 0 1
1685094366.545805693 -0.004086413272754953 -0.07125313964473566 0 0 0 0 1
1685094366.579138994 -0.005148925584520195 -0.08779160553874292 0 0 0 0 1
1685094366.612472296 -0.006280887852788781 -0.10458988128053749 0 0 0 0 1
1685094366.645805597 -0.007420531345385958 -0.12174252262387004 0 0 0 0 1
1685094366.679138899 -0.008582062206371139 -0.1395800787134695 0 0 0 0 1
1685094366.712472200 -0.009477786108669792 -0.1581448745793792 0 0 0 0 1
1685094366.745805740 -0.008706612400926317 -0.17481577131871595 0 0 0 0 1
1685094366.779139042 -0.01180011868562531 -0.19394901748460613 0 0 0 0 1
1685094366.812472343 -0.014781126959715047 -0.2137661551800544 0 0 0 0 1
1685094366.845805645 -0.017645004364782613 -0.23404518663919352 0 0 0 0 1
1685094366.879138947 -0.020079290611940304 -0.2547791036835519 0 0 0 0 1
1685094366.912472248 -0.022392046076691718 -0.2758608116726686 0 0 0 0 1
1685094366.945805550 -0.02471716035704755 -0.29691131601955045 0 0 0 0 1
1685094366.979138851 -0.02710264560341275 -0.31830540390889744 0 0 0 0 1
1685094367.012472391 -0.027030459691512083 -0.34143955221184796 0 0 0 0 1
1685094367.045805693 -0.028405776035704645 -0.36337038125437726 0 0 0 0 1
1685094367.079138994 -0.030038168876144265 -0.38583457163875606 0 0 0 0 1
1685094367.112472296 -0.03187974377435625 -0.40866440388448777 0 0 0 0 1
1685094367.145805597 -0.030804562556351514 -0.4272506443956262 0 0 0 0 1
1685094367.179138899 -0.02853991871687965 -0.45075490198531254 0 0 0 0 1
1685094367.212472200 -0.026215972816462638 -0.47448299206997924 0 0 0 0 1
1685094367.245805740 -0.023687121773912446 -0.4987999276852794 0 0 0 0 1
1685094367.279139042 -0.021466099760455125 -0.5234411801441925 0 0 0 0 1
1685094367.312472343 -0.019588552134611362 -0.5481316983158929 0 0 0 0 1
1685094367.345805645 -0.017723378495965187 -0.5727176733126225 0 0 0 0 1
1685094367.379138947 -0.01600646332410797 -0.5978390325508687 0 0 0 0 1
1685094367.412472248 -0.014711709634948049 -0.6232878692093655 0 0 0 0 1
1685094367.445805550 -0.013308763207910954 -0.6486437538920279 0 0 0 0 1
1685094367.479138851 -0.01184821238135393 -0.6741602392342205 0 0 0 0 1
1685094367.512472391 -0.01033919227546277 -0.6996536622602604 0 0 0 0 1
1685094367.545805693 -0.008517978797732393 -0.7253165165887785 0 0 0 0 1
1685094367.579138994 -0.006750420844497898 -0.7515167693749208 0 0 0 0 1
1685094367.612472296 -0.003938310025293826 -0.7781631207970089 0 0 0 0 1
1685094367.645805597 -0.001231020983816418 -0.805020653451325 0 0 0 0 1
1685094367.679138899 0.0017575229961655575 -0.8318483458439162 0 0 0 0 1
1685094367.712472200 0.005065284295212976 -0.859965998738556 0 0 0 0 1
1685094367.745805740 0.008711149595793255 -0.8880734223697048 0 0 0 0 1
1685094367.779139042 0.012496802935858453 -0.9161623601523925 0 0 0 0 1
1685094367.812472343 0.01642215061925108 -0.9442321168762285 0 0 0 0 1
1685094367.845805645 0.020487095492333074 -0.9722819978055596 0 0 0 0 1
1685094367.879138947 0.02395050921996681 -1.0003776493900387 0 0 0 0 1
1685094367.912472248 0.027351105771681993 -1.0284464018546227 0 0 0 0 1
1685094367.945805550 0.03062845109985517 -1.056529812071787 0 0 0 0 1
1685094367.979138851 0.03363333164449744 -1.0851455357551654 0 0 0 0 1
1685094368.012472391 0.03643873029658818 -1.1139711919569135 0 0 0 0 1
1685094368.045805693 0.039293247276193814 -1.1426001998998976 0 0 0 0 1
1685094368.079138994 0.04198964227039685 -1.1712445329698358 0 0 0 0 1
1685094368.112472296 0.04475445597928838 -1.2006453594500426 0 0 0 0 1
1685094368.145805597 0.047810348814013165 -1.2300173582166702 0 0 0 0 1
1685094368.179138899 0.05115702095743817 -1.2593576475494037 0 0 0 0 1
1685094368.212472200 0.05479414406374059 -1.2886633488389772 0 0 0 0 1
1685094368.245805740 0.05942203085599343 -1.3181635947442694 0 0 0 0 1
1685094368.279139042 0.0638185531428169 -1.3476123039700132 0 0 0 0 1
1685094368.312472343 0.068736053845141 -1.3768180039508118 0 0 0 0 1
1685094368.345805645 0.07400811446900363 -1.4058516773767447 0 0 0 0 1
1685094368.379138947 0.07924873995112339 -1.4351032276531088 0 0 0 0 1
1685094368.412472248 0.08583088815238883 -1.4712569919455687 0 0 0 0 1
1685094368.445805550 0.09124270119878689 -1.500195296221225 0 0 0 0 1
1685094368.479138851 0.09674082752264093 -1.5295291714118988 0 0 0 0 1
1685094368.512472391 0.10220639513201962 -1.5588691304691713 0 0 0 0 1
1685094368.545805693 0.10110168934359315 -1.5831018831510928 0 0 0 0 1
1685094368.579138994 0.09759978681400533 -1.6071057027658002 0 0 0 0 1
1685094368.612472296 0.09394613224743438 -1.6277675789195232 0 0 0 0 1
1685094368.645805597 0.09894778570852024 -1.6321239680742399 0 0 0 0 1
1685094368.679138899 0.0950660151022005 -1.637502306179272 0 0 0 0 1
1685094368.712472200 0.08935587686074993 -1.6341275491397727 0 0 0 0 1
1685094368.745805740 0.09219545655778184 -1.6281332642819826 0 0 0 0 1
1685094368.779139042 0.11293880802954721 -1.6479035237445914 0 0 0 0 1
1685094368.812472343 0.1337449643951885 -1.6676076767786234 0 0 0 0 1
1685094368.845805645 0.15461371498292192 -1.687245523870579 0 0 0 0 1
1685094368.879138947 0.17554484848716911 -1.7068168661783372 0 0 0 0 1
1685094368.912472248 0.19672350735108873 -1.7256737528296306 0 0 0 0 1
1685094368.945805550 0.2173139398293847 -1.7442032757009822 0 0 0 0 1
1685094368.979138851 0.2378156341873925 -1.7625783458107276 0 0 0 0 1
1685094369.012472391 0.2501525509203782 -1.7838719754021517 0 0 0 0 1
1685094369.045805693 0.23078725506271067 -1.7686863410064997 0 0 0 0 1
1685094369.079138994 0.2544084209667572 -1.7755898688717953 0 0 0 0 1
1685094369.112472296 0.23186230457543622 -1.7866913179947528 0 0 0 0 1
1685094369.145805597 0.20777186627036126 -1.7938481552312688 0 0 0 0 1
1685094369.179138899 0.1828215917890629 -1.7968570321427555 0 0 0 0 1
1685094369.212472200 0.15841102482274827 -1.7940359482939148 0 0 0 0 1
1685094369.245805740 0.13645346009934192 -1.7991640033460237 0 0 0 0 1
1685094369.279139042 0.12065987516045025 -1.780279271719676 0 0 0 0 1
1685094369.312472343 0.1048492208295537 -1.7613760843886557 0 0 0 0 1
1685094369.345805645 0.08907116912261975 -1.7424456758886773 0 0 0 0 1
1685094369.379138947 0.07421872229932307 -1.7244739098666617 0 0 0 0 1
