1685094235.602992058 3.4546129084053865e-19 -3.722003859518697e-17 0 0 0 0 1
1685094235.636325359 7.965825379132589e-05 -0.020679154290203946 0 0 0 0 1
1685094235.669658661 0.00013895495903012276 -0.042060328910670484 0 0 0 0 1
1685094235.702991962 0.00015936220343986293 -0.06411788957869212 0 0 0 0 1
1685094235.736325264 0.0001267092640997273 -0.08671423242425294 0 0 0 0 1
1685094235.769658566 0.00018946183036712262 -0.10978470701229937 0 0 0 0 1
1685094235.802991867 0.00046465151302231116 -0.13327310856092475 0 0 0 0 1
1685094235.836325407 0.0005960917843277395 -0.1571104673180618 0 0 0 0 1
1685094235.869658709 0.0006249867307803616 -0.18020397323082377 0 0 0 0 1
1685094235.902992010 0.0002436782970648587 -0.205153218167301 0 0 0 0 1
1685094235.936325312 -0.00023141110515382488 -0.23088360590638785 0 0 0 0 1
1685094235.969658613 -0.000718980513267934 -0.2574034662678848 0 0 0 0 1
1685094236.002991915 -0.0012108758091519173 -0.28449779072709025 0 0 0 0 1
1685094236.036325216 -0.0017980815292597187 -0.3118712955514414 0 0 0 0 1
1685094236.069658756 -0.002522642615456116 -0.3395233544686351 0 0 0 0 1
1685094236.102992058 -0.0032403390980023936 -0.3677779739294017 0 0 0 0 1
1685094236.136325359 -0.003952387842506628 -0.39622611024129684 0 0 0 0 1
1685094236.169658661 -0.004531921393569305 -0.4241876140345758 0 0 0 0 1
1685094236.202991962 -0.005181122189120725 -0.4520449998810226 0 0 0 0 1
1685094236.236325264 -0.005567510672080316 -0.47629300536663294 0 0 0 0 1
1685094236.269658566 -0.004938936965764527 -0.5042152633748539 0 0 0 0 1
1685094236.302991867 -0.004217195875125651 -0.5313901076423962 0 0 0 0 1
1685094236.336325407 -0.0032498471480134385 -0.5582073191592972 0 0 0 0 1
1685094236.369658709 -0.001388603670063503 -0.5855418000546723 0 0 0 0 1
1685094236.402992010 0.0004050485293149506 -0.6135426332328523 0 0 0 0 1
1685094236.436325312 0.002315841300347959 -0.6415365313166528 0 0 0 0 1
1685094236.469658613 0.004038897681659563 -0.6696136511670372 0 0 0 0 1
1685094236.502991915 0.005668935335330287 -0.6979529313133085 0 0 0 0 1
1685094236.536325216 0.008668701647540708 -0.726098841101142 0 0 0 0 1
1685094236.569658756 0.010790610663667802 -0.7551284133204993 0 0 0 0 1
1685094236.602992058 0.01222155230464731 -0.7843423726705264 0 0 0 0 1
1685094236.636325359 0.013490515888526431 -0.8135741377520329 0 0 0 0 1
1685094236.669658661 0.014526382320912199 -0.843112098944679 0 0 0 0 1
1685094236.702991962 0.01579533445904359 -0.8727469875105642 0 0 0 0 1
1685094236.736325264 0.017172064171454827 -0.9025178618640557 0 0 0 0 1
1685094236.769658566 0.017994440487302966 -0.9315982308871444 0 0 0 0 1
1685094236.802991867 0.01737494449661101 -0.96171992347199 0 0 0 0 1
1685094236.836325407 0.017061160428210112 -0.9919593900852043 0 0 0 0 1
1685094236.869658709 0.01696865786115766 -1.0217868785885664 0 0 0 0 1
1685094236.902992010 0.017054630349450723 -1.0515379368517928 0 0 0 0 1
1685094236.936325312 0.017309098839280078 -1.0814526680040981 0 0 0 0 1
1685094236.969658613 0.01755259931824322 -1.1110126735247225 0 0 0 0 1
1685094237.002991915 0.01770769878728171 -1.1403940147303144 0 0 0 0 1
1685094237.036325216 0.01775826497004362 -1.1696983797384843 0 0 0 0 1
1685094237.069658756 0.01748297250158893 -1.1991355564186958 0 0 0 0 1
1685094237.102992058 0.016688130340588664 -1.2287005421642094 0 0 0 0 1
1685094237.136325359 0.016303308727150752 -1.2563924202447996 0 0 0 0 1
1685094237.169658661 0.018292927706129822 -1.2852525502583723 0 0 0 0 1
1685094237.202991962 0.020786470430721172 -1.314210147328099 0 0 0 0 1
1685094237.236325264 0.022643755747466576 -1.3442515687540417 0 0 0 0 1
1685094237.269658566 0.024346598949033654 -1.3743742387680906 0 0 0 0 1
1685094237.302991867 0.026095379956557842 -1.404678028728932 0 0 0 0 1
1685094237.336325407 0.030249357266376987 -1.4341346622522169 0 0 0 0 1
1685094237.369658709 0.03456706940240179 -1.4633530793789835 0 0 0 0 1
1685094237.402992010 0.03972641595545272 -1.4931593180369125 0 0 0 0 1
1685094237.436325312 0.0452668803110299 -1.5229820858161485 0 0 0 0 1
1685094237.469658613 0.05094362170091786 -1.5526798169207585 0 0 0 0 1
1685094237.502991915 0.056963234658758084 -1.5824593284722426 0 0 0 0 1
1685094237.536325216 0.06261038339961442 -1.6112198665334907 0 0 0 0 1
1685094237.569658756 0.066750351425037 -1.642557793524867 0 0 0 0 1
1685094237.602992058 0.07163354199337044 -1.6721712100771637 0 0 0 0 1
1685094237.636325359 0.07805795555546784 -1.7023854429357304 0 0 0 0 1
1685094237.669658661 0.08534396144957643 -1.7331276343278685 0 0 0 0 1
1685094237.702991962 0.09243699080111868 -1.7637369363712525 0 0 0 0 1
1685094237.736325264 0.09913228684156754 -1.7942351487186718 0 0 0 0 1
1685094237.769658566 0.10567152997656323 -1.8246646083651805 0 0 0 0 1
1685094237.802991867 0.11218995782874236 -1.8550838412840152 0 0 0 0 1
1685094237.836325407 0.11838561592314466 -1.8857586038459668 0 0 0 0 1
1685094237.869658709 0.12455447758565916 -1.9167632850419702 0 0 0 0 1
1685094237.902992010 0.13105078307726303 -1.9482095786021973 0 0 0 0 1
1685094237.936325312 0.13794225487154954 -1.9799739077798109 0 0 0 0 1
1685094237.969658613 0.14507581049183185 -2.0117457112805837 0 0 0 0 1
1685094238.002991915 0.1520629055532196 -2.043446113884661 0 0 0 0 1
1685094238.036325216 0.15890968454544138 -2.0752044342064484 0 0 0 0 1
1685094238.069658756 0.16574491917399836 -2.106716108031573 0 0 0 0 1
1685094238.102992058 0.17239632258896945 -2.1382002949920453 0 0 0 0 1
1685094238.136325359 0.1792001086047671 -2.169736267729989 0 0 0 0 1
1685094238.169658661 0.18605913857268266 -2.2013751718849393 0 0 0 0 1
1685094238.202991962 0.19224551271350904 -2.230984975048795 0 0 0 0 1
1685094238.236325264 0.2001531482045305 -2.2624264890975487 0 0 0 0 1
1685094238.269658566 0.20797808233544024 -2.2940764708127235 0 0 0 0 1
1685094238.302991867 0.21626533095621 -2.3255542975909207 0 0 0 0 1
1685094238.336325407 0.22598220540656952 -2.352130847766486 0 0 0 0 1
1685094238.369658709 0.24016305176033523 -2.381174914113814 0 0 0 0 1
1685094238.402992010 0.25406521490161843 -2.410228488798305 0 0 0 0 1
1685094238.436325312 0.26742249259902545 -2.437656605626264 0 0 0 0 1
1685094238.469658613 0.28192135453563205 -2.4657614362948252 0 0 0 0 1
1685094238.502991915 0.29702732505558666 -2.4902312981806976 0 0 0 0 1
1685094238.536325216 0.3135550290416696 -2.516098892203365 0 0 0 0 1
1685094238.569658756 0.3297729884576615 -2.541344376349077 0 0 0 0 1
1685094238.602992058 0.3462516654994971 -2.5665648112274564 0 0 0 0 1
1685094238.636325359 0.3626172074889302 -2.5920680399563376 0 0 0 0 1
1685094238.669658661 0.3793818674870966 -2.6175070594774517 0 0 0 0 1
1685094238.702991962 0.3957335664170639 -2.6427096515910504 0 0 0 0 1
1685094238.736325264 0.4125701894407922 -2.6668741816205324 0 0 0 0 1
1685094238.769658566 0.42906293669996903 -2.6918805529717615 0 0 0 0 1
1685094238.802991867 0.44517759402098095 -2.7163675418461466 0 0 0 0 1
1685094238.836325407 0.460674769140988 -2.740569101082627 0 0 0 0 1
1685094238.869658709 0.4761074323916357 -2.764559983199731 0 0 0 0 1
1685094238.902992010 0.4911610133835674 -2.7885302987732157 0 0 0 0 1
