1685094123.808057308 1.0199635192704461e-19 -1.9857591239706286e-17 0 0 0 0 1
1685094123.841390610 -0.00020948936269037636 -0.011993428582633659 0 0 0 0 1
1685094123.874723911 -1.7498904159147625e-05 -0.024975050961820133 0 0 0 0 1
1685094123.908057213 0.0004484051348166158 -0.0387123315187109 0 0 0 0 1
1685094123.941390514 0.0009594583897747685 -0.05286946809173516 0 0 0 0 1
1685094123.974723816 0.0031995978054248407 -0.06707482486857763 0 0 0 0 1
1685094124.008057356 0.00386798231953444 -0.0818285380703868 0 0 0 0 1
1685094124.041390657 0.004612888827934158 -0.09692445908460227 0 0 0 0 1
1685094124.074723959 0.0050131927636290555 -0.11255766014226375 0 0 0 0 1
1685094124.108057261 0.005313524808015846 -0.12876854283063635 0 0 0 0 1
1685094124.141390562 0.005547834626069954 -0.14558065588811855 0 0 0 0 1
1685094124.174723864 0.0056180896944607595 -0.1631979343412762 0 0 0 0 1
1685094124.208057165 0.005412623638756353 -0.18141084882587527 0 0 0 0 1
1685094124.241390467 0.005061917157252241 -0.20022129842900338 0 0 0 0 1
1685094124.274724007 0.004581207387945449 -0.21975403798011064 0 0 0 0 1
1685094124.308057308 0.003867834650874723 -0.24014511692606527 0 0 0 0 1
1685094124.341390610 0.0030437286154939383 -0.26123517037181754 0 0 0 0 1
1685094124.374723911 0.0024937538329980746 -0.28269926805255213 0 0 0 0 1
1685094124.408057213 0.0023123874651352293 -0.3048066263812209 0 0 0 0 1
1685094124.441390514 0.002230118051027136 -0.32747891814651 0 0 0 0 1
1685094124.474723816 0.0023323254644378928 -0.35026843839338523 0 0 0 0 1
1685094124.508057356 0.002232846916388604 -0.3737515779872583 0 0 0 0 1
1685094124.541390657 0.002179632738194678 -0.397234867991389 0 0 0 0 1
1685094124.574723959 0.001924537887958172 -0.4216507861943171 0 0 0 0 1
1685094124.608057261 0.0016101141360000991 -0.44630359443764267 0 0 0 0 1
1685094124.641390562 0.001285079760142754 -0.47095626506847876 0 0 0 0 1
1685094124.674723864 0.0006164955455808212 -0.49642383468846796 0 0 0 0 1
1685094124.708057165 -7.165509841806305e-05 -0.5218908831215339 0 0 0 0 1
1685094124.741390467 -0.0014268632782071951 -0.5476436235625943 0 0 0 0 1
1685094124.774724007 -0.0009324237391487695 -0.566893876976569 0 0 0 0 1
1685094124.808057308 -0.013549428465931901 -0.5903739921511593 0 0 0 0 1
1685094124.841390610 -0.02530375244167124 -0.616303124522264 0 0 0 0 1
1685094124.874723911 -0.030595000847178193 -0.6158571012424823 0 0 0 0 1
1685094124.908057213 -0.033512503336543716 -0.6202938146296004 0 0 0 0 1
1685094124.941390514 -0.031006361683723546 -0.6249752140433319 0 0 0 0 1
1685094124.974723816 -0.02569644579765963 -0.6250074590090285 0 0 0 0 1
1685094125.008057356 -0.012793997388284021 -0.6225542259930259 0 0 0 0 1
1685094125.041390657 0.003638785426676505 -0.5998964374079225 0 0 0 0 1
1685094125.074723959 0.015416797945963366 -0.5878131739863727 0 0 0 0 1
1685094125.108057261 0.03930537883641555 -0.5721601133146368 0 0 0 0 1
1685094125.141390562 0.06313210739316388 -0.5564130624277007 0 0 0 0 1
1685094125.174723864 0.08689661381142709 -0.5405722657290163 0 0 0 0 1
1685094125.208057165 0.1105985292521479 -0.5246379690770256 0 0 0 0 1
1685094125.241390467 0.13423748584771772 -0.5086104197813445 0 0 0 0 1
1685094125.274724007 0.15781311670768602 -0.49248986659892446 0 0 0 0 1
1685094125.308057308 0.1813250559244549 -0.47627655973019195 0 0 0 0 1
1685094125.341390610 0.20539266317439728 -0.4605202017794663 0 0 0 0 1
1685094125.374723911 0.2295782842316418 -0.4449455984559705 0 0 0 0 1
1685094125.408057213 0.25388054654270226 -0.4295536336309948 0 0 0 0 1
1685094125.441390514 0.27829807093460723 -0.41434518081094757 0 0 0 0 1
1685094125.474723816 0.3028294716931693 -0.3993211030877828 0 0 0 0 1
1685094125.508057356 0.3274733566416256 -0.3844822530900192 0 0 0 0 1
1685094125.541390657 0.35222832721964464 -0.3698294729343528 0 0 0 0 1
1685094125.574723959 0.3770929785626961 -0.3553635941778662 0 0 0 0 1
1685094125.608057261 0.40206589958177763 -0.341085437770837 0 0 0 0 1
1685094125.641390562 0.42797320779521986 -0.3262832661599703 0 0 0 0 1
1685094125.674723864 0.45389303264786296 -0.3115030231689993 0 0 0 0 1
1685094125.708057165 0.4798253555787567 -0.2967447193819212 0 0 0 0 1
1685094125.741390467 0.5057701580180012 -0.28200836536702273 0 0 0 0 1
1685094125.774724007 0.5317274213867601 -0.2672939716768725 0 0 0 0 1
1685094125.808057308 0.5576971270972738 -0.25260154884831376 0 0 0 0 1
1685094125.841390610 0.5835030496576146 -0.23806206741619987 0 0 0 0 1
1685094125.874723911 0.6093071295474751 -0.22351931593847743 0 0 0 0 1
1685094125.908057213 0.6351093663524852 -0.2089732946486785 0 0 0 0 1
1685094125.941390514 0.6609097596583045 -0.19442400378038752 0 0 0 0 1
1685094125.974723816 0.6867083090506222 -0.1798714435672416 0 0 0 0 1
1685094126.008057356 0.7122068464759523 -0.16481228659254785 0 0 0 0 1
1685094126.041390657 0.7376522801270002 -0.14966357292010843 0 0 0 0 1
1685094126.074723959 0.7627318929815531 -0.1349438609152517 0 0 0 0 1
1685094126.108057261 0.7876389602817638 -0.12078809360429443 0 0 0 0 1
1685094126.141390562 0.812537650118794 -0.10661759629267653 0 0 0 0 1
1685094126.174723864 0.8374279537813452 -0.09243237393822638 0 0 0 0 1
1685094126.208057165 0.8633398067128516 -0.07545873356372602 0 0 0 0 1
1685094126.241390467 0.8905281020129521 -0.06772061465476169 0 0 0 0 1
1685094126.274724007 0.9177061536293336 -0.05994659407902075 0 0 0 0 1
1685094126.308057308 0.9449613972256556 -0.0519739851130504 0 0 0 0 1
1685094126.341390610 0.9721441972337721 -0.04382767010721129 0 0 0 0 1
1685094126.374723911 0.9995273629628844 -0.03525459731618543 0 0 0 0 1
1685094126.408057213 1.0269285036813312 -0.02708670808640761 0 0 0 0 1
1685094126.441390514 1.03127556629903 -0.034334104507599 0 0 0 0 1
1685094126.474723816 1.0052842541027314 -0.023106215879926215 0 0 0 0 1
1685094126.508057356 0.9798059804052004 -0.012192269366652969 0 0 0 0 1
1685094126.541390657 0.9699781492871463 -0.007192295443393454 0 0 0 0 1
1685094126.574723959 0.9448237548034251 0.0020872989105393284 0 0 0 0 1
1685094126.608057261 0.9201573276916813 0.011542314464126124 0 0 0 0 1
1685094126.641390562 0.896247121527503 0.02127183364080507 0 0 0 0 1
1685094126.674723864 0.8725252057303688 0.030982509056658284 0 0 0 0 1
1685094126.708057165 0.8492676924659218 0.04057644056498696 0 0 0 0 1
1685094126.741390467 0.8268139464113262 0.05036261335000015 0 0 0 0 1
