1685093612.305534124 1.2480565151648634e-20 -7.22492285236658e-21 0 0 0 0 1
1685093612.338867426 0.0002759906420994132 -0.0019227594617623924 0 0 0 0 1
1685093612.372200727 0.0005267404659772853 -0.004062548884976362 0 0 0 0 1
1685093612.405534029 0.0008845051512043944 -0.006207560977543864 0 0 0 0 1
1685093612.438867569 0.001382690579555484 -0.008748758773656133 0 0 0 0 1
1685093612.472200871 0.001865433919912849 -0.011821837988561753 0 0 0 0 1
1685093612.505534172 0.00226146553395417 -0.015880812925836384 0 0 0 0 1
1685093612.538867474 0.0026093991767231037 -0.02126790786096745 0 0 0 0 1
1685093612.572200775 0.0027625736022884005 -0.027966381342326464 0 0 0 0 1
1685093612.605534077 0.002923639629929175 -0.03553248096790542 0 0 0 0 1
1685093612.638867378 0.002925241437093263 -0.04405107292708128 0 0 0 0 1
1685093612.672200680 0.002638128555606961 -0.053072558502706015 0 0 0 0 1
1685093612.705534220 0.002204783348362431 -0.062064933492588445 0 0 0 0 1
1685093612.738867521 0.002038523038748718 -0.07108554447324625 0 0 0 0 1
1685093612.772200823 0.0012547639672964113 -0.08051606193912456 0 0 0 0 1
1685093612.805534124 -0.00037722615354587923 -0.09040057388044358 0 0 0 0 1
1685093612.838867426 -0.0022787210751763895 -0.10069073725078725 0 0 0 0 1
1685093612.872200727 -0.004234128532811293 -0.11104644971412209 0 0 0 0 1
1685093612.905534029 -0.00589669923595132 -0.12141353697256307 0 0 0 0 1
1685093612.938867569 -0.007387609281107744 -0.13094827432131034 0 0 0 0 1
1685093612.972200871 -0.008753231325846137 -0.14115379535955963 0 0 0 0 1
1685093613.005534172 -0.009754372738609804 -0.15074952739501501 0 0 0 0 1
1685093613.038867474 -0.010504313487025619 -0.16124435468402998 0 0 0 0 1
1685093613.072200775 -0.011284087341359496 -0.1699022033692311 0 0 0 0 1
1685093613.105534077 -0.012185228755280768 -0.17997562569934605 0 0 0 0 1
1685093613.138867378 -0.012782853576327512 -0.19005104201086967 0 0 0 0 1
1685093613.172200680 -0.013251200901937609 -0.20004179964409793 0 0 0 0 1
1685093613.205534220 -0.013909062774304612 -0.210364123008158 0 0 0 0 1
1685093613.238867521 -0.014871563796841522 -0.2208037768935099 0 0 0 0 1
1685093613.272200823 -0.016149147541175735 -0.23034826759924293 0 0 0 0 1
1685093613.305534124 -0.017483079417803776 -0.23901311779405 0 0 0 0 1
1685093613.338867426 -0.019310941862638008 -0.24976424147206447 0 0 0 0 1
1685093613.372200727 -0.02146784704669228 -0.2617638385992373 0 0 0 0 1
1685093613.405534029 -0.023413443019170515 -0.27254538900190756 0 0 0 0 1
1685093613.438867569 -0.025861470520303926 -0.28358002310212255 0 0 0 0 1
1685093613.472200871 -0.028586870433940967 -0.29544076324922436 0 0 0 0 1
1685093613.505534172 -0.031098495925836325 -0.3063561713612567 0 0 0 0 1
1685093613.538867474 -0.03442886804759371 -0.318318206976157 0 0 0 0 1
1685093613.572200775 -0.03784294448893418 -0.330660991267201 0 0 0 0 1
1685093613.605534077 -0.041430449038621545 -0.3428729950866349 0 0 0 0 1
1685093613.638867378 -0.04526561422471556 -0.35538225882851077 0 0 0 0 1
1685093613.672200680 -0.04921043536602248 -0.3666530545488278 0 0 0 0 1
1685093613.705534220 -0.05342681593338604 -0.37969645091674764 0 0 0 0 1
1685093613.738867521 -0.057354962675095315 -0.39229301180121684 0 0 0 0 1
