1685093627.746658325 5.8504633738883505e-21 -7.696413294545726e-20 0 0 0 0 1
1685093627.779991627 5.908968007627233e-19 -7.773377427491183e-18 0 0 0 0 1
1685093627.813325167 -0.0022441591349881803 -0.012789658185246307 0 0 0 0 1
1685093627.846658468 -0.010700086873240821 -0.03340460991994068 0 0 0 0 1
1685093627.879991770 -0.01882067506749022 -0.0533653632070489 0 0 0 0 1
1685093627.913325071 -0.027019440199190767 -0.07341938602436267 0 0 0 0 1
1685093627.946658373 -0.035702338211527 -0.09443716330698554 0 0 0 0 1
1685093627.979991674 -0.04388721070379527 -0.1122820071390694 0 0 0 0 1
1685093628.013324976 -0.04629063380157592 -0.13555414129663002 0 0 0 0 1
1685093628.046658278 -0.04817934451331086 -0.14683716482023126 0 0 0 0 1
1685093628.079991817 -0.061109554857936524 -0.12785333070861254 0 0 0 0 1
1685093628.113325119 -0.07080319749967781 -0.10946951824878887 0 0 0 0 1
1685093628.146658421 -0.08213531668514132 -0.0873918951484119 0 0 0 0 1
1685093628.179991722 -0.0937270959885311 -0.06483426743805097 0 0 0 0 1
1685093628.213325024 -0.10582172270889889 -0.041594918769391656 0 0 0 0 1
1685093628.246658325 -0.12039924965247752 -0.0183213138558787 0 0 0 0 1
1685093628.279991627 -0.12869330866010437 -0.0006642373353401235 0 0 0 0 1
1685093628.313325167 -0.1356917519241876 0.022071953462604214 0 0 0 0 1
1685093628.346658468 -0.13912756312619465 0.05003306617696336 0 0 0 0 1
1685093628.379991770 -0.1440387847013327 0.07654851607070329 0 0 0 0 1
1685093628.413325071 -0.14899459840043408 0.10312605213388569 0 0 0 0 1
1685093628.446658373 -0.15406996487116667 0.1297848446775128 0 0 0 0 1
1685093628.479991674 -0.15920497295235336 0.15723848206941776 0 0 0 0 1
1685093628.513324976 -0.16690127131269064 0.16293595062876237 0 0 0 0 1
1685093628.546658278 -0.17612103674138266 0.18980103452383915 0 0 0 0 1
1685093628.579991817 -0.18148810703620227 0.19508923794289787 0 0 0 0 1
1685093628.613325119 -0.19838366108530792 0.21702583380706278 0 0 0 0 1
1685093628.646658421 -0.21530848402515534 0.23872904216305063 0 0 0 0 1
1685093628.679991722 -0.2275887151418398 0.25130442609338977 0 0 0 0 1
1685093628.713325024 -0.24550141404805026 0.2716222714402107 0 0 0 0 1
1685093628.746658325 -0.26326054461015214 0.2917806877704742 0 0 0 0 1
1685093628.779991627 -0.2810236265718088 0.3120335695577437 0 0 0 0 1
1685093628.813325167 -0.2965550811664588 0.33138353699527856 0 0 0 0 1
1685093628.846658468 -0.3141613588496267 0.35070129510528975 0 0 0 0 1
1685093628.879991770 -0.33306008349532124 0.3614639622459712 0 0 0 0 1
