1685094363.754217863 -1.1165462687038427e-20 -2.897363728685736e-19 0 0 0 0 1
1685094363.787551165 0.0013923308121840813 -0.02189986698848748 0 0 0 0 1
1685094363.820884466 0.0028333921590652416 -0.04403166363578381 0 0 0 0 1
1685094363.854217768 0.005794505579585873 -0.05356377298942664 0 0 0 0 1
1685094363.887551069 0.007278431684577261 -0.0634342980379698 0 0 0 0 1
1685094363.920884371 -0.0050128249681780125 -0.0792243702497964 0 0 0 0 1
1685094363.954217672 -0.015262602622720741 -0.0963639044517534 0 0 0 0 1
1685094363.987550974 -0.025597256514841446 -0.1134523948343967 0 0 0 0 1
1685094364.020884514 -0.036401243408984915 -0.13134561396138864 0 0 0 0 1
1685094364.054217815 -0.04738977477028303 -0.14912609770219679 0 0 0 0 1
1685094364.087551117 -0.059065285166314464 -0.16777830486510045 0 0 0 0 1
1685094364.120884418 -0.07062894239241485 -0.18664974932685324 0 0 0 0 1
1685094364.154217720 -0.08210574427340764 -0.2056695618364557 0 0 0 0 1
1685094364.187551022 -0.09405241455730791 -0.2252400665118957 0 0 0 0 1
1685094364.220884323 -0.10562669365608542 -0.2450330866823308 0 0 0 0 1
1685094364.254217863 -0.11733099484950053 -0.26547715782634945 0 0 0 0 1
1685094364.287551165 -0.12977635292886017 -0.28651342275812464 0 0 0 0 1
1685094364.320884466 -0.14285537332573991 -0.3083147564989711 0 0 0 0 1
1685094364.354217768 -0.15577698261178796 -0.3310213925088701 0 0 0 0 1
1685094364.387551069 -0.16897292147601092 -0.35400783801837593 0 0 0 0 1
1685094364.420884371 -0.18177006875731366 -0.37759754018057545 0 0 0 0 1
1685094364.454217672 -0.19953203913463485 -0.3967237547811139 0 0 0 0 1
1685094364.487550974 -0.1881074208625989 -0.38902839758031565 0 0 0 0 1
1685094364.520884514 -0.1766421492970966 -0.3813937415278862 0 0 0 0 1
1685094364.554217815 -0.1651365469514751 -0.3738200013835426 0 0 0 0 1
1685094364.587551117 -0.18417699292527195 -0.395139802266774 0 0 0 0 1
1685094364.620884418 -0.20355494623704695 -0.41732331054973365 0 0 0 0 1
1685094364.654217720 -0.22286138414583215 -0.4395690869930879 0 0 0 0 1
1685094364.687551022 -0.24209610656339117 -0.461876901045857 0 0 0 0 1
1685094364.720884323 -0.2613815450995362 -0.48456702754531444 0 0 0 0 1
1685094364.754217863 -0.2807142763387905 -0.5072879190452363 0 0 0 0 1
1685094364.787551165 -0.2845580833323474 -0.5122288770512335 0 0 0 0 1
1685094364.820884466 -0.3040997334015869 -0.5358442753166015 0 0 0 0 1
1685094364.854217768 -0.32410084515661214 -0.5590718161081607 0 0 0 0 1
1685094364.887551069 -0.3050915086745857 -0.5548149903365169 0 0 0 0 1
1685094364.920884371 -0.30274166742991165 -0.574152872466209 0 0 0 0 1
1685094364.954217672 -0.3098835100149741 -0.5664401880183382 0 0 0 0 1
1685094364.987550974 -0.3238804355747394 -0.5775348642191037 0 0 0 0 1
1685094365.020884514 -0.3539947847606562 -0.5827889082969948 0 0 0 0 1
1685094365.054217815 -0.37623355057363683 -0.5815108532861512 0 0 0 0 1
1685094365.087551117 -0.40601857108681527 -0.5711796250010327 0 0 0 0 1
1685094365.120884418 -0.43765428771527254 -0.5625379742746972 0 0 0 0 1
1685094365.154217720 -0.46857980888291156 -0.5580591825527246 0 0 0 0 1
1685094365.187551022 -0.49853185775567443 -0.5539075069042992 0 0 0 0 1
1685094365.220884323 -0.522606393640135 -0.5487184602689352 0 0 0 0 1
1685094365.254217863 -0.5467554486570071 -0.5438880746913389 0 0 0 0 1
1685094365.287551165 -0.5709736798026908 -0.5394174188993551 0 0 0 0 1
1685094365.320884466 -0.5816035727185959 -0.5443462788965778 0 0 0 0 1
1685094365.354217768 -0.5655083459147029 -0.5199932247899781 0 0 0 0 1
1685094365.387551069 -0.5523807749972857 -0.4939203566701123 0 0 0 0 1
1685094365.420884371 -0.5553200910555672 -0.4708128858848471 0 0 0 0 1
1685094365.454217672 -0.5495615233488723 -0.4482422482565087 0 0 0 0 1
1685094365.487550974 -0.5381263927493002 -0.41709300411808864 0 0 0 0 1
1685094365.520884514 -0.5270823742678239 -0.38552310982858967 0 0 0 0 1
1685094365.554217815 -0.5164833625421753 -0.35380104305940063 0 0 0 0 1
1685094365.587551117 -0.5060291392293781 -0.32149739546511846 0 0 0 0 1
1685094365.620884418 -0.4954564121414887 -0.28923233890396527 0 0 0 0 1
1685094365.654217720 -0.5047381812372415 -0.2924900414044246 0 0 0 0 1
1685094365.687551022 -0.5045316960583495 -0.3023247364682925 0 0 0 0 1
1685094365.720884323 -0.5081206655033237 -0.3081952239268921 0 0 0 0 1
1685094365.754217863 -0.535548783503468 -0.2873131506050567 0 0 0 0 1
1685094365.787551165 -0.5618637880547221 -0.26587796687530213 0 0 0 0 1
1685094365.820884466 -0.5874687169787178 -0.2435994081055345 0 0 0 0 1
1685094365.854217768 -0.6123365529582934 -0.2205009817575388 0 0 0 0 1
1685094365.887551069 -0.6432210477779545 -0.20084391325928214 0 0 0 0 1
1685094365.920884371 -0.6580595798239463 -0.22272711594110473 0 0 0 0 1
1685094365.954217672 -0.6744822933401048 -0.20200632749906344 0 0 0 0 1
1685094365.987550974 -0.6718033208854115 -0.22002296727843149 0 0 0 0 1
1685094366.020884514 -0.6690388521847238 -0.23802668675956734 0 0 0 0 1
1685094366.054217815 -0.6661889495350558 -0.2560170802305265 0 0 0 0 1
1685094366.087551117 -0.6632536771586672 -0.27399374227966466 0 0 0 0 1
1685094366.120884418 -0.6487820341133209 -0.3059452069397192 0 0 0 0 1
1685094366.154217720 -0.6448163239484426 -0.33196348678905063 0 0 0 0 1
1685094366.187551022 -0.6396346730860674 -0.3669667157450457 0 0 0 0 1
1685094366.220884323 -0.6351689772806702 -0.4020684693191768 0 0 0 0 1
1685094366.254217863 -0.6248907722176018 -0.3953177040052106 0 0 0 0 1
1685094366.287551165 -0.6341574146965128 -0.3872341609199802 0 0 0 0 1
1685094366.320884466 -0.6394504487167894 -0.39833362588469484 0 0 0 0 1
1685094366.354217768 -0.6402465142368727 -0.4014604764998614 0 0 0 0 1
1685094366.387551069 -0.6375011203175113 -0.40315568365810667 0 0 0 0 1
1685094366.420884371 -0.6350621054286548 -0.40104331024088863 0 0 0 0 1
1685094366.454217672 -0.6363478989810837 -0.3980839775420584 0 0 0 0 1
1685094366.487550974 -0.6704320164782597 -0.3882320997840128 0 0 0 0 1
1685094366.520884514 -0.6908474419515613 -0.3802584023583384 0 0 0 0 1
1685094366.554217815 -0.7176743539292675 -0.3696110961642481 0 0 0 0 1
1685094366.587551117 -0.7352199904649096 -0.36286400543221814 0 0 0 0 1
1685094366.620884418 -0.750843124106777 -0.3372045858118798 0 0 0 0 1
1685094366.654217720 -0.7609274373167239 -0.3089062687748553 0 0 0 0 1
1685094366.687551022 -0.7650523186216484 -0.27914936244599536 0 0 0 0 1
1685094366.720884323 -0.7697324601132419 -0.29278051679290495 0 0 0 0 1
1685094366.754217863 -0.7421669642426341 -0.3153925886450413 0 0 0 0 1
1685094366.787551165 -0.7639844671657656 -0.3016992742949896 0 0 0 0 1
1685094366.820884466 -0.7451664871149363 -0.33151861433209007 0 0 0 0 1
1685094366.854217768 -0.7262158457859688 -0.36125382253150345 0 0 0 0 1
1685094366.887551069 -0.7339852030924231 -0.33977896396179175 0 0 0 0 1
1685094366.920884371 -0.7169537533008095 -0.3549928451740342 0 0 0 0 1
1685094366.954217672 -0.6817686896862807 -0.3557992278989201 0 0 0 0 1
1685094366.987550974 -0.6465949111455638 -0.3570010006836157 0 0 0 0 1
1685094367.020884514 -0.6114368607105151 -0.35859801172427763 0 0 0 0 1
1685094367.054217815 -0.6095865842021578 -0.3555695671889179 0 0 0 0 1
1685094367.087551117 -0.6123121176004958 -0.35784255358475775 0 0 0 0 1
1685094367.120884418 -0.609000606420854 -0.35656627259366086 0 0 0 0 1
1685094367.154217720 -0.6125466225277139 -0.3567103879329488 0 0 0 0 1
1685094367.187551022 -0.6091424639258011 -0.35771373417136876 0 0 0 0 1
1685094367.220884323 -0.6120434588774241 -0.35566941820954046 0 0 0 0 1
1685094367.254217863 -0.6212178105646942 -0.37472025915181145 0 0 0 0 1
1685094367.287551165 -0.6302966358414457 -0.3938168086067167 0 0 0 0 1
1685094367.320884466 -0.6392797069861047 -0.41295858758097664 0 0 0 0 1
1685094367.354217768 -0.6481667986788711 -0.4321451159468324 0 0 0 0 1
1685094367.387551069 -0.6569576880073694 -0.4513759124540891 0 0 0 0 1
1685094367.420884371 -0.6440510976782493 -0.46742420707175714 0 0 0 0 1
1685094367.454217672 -0.6235630338159448 -0.4653344527241491 0 0 0 0 1
1685094367.487550974 -0.614162330292586 -0.4470108448008954 0 0 0 0 1
1685094367.520884514 -0.5953228750549204 -0.41657676325457565 0 0 0 0 1
1685094367.554217815 -0.5768367375517847 -0.3859267858739118 0 0 0 0 1
1685094367.587551117 -0.558451869539062 -0.35542271130436226 0 0 0 0 1
1685094367.620884418 -0.5401501071959911 -0.32486870285493574 0 0 0 0 1
1685094367.654217720 -0.5219315861436135 -0.29426498693915276 0 0 0 0 1
1685094367.687551022 -0.5037964413861297 -0.26361179033887977 0 0 0 0 1
1685094367.720884323 -0.4851261783651712 -0.2332646725108012 0 0 0 0 1
1685094367.754217863 -0.4658667395371896 -0.203616990675036 0 0 0 0 1
1685094367.787551165 -0.445232450657519 -0.17490920175575764 0 0 0 0 1
1685094367.820884466 -0.423269100183903 -0.14720500968710754 0 0 0 0 1
1685094367.854217768 -0.4003720776161951 -0.11996160558564424 0 0 0 0 1
1685094367.887551069 -0.3774495535066458 -0.09273965492172422 0 0 0 0 1
1685094367.920884371 -0.35464616867206933 -0.06554909091100974 0 0 0 0 1
1685094367.954217672 -0.3320711789483023 -0.03816860570518517 0 0 0 0 1
1685094367.987550974 -0.31608898273318975 -0.0026742957056809934 0 0 0 0 1
1685094368.020884514 -0.29857557340631735 0.0320900125996584 0 0 0 0 1
1685094368.054217815 -0.2795642089982371 0.0660583016578734 0 0 0 0 1
1685094368.087551117 -0.28622507996258795 0.0553339049399305 0 0 0 0 1
1685094368.120884418 -0.2838728788792965 0.06773741400113252 0 0 0 0 1
1685094368.154217720 -0.28160081445089913 0.05531897568543566 0 0 0 0 1
1685094368.187551022 -0.28819230072298263 0.0660861571036385 0 0 0 0 1
1685094368.220884323 -0.27816577459377 0.0584148690274564 0 0 0 0 1
1685094368.254217863 -0.2902820781111641 0.06196100439457671 0 0 0 0 1
1685094368.287551165 -0.2777016458274817 0.06301580794180181 0 0 0 0 1
1685094368.320884466 -0.2890582859389064 0.057501588835968696 0 0 0 0 1
1685094368.354217768 -0.28044916232044237 0.06673537882110271 0 0 0 0 1
1685094368.387551069 -0.2851556803607333 0.055020918743746434 0 0 0 0 1
1685094368.420884371 -0.2937350556732226 0.03511329141893689 0 0 0 0 1
1685094368.454217672 -0.30373393142589405 0.015879420510076816 0 0 0 0 1
1685094368.487550974 -0.31509977409639417 -0.0025796403231696705 0 0 0 0 1
1685094368.520884514 -0.3309353940966497 -0.033928253024831316 0 0 0 0 1
1685094368.554217815 -0.34592590267077056 -0.06568966092499347 0 0 0 0 1
1685094368.587551117 -0.36008578600856755 -0.09545216749503442 0 0 0 0 1
1685094368.620884418 -0.3696370825306597 -0.1269970851240095 0 0 0 0 1
1685094368.654217720 -0.3743651157275302 -0.15961540506175376 0 0 0 0 1
1685094368.687551022 -0.37346513291737576 -0.1937710271391066 0 0 0 0 1
1685094368.720884323 -0.3721533125991591 -0.2279133120070272 0 0 0 0 1
1685094368.754217863 -0.3704298455628588 -0.2620372940420171 0 0 0 0 1
1685094368.787551165 -0.3683635450577133 -0.29562846550757715 0 0 0 0 1
1685094368.820884466 -0.3649470641195912 -0.305455386783829 0 0 0 0 1
1685094368.854217768 -0.3638378751694313 -0.2951108025175066 0 0 0 0 1
1685094368.887551069 -0.3692601033452491 -0.3039900009824341 0 0 0 0 1
1685094368.920884371 -0.3381817861888032 -0.29378461929475663 0 0 0 0 1
1685094368.954217672 -0.3077294089858612 -0.28381199627170606 0 0 0 0 1
1685094368.987550974 -0.286951420945844 -0.28292441515031014 0 0 0 0 1
1685094369.020884514 -0.2548280769453529 -0.28110976257257725 0 0 0 0 1
1685094369.054217815 -0.2231638599779903 -0.2751218237140094 0 0 0 0 1
1685094369.087551117 -0.1915584277649187 -0.2688251090698569 0 0 0 0 1
1685094369.120884418 -0.16048295293893391 -0.2630338099461173 0 0 0 0 1
1685094369.154217720 -0.1293760619457307 -0.257413701945553 0 0 0 0 1
1685094369.187551022 -0.13507747165368503 -0.2674506776835228 0 0 0 0 1
1685094369.220884323 -0.13985788984159614 -0.2569437962922041 0 0 0 0 1
1685094369.254217863 -0.16949667295961685 -0.2355350543970577 0 0 0 0 1
1685094369.287551165 -0.20133956051289534 -0.2355024850546967 0 0 0 0 1
1685094369.320884466 -0.23318157113741173 -0.2352639313270283 0 0 0 0 1
1685094369.354217768 -0.24838550550537866 -0.22362437393723592 0 0 0 0 1
1685094369.387551069 -0.2656067536206519 -0.19806248547001287 0 0 0 0 1
1685094369.420884371 -0.28310570278480957 -0.17268989579515373 0 0 0 0 1
1685094369.454217672 -0.3008802723893453 -0.14750962168957535 0 0 0 0 1
1685094369.487550974 -0.3068375258326379 -0.13912747650028262 0 0 0 0 1
1685094369.520884514 -0.2942387116443691 -0.11037952026834272 0 0 0 0 1
1685094369.554217815 -0.32395154804248766 -0.1005381910860385 0 0 0 0 1
1685094369.587551117 -0.35795539991581615 -0.12085636385418459 0 0 0 0 1
1685094369.620884418 -0.35886664266023677 -0.1604576229695238 0 0 0 0 1
1685094369.654217720 -0.32583334621416826 -0.18231835060530138 0 0 0 0 1
1685094369.687551022 -0.28973867365116573 -0.16600073131114182 0 0 0 0 1
1685094369.720884323 -0.2843278995510678 -0.12676027246447183 0 0 0 0 1
1685094369.754217863 -0.31465961136548737 -0.10128327607034221 0 0 0 0 1
1685094369.787551165 -0.3179522305846853 -0.11587894680264405 0 0 0 0 1
1685094369.820884466 -0.32810113193202806 -0.10488464159993534 0 0 0 0 1
