1685094310.163108587 -3.387896483186544e-19 -2.175946265594409e-18 0 0 0 0 1
1685094310.196441889 -0.00017914135819847802 -0.016041095147944034 0 0 0 0 1
1685094310.229775190 -0.000242728388425986 -0.032580094215258655 0 0 0 0 1
1685094310.263108492 -0.0006093852384434755 -0.04957000770563616 0 0 0 0 1
1685094310.296442032 -0.0008691973978828478 -0.06704336654617578 0 0 0 0 1
1685094310.329775333 -0.0013936737041445935 -0.08465756773972834 0 0 0 0 1
1685094310.363108635 -0.0021425510673335653 -0.10253015184707073 0 0 0 0 1
1685094310.396441936 -0.002919108036460234 -0.12071279220566347 0 0 0 0 1
1685094310.429775238 -0.0037482754606858173 -0.13937122835476148 0 0 0 0 1
1685094310.463108540 -0.004489292907245713 -0.15828771599906075 0 0 0 0 1
1685094310.496441841 -0.005316668689243111 -0.1775741446331527 0 0 0 0 1
1685094310.529775143 -0.007075173072630839 -0.19299780631898553 0 0 0 0 1
1685094310.563108683 -0.008332998179942623 -0.21334849964335337 0 0 0 0 1
1685094310.596441984 -0.009717473360321678 -0.23390031730434035 0 0 0 0 1
1685094310.629775286 -0.010912531604346172 -0.25469521224585046 0 0 0 0 1
1685094310.663108587 -0.0117222696098077 -0.27574010775158303 0 0 0 0 1
1685094310.696441889 -0.012518361782307115 -0.29678552387333207 0 0 0 0 1
1685094310.729775190 -0.016351259217341884 -0.3107981102174748 0 0 0 0 1
1685094310.763108492 -0.00999215620100382 -0.3320497767451226 0 0 0 0 1
1685094310.796442032 -0.0032472396782051026 -0.35405254152914983 0 0 0 0 1
1685094310.829775333 0.0034089448844263318 -0.37651008496122784 0 0 0 0 1
1685094310.863108635 0.010267897197337944 -0.3993293960025316 0 0 0 0 1
1685094310.896441936 0.015930586154856815 -0.4207103742167148 0 0 0 0 1
1685094310.929775238 0.025470360826874393 -0.44303646576860206 0 0 0 0 1
1685094310.963108540 0.03512287399274431 -0.46535160533880776 0 0 0 0 1
1685094310.996441841 0.04494374928388186 -0.4875931626802121 0 0 0 0 1
1685094311.029775143 0.05436367029282058 -0.5104015540709579 0 0 0 0 1
1685094311.063108683 0.06371730823144812 -0.5332372079254275 0 0 0 0 1
1685094311.096441984 0.07300458419983576 -0.556099931620016 0 0 0 0 1
1685094311.129775286 0.08227998141839955 -0.5805598375997635 0 0 0 0 1
1685094311.163108587 0.0915278659000394 -0.6052734322779821 0 0 0 0 1
1685094311.196441889 0.10087711828845637 -0.6301300898283551 0 0 0 0 1
1685094311.229775190 0.11014990758701884 -0.6550153730982577 0 0 0 0 1
1685094311.263108492 0.11988976921018935 -0.6803579152263627 0 0 0 0 1
1685094311.296442032 0.12963895754314633 -0.7058870060331376 0 0 0 0 1
1685094311.329775333 0.1393630621194939 -0.731425661846635 0 0 0 0 1
1685094311.363108635 0.14928625292424189 -0.757474874144254 0 0 0 0 1
1685094311.396441936 0.15720310499524545 -0.7689617554353306 0 0 0 0 1
1685094311.429775238 0.15502143923469258 -0.7409416424101458 0 0 0 0 1
1685094311.463108540 0.1526675714031333 -0.7129354697750563 0 0 0 0 1
1685094311.496441841 0.15014159044751352 -0.6849442958152749 0 0 0 0 1
1685094311.529775143 0.1474435918185157 -0.6569691782492517 0 0 0 0 1
1685094311.563108683 0.14457367746695238 -0.6290111741887043 0 0 0 0 1
1685094311.596441984 0.14145346287483826 -0.5999314971827443 0 0 0 0 1
1685094311.629775286 0.13829620228509765 -0.57049470454856 0 0 0 0 1
1685094311.663108587 0.13526445483711444 -0.5410447204665414 0 0 0 0 1
1685094311.696441889 0.13235827562356545 -0.5115820800994895 0 0 0 0 1
1685094311.729775190 0.13423023732145994 -0.4922925151322145 0 0 0 0 1
1685094311.763108492 0.12662080139929374 -0.47446870964147947 0 0 0 0 1
1685094311.796442032 0.11139479466697123 -0.4624787022931757 0 0 0 0 1
1685094311.829775333 0.08608173084983511 -0.4533586650357028 0 0 0 0 1
1685094311.863108635 0.06521107187218306 -0.4363780327380925 0 0 0 0 1
1685094311.896441936 0.051133136930755343 -0.41344905484606637 0 0 0 0 1
1685094311.929775238 0.04543329238982098 -0.38715384517591395 0 0 0 0 1
1685094311.963108540 0.03791219634212575 -0.35872881577777094 0 0 0 0 1
1685094311.996441841 0.015457383738698363 -0.33319869358734655 0 0 0 0 1
1685094312.029775143 -0.01848841253750164 -0.3351192828947651 0 0 0 0 1
1685094312.063108683 -0.03792024988196924 -0.3630192729580464 0 0 0 0 1
1685094312.096441984 -0.027951931172345307 -0.3955252473353268 0 0 0 0 1
1685094312.129775286 -0.00858413074471658 -0.4172145697220284 0 0 0 0 1
1685094312.163108587 0.010766383020955467 -0.43891931611546203 0 0 0 0 1
1685094312.196441889 0.030099597841401936 -0.46063947273794514 0 0 0 0 1
1685094312.229775190 0.04892778865721691 -0.48200143156134667 0 0 0 0 1
1685094312.263108492 0.06772571873386818 -0.5033900238245782 0 0 0 0 1
1685094312.296442032 0.08649335039703471 -0.5248052066611815 0 0 0 0 1
1685094312.329775333 0.10519792777011945 -0.5461641342500003 0 0 0 0 1
1685094312.363108635 0.1238323164014813 -0.567584324790364 0 0 0 0 1
1685094312.396441936 0.14239631563831792 -0.5890655476322985 0 0 0 0 1
1685094312.429775238 0.16089590707475818 -0.6105431868652893 0 0 0 0 1
1685094312.463108540 0.17953729107028762 -0.6317504539943412 0 0 0 0 1
1685094312.496441841 0.19828573199686603 -0.6528631359455841 0 0 0 0 1
1685094312.529775143 0.21714074994241886 -0.6738806922884281 0 0 0 0 1
1685094312.563108683 0.23610186226677277 -0.6948025850272549 0 0 0 0 1
1685094312.596441984 0.2551685836140101 -0.7156282786151896 0 0 0 0 1
1685094312.629775286 0.27434042592489266 -0.7363572399678092 0 0 0 0 1
1685094312.663108587 0.2936168984493547 -0.756988938476788 0 0 0 0 1
1685094312.696441889 0.2982718476501799 -0.7801450392367189 0 0 0 0 1
1685094312.729775190 0.3102848207529566 -0.8004812638543388 0 0 0 0 1
1685094312.763108492 0.3375302246092462 -0.8043110102240694 0 0 0 0 1
1685094312.796442032 0.36478125335906164 -0.8081005247873756 0 0 0 0 1
1685094312.829775333 0.39203784759431504 -0.8118497992829984 0 0 0 0 1
1685094312.863108635 0.4182826374127227 -0.8152858667884104 0 0 0 0 1
1685094312.896441936 0.4438724065760097 -0.8185799553039959 0 0 0 0 1
1685094312.929775238 0.4692887491842387 -0.8221786886288129 0 0 0 0 1
1685094312.963108540 0.49433152549032516 -0.825678162557033 0 0 0 0 1
1685094312.996441841 0.5194554703989086 -0.8290834871290416 0 0 0 0 1
1685094313.029775143 0.5438683883965593 -0.8325483558698641 0 0 0 0 1
1685094313.063108683 0.5486253247537373 -0.8337942523871055 0 0 0 0 1
1685094313.096441984 0.5712839417553572 -0.8386115396122664 0 0 0 0 1
1685094313.129775286 0.572950671388711 -0.8476453211026179 0 0 0 0 1
