1685094375.384085894 -8.330445584954416e-20 9.336291551593872e-20 0 0 0 0 1
1685094375.417419195 0.0007110780893545556 -0.013356473370817232 0 0 0 0 1
1685094375.450752497 0.0014231430361141622 -0.02764371203142677 0 0 0 0 1
1685094375.484085798 0.0023135580355620067 -0.04668001972539725 0 0 0 0 1
1685094375.517419100 0.003052664476634616 -0.0631130002006096 0 0 0 0 1
1685094375.550752401 0.003922019067934125 -0.0850109414235133 0 0 0 0 1
1685094375.584085941 0.004727803416968812 -0.10335047738581457 0 0 0 0 1
1685094375.617419243 0.005483216304993369 -0.12273701300651133 0 0 0 0 1
1685094375.650752544 0.006284944546982869 -0.14104968127728462 0 0 0 0 1
1685094375.684085846 -0.0007662774218885348 -0.1565656595974113 0 0 0 0 1
1685094375.717419147 -0.004605123470893166 -0.1779913770679171 0 0 0 0 1
1685094375.750752449 -0.008839132086945438 -0.20016459865103742 0 0 0 0 1
1685094375.784085751 -0.013300353149469537 -0.22276653243125144 0 0 0 0 1
1685094375.817419291 -0.017733990487928876 -0.24593147789774167 0 0 0 0 1
1685094375.850752592 -0.013839797262472885 -0.2679649329078274 0 0 0 0 1
1685094375.884085894 -0.011504246345541914 -0.29204276905946125 0 0 0 0 1
1685094375.917419195 -0.009100390318461321 -0.31600087032700186 0 0 0 0 1
1685094375.950752497 -0.006455265910843206 -0.34005983703151926 0 0 0 0 1
1685094375.984085798 -0.003647823182198096 -0.3641004033174085 0 0 0 0 1
1685094376.017419100 -0.005323504352337679 -0.3793073634840351 0 0 0 0 1
1685094376.050752401 -0.008166178049246993 -0.40377387908129037 0 0 0 0 1
1685094376.084085941 -0.011130818984768878 -0.42843784070610375 0 0 0 0 1
1685094376.117419243 -0.01404578999398121 -0.45310772199731175 0 0 0 0 1
1685094376.150752544 -0.016804706125264045 -0.47916162869598095 0 0 0 0 1
1685094376.184085846 -0.019701685990430824 -0.505578890485631 0 0 0 0 1
1685094376.217419147 -0.02265044762735009 -0.5324748796337716 0 0 0 0 1
1685094376.250752449 -0.025743388077142926 -0.5596584331941322 0 0 0 0 1
1685094376.284085751 -0.02906271625359383 -0.5870358439304271 0 0 0 0 1
1685094376.317419291 -0.03255629225411687 -0.6143100315039416 0 0 0 0 1
1685094376.350752592 -0.03632517438561801 -0.6415116992774553 0 0 0 0 1
1685094376.384085894 -0.040509007559039883 -0.668771034439019 0 0 0 0 1
1685094376.417419195 -0.04576744624400551 -0.6963170494722966 0 0 0 0 1
1685094376.450752497 -0.052141870076794175 -0.72362640395784 0 0 0 0 1
1685094376.484085798 -0.05962173033759637 -0.7506539049909723 0 0 0 0 1
1685094376.517419100 -0.06694894161456619 -0.777379616013182 0 0 0 0 1
1685094376.550752401 -0.07435017083247016 -0.8043122432686794 0 0 0 0 1
1685094376.584085941 -0.08172972439851285 -0.831233342075736 0 0 0 0 1
1685094376.617419243 -0.08940589925306229 -0.8581364156780379 0 0 0 0 1
1685094376.650752544 -0.09328767770859007 -0.8807094719807911 0 0 0 0 1
1685094376.684085846 -0.10073184352862481 -0.9082133255807442 0 0 0 0 1
1685094376.717419147 -0.10818736826846749 -0.935714102269002 0 0 0 0 1
1685094376.750752449 -0.11526202191192578 -0.9626763104826905 0 0 0 0 1
1685094376.784085751 -0.12224199701020635 -0.9896563124312008 0 0 0 0 1
1685094376.817419291 -0.12910393946775028 -1.0166665753552004 0 0 0 0 1
1685094376.850752592 -0.13584771810132792 -1.043706582885812 0 0 0 0 1
1685094376.884085894 -0.14247320398670738 -1.0707758180855156 0 0 0 0 1
1685094376.917419195 -0.14889858385473118 -1.0975901333850577 0 0 0 0 1
1685094376.950752497 -0.15523729868664535 -1.1249319881378306 0 0 0 0 1
1685094376.984085798 -0.1618831351773295 -1.1531712004161938 0 0 0 0 1
1685094377.017419100 -0.16909541212698634 -1.1812710814473442 0 0 0 0 1
1685094377.050752401 -0.1765419452768248 -1.208996302028258 0 0 0 0 1
1685094377.084085941 -0.1839455102083289 -1.2367330274751627 0 0 0 0 1
1685094377.117419243 -0.19130608914668298 -1.2644811911964653 0 0 0 0 1
1685094377.150752544 -0.193427509093437 -1.2584247382991247 0 0 0 0 1
1685094377.184085846 -0.187017831560506 -1.2587363120657225 0 0 0 0 1
1685094377.217419147 -0.1624488171289298 -1.2444634086322708 0 0 0 0 1
1685094377.250752449 -0.18047017260872314 -1.2536770321564938 0 0 0 0 1
1685094377.284085751 -0.16642080395120473 -1.278395802990306 0 0 0 0 1
1685094377.317419291 -0.15194414038401052 -1.302866777698553 0 0 0 0 1
1685094377.350752592 -0.13720424188301142 -1.3275504475556765 0 0 0 0 1
1685094377.384085894 -0.12748949989216893 -1.3566502025137614 0 0 0 0 1
1685094377.417419195 -0.11674491707264979 -1.3831010333601685 0 0 0 0 1
1685094377.450752497 -0.10911858596722458 -1.400802277249388 0 0 0 0 1
1685094377.484085798 -0.09907485633968306 -1.427675499537115 0 0 0 0 1
1685094377.517419100 -0.08909461375345046 -1.4546053798547063 0 0 0 0 1
1685094377.550752401 -0.07921281632848756 -1.4815715396786748 0 0 0 0 1
1685094377.584085941 -0.06942959594193526 -1.5085736191331904 0 0 0 0 1
1685094377.617419243 -0.059745083155378326 -1.535611257863058 0 0 0 0 1
1685094377.650752544 -0.050159407213103094 -1.5626840950385281 0 0 0 0 1
1685094377.684085846 -0.04067269604037288 -1.5897917693601114 0 0 0 0 1
1685094377.717419147 -0.03151254452977273 -1.615966147730941 0 0 0 0 1
1685094377.750752449 -0.02180224756683688 -1.6426597539040093 0 0 0 0 1
1685094377.784085751 -0.012091068841181506 -1.6693530393029568 0 0 0 0 1
1685094377.817419291 -0.002669349059566067 -1.6961387401375818 0 0 0 0 1
1685094377.850752592 0.006656248390716285 -1.7229399224668107 0 0 0 0 1
1685094377.884085894 0.015898160523471247 -1.7497700771845852 0 0 0 0 1
1685094377.917419195 0.02497006316639967 -1.776372901979582 0 0 0 0 1
1685094377.950752497 0.03418727075251763 -1.8025970842783092 0 0 0 0 1
1685094377.984085798 0.0429042044487913 -1.8283068828340705 0 0 0 0 1
1685094378.017419100 0.04495565994342981 -1.8501005868384548 0 0 0 0 1
1685094378.050752401 0.045757186274847005 -1.8768115145646638 0 0 0 0 1
1685094378.084085941 0.046641530837745755 -1.9032643939709468 0 0 0 0 1
1685094378.117419243 0.04763587531089623 -1.929020752525279 0 0 0 0 1
1685094378.150752544 0.048762739936439176 -1.9543783257655019 0 0 0 0 1
1685094378.184085846 0.0468847381553718 -1.9737098508965485 0 0 0 0 1
1685094378.217419147 0.046804597679397986 -1.9982051975669044 0 0 0 0 1
1685094378.250752449 0.046816310582397845 -2.022700672532798 0 0 0 0 1
1685094378.284085751 0.061044667340980546 -2.0395077642217143 0 0 0 0 1
