1685093619.448556900 -1.7338947221380972e-19 -1.7535191187210086e-19 0 0 0 0 1
1685093619.481890202 0.0004743150130712583 -0.01862585961428503 0 0 0 0 1
1685093619.515223742 -0.008687802858196546 -0.03335877913585701 0 0 0 0 1
1685093619.548557043 -0.026740485571545652 -0.04276075533063281 0 0 0 0 1
1685093619.581890345 -0.044862034953350366 -0.05255847072968984 0 0 0 0 1
1685093619.615223646 -0.061237902619500566 -0.05970373762710147 0 0 0 0 1
1685093619.648556948 -0.07507765404852138 -0.07565962720118355 0 0 0 0 1
1685093619.681890249 -0.09027937407884896 -0.0906244225900049 0 0 0 0 1
1685093619.715223551 -0.09936769173889959 -0.10736357361254739 0 0 0 0 1
1685093619.748557091 -0.11034193640939019 -0.126586946223828 0 0 0 0 1
1685093619.781890392 -0.12024972442948083 -0.13939262760942248 0 0 0 0 1
1685093619.815223694 -0.12561811815486787 -0.16176479294221546 0 0 0 0 1
1685093619.848556995 -0.13104362566074068 -0.18442068641183026 0 0 0 0 1
1685093619.881890297 -0.13647439723069146 -0.20759634507722335 0 0 0 0 1
1685093619.915223598 -0.1419639303041369 -0.23078524113555618 0 0 0 0 1
1685093619.948556900 -0.14707824369583353 -0.2540597695367962 0 0 0 0 1
1685093619.981890202 -0.15175093406333906 -0.2772865128098789 0 0 0 0 1
1685093620.015223742 -0.1563707908059863 -0.3003005735648454 0 0 0 0 1
1685093620.048557043 -0.15931601616083815 -0.33024153387235056 0 0 0 0 1
1685093620.081890345 -0.18445166912901473 -0.3386618106198579 0 0 0 0 1
1685093620.115223646 -0.1978785949988852 -0.35843656802790996 0 0 0 0 1
1685093620.148556948 -0.21136775637214766 -0.3784830889225033 0 0 0 0 1
1685093620.181890249 -0.22517807496100617 -0.39838011562111736 0 0 0 0 1
1685093620.215223551 -0.23891324591680496 -0.41842111994204617 0 0 0 0 1
1685093620.248557091 -0.25294192708489394 -0.4383434228105399 0 0 0 0 1
1685093620.281890392 -0.2669730284435336 -0.45821827008985516 0 0 0 0 1
1685093620.315223694 -0.28113583161053607 -0.4779173638297292 0 0 0 0 1
1685093620.348556995 -0.29036223241758413 -0.496681782861755 0 0 0 0 1
1685093620.381890297 -0.3073064231672637 -0.5140890357780681 0 0 0 0 1
1685093620.415223598 -0.32443117627051793 -0.5316967853284003 0 0 0 0 1
1685093620.448556900 -0.34185031693313667 -0.5492997844161369 0 0 0 0 1
1685093620.481890202 -0.3564113013541406 -0.5629541746246375 0 0 0 0 1
1685093620.515223742 -0.3614630398335304 -0.6006090911922547 0 0 0 0 1
1685093620.548557043 -0.3614874780709941 -0.6145300781741445 0 0 0 0 1
1685093620.581890345 -0.3657347922372366 -0.6375861438758055 0 0 0 0 1
1685093620.615223646 -0.3633470337599557 -0.6563499699426186 0 0 0 0 1
1685093620.648556948 -0.3512008251990776 -0.6708500450047381 0 0 0 0 1
1685093620.681890249 -0.3411675292883077 -0.6823812163719156 0 0 0 0 1
1685093620.715223551 -0.32787279366358213 -0.6999903160058825 0 0 0 0 1
1685093620.748557091 -0.3148415659821391 -0.7173020558703084 0 0 0 0 1
