1685093634.506436348 5.11169576528779e-20 -6.005802941943112e-20 0 0 0 0 1
1685093634.539769650 0.0005196986089430431 -0.02095846614379474 0 0 0 0 1
1685093634.573102951 0.00044612836310042837 -0.04295787249454812 0 0 0 0 1
1685093634.606436253 0.0006882709729018994 -0.04327385893368316 0 0 0 0 1
1685093634.639769793 0.018440322210704786 -0.056376088621137306 0 0 0 0 1
1685093634.673103094 0.03148769689011947 -0.06653009246933535 0 0 0 0 1
1685093634.706436396 0.048527749010897514 -0.0804607310565979 0 0 0 0 1
1685093634.739769697 0.06600330482332054 -0.09497994990174524 0 0 0 0 1
1685093634.773102999 0.08308345907004921 -0.10961444068448299 0 0 0 0 1
1685093634.806436300 0.10058421277718042 -0.12476220250648207 0 0 0 0 1
1685093634.839769602 0.11379930061861152 -0.13979044563791787 0 0 0 0 1
1685093634.873103142 0.13404051866249397 -0.15602836072726722 0 0 0 0 1
1685093634.906436443 0.15417255078387015 -0.1713125871347872 0 0 0 0 1
1685093634.939769745 0.17431845183563238 -0.18672641760799133 0 0 0 0 1
1685093634.973103046 0.19269657020670694 -0.2102449166308275 0 0 0 0 1
1685093635.006436348 0.21201666938253805 -0.22721840786089523 0 0 0 0 1
1685093635.039769650 0.23164827111714373 -0.24407115127567774 0 0 0 0 1
1685093635.073102951 0.25148696819052113 -0.26085007870966304 0 0 0 0 1
1685093635.106436253 0.2715285633813146 -0.2776232547664439 0 0 0 0 1
1685093635.139769793 0.2708168144726455 -0.28771124643911367 0 0 0 0 1
1685093635.173103094 0.2623352386984886 -0.31292156512011937 0 0 0 0 1
1685093635.206436396 0.253970625037905 -0.3381550449369883 0 0 0 0 1
1685093635.239769697 0.24575662736783982 -0.3632362320340726 0 0 0 0 1
1685093635.273102999 0.23783101843251295 -0.38835414699991366 0 0 0 0 1
1685093635.306436300 0.24041369406174032 -0.38138440912786914 0 0 0 0 1
1685093635.339769602 0.2589224745560809 -0.40063164351444086 0 0 0 0 1
1685093635.373103142 0.2775673830538864 -0.41974703977054223 0 0 0 0 1
1685093635.406436443 0.2590001226998487 -0.41953497590021666 0 0 0 0 1
1685093635.439769745 0.25230337702440664 -0.3948120321589667 0 0 0 0 1
1685093635.473103046 0.24552353068083108 -0.3694804456866125 0 0 0 0 1
1685093635.506436348 0.23917765315806083 -0.3458796721503893 0 0 0 0 1
1685093635.539769650 0.23359720792202576 -0.3235586158042783 0 0 0 0 1
1685093635.573102951 0.22818074625554668 -0.30172772238583334 0 0 0 0 1
1685093635.606436253 0.2210323500703834 -0.28631672144090653 0 0 0 0 1
1685093635.639769793 0.21499015746971367 -0.2637694048509714 0 0 0 0 1
1685093635.673103094 0.20493921143715543 -0.23756041788455143 0 0 0 0 1
1685093635.706436396 0.1969155971653065 -0.21503347009908516 0 0 0 0 1
