1685094423.217064619 -1.2701113992542312e-18 -6.802909957459089e-19 0 0 0 0 1
1685094423.250397921 0.00011097886817013063 -0.015881440723506876 0 0 0 0 1
1685094423.283731222 0.00024201301471719203 -0.032731217863880564 0 0 0 0 1
1685094423.317064762 0.0006489335355052831 -0.05106140113301078 0 0 0 0 1
1685094423.350398064 0.0009955850176402508 -0.07024840693969317 0 0 0 0 1
1685094423.383731365 0.0026961643647866827 -0.08059363175961887 0 0 0 0 1
1685094423.417064667 0.010329437259731147 -0.09924044895734478 0 0 0 0 1
1685094423.450397968 0.0180039290851441 -0.11787033950763444 0 0 0 0 1
1685094423.483731270 0.02571960230680276 -0.13648321229586036 0 0 0 0 1
1685094423.517064571 0.033925121188565985 -0.156398432074384 0 0 0 0 1
1685094423.550398111 0.04224194739923108 -0.17669088575269684 0 0 0 0 1
1685094423.583731413 0.04497917565062762 -0.20134173497615457 0 0 0 0 1
1685094423.617064714 0.0363275118431224 -0.22458620742230395 0 0 0 0 1
1685094423.650398016 0.024907874832870318 -0.24399725999500732 0 0 0 0 1
1685094423.683731318 0.010701796937858799 -0.2682687024052326 0 0 0 0 1
1685094423.717064619 -0.0006429205582018894 -0.28760663431192257 0 0 0 0 1
1685094423.750397921 -0.01222717527990035 -0.3075736059590186 0 0 0 0 1
1685094423.783731222 0.010410134862102611 -0.30791581529169887 0 0 0 0 1
1685094423.817064762 -0.0070177402988778155 -0.29346472242417204 0 0 0 0 1
1685094423.850398064 -0.008103867708644887 -0.30875233452718354 0 0 0 0 1
1685094423.883731365 -0.0017219366435945072 -0.32268652673352743 0 0 0 0 1
1685094423.917064667 -0.01952110435855319 -0.3434195841240609 0 0 0 0 1
1685094423.950397968 -0.03759395927415458 -0.3603446711122463 0 0 0 0 1
1685094423.983731270 -0.05582254044893805 -0.3773652372965789 0 0 0 0 1
1685094424.017064571 -0.07418893689200468 -0.394725404780443 0 0 0 0 1
1685094424.050398111 -0.09296271785921843 -0.411736497641973 0 0 0 0 1
1685094424.083731413 -0.11191760999108975 -0.4285455486686563 0 0 0 0 1
1685094424.117064714 -0.1310514390430234 -0.4451506297572839 0 0 0 0 1
1685094424.150398016 -0.15029408835828176 -0.4617267693694744 0 0 0 0 1
1685094424.183731318 -0.17000099682662048 -0.478858373785843 0 0 0 0 1
1685094424.217064619 -0.1896969714740269 -0.49600254754683687 0 0 0 0 1
1685094424.250397921 -0.2171663167222558 -0.5111507847294409 0 0 0 0 1
1685094424.283731222 -0.2319148682200585 -0.5139527417130472 0 0 0 0 1
1685094424.317064762 -0.25942850150338875 -0.5114305194973758 0 0 0 0 1
1685094424.350398064 -0.2869850935002796 -0.5094315550475421 0 0 0 0 1
1685094424.383731365 -0.31351922217122075 -0.5060327850018602 0 0 0 0 1
1685094424.417064667 -0.3410401497041037 -0.5017013265243553 0 0 0 0 1
1685094424.450397968 -0.3685774054377137 -0.497474917709024 0 0 0 0 1
1685094424.483731270 -0.3963382030054971 -0.4934670057137058 0 0 0 0 1
1685094424.517064571 -0.42341872351342374 -0.489819194980955 0 0 0 0 1
1685094424.550398111 -0.45048442396677846 -0.48606300367971816 0 0 0 0 1
1685094424.583731413 -0.47938858777847954 -0.4816483602038054 0 0 0 0 1
1685094424.617064714 -0.5082982664041447 -0.47726997643421215 0 0 0 0 1
1685094424.650398016 -0.5368021646559132 -0.4732446062585041 0 0 0 0 1
1685094424.683731318 -0.5649301115526011 -0.4695110810110026 0 0 0 0 1
1685094424.717064619 -0.5930410877342663 -0.46565185498620476 0 0 0 0 1
1685094424.750397921 -0.6132540121463504 -0.4749546787409031 0 0 0 0 1
1685094424.783731222 -0.6132105493400147 -0.4782305730938888 0 0 0 0 1
1685094424.817064762 -0.591975184638407 -0.458252367039744 0 0 0 0 1
1685094424.850398064 -0.6012492937556769 -0.4534681715918123 0 0 0 0 1
1685094424.883731365 -0.618386228650216 -0.47768324322984435 0 0 0 0 1
1685094424.917064667 -0.6352961106557949 -0.5018437837686246 0 0 0 0 1
1685094424.950397968 -0.6522048103754869 -0.5260051517422708 0 0 0 0 1
1685094424.983731270 -0.6691123277688038 -0.5501673470929282 0 0 0 0 1
1685094425.017064571 -0.6864127752442589 -0.5753391292960377 0 0 0 0 1
1685094425.050398111 -0.7036328813247679 -0.6008801197693804 0 0 0 0 1
1685094425.083731413 -0.7193191556331686 -0.6244306318394465 0 0 0 0 1
1685094425.117064714 -0.7409223781935342 -0.6467242677450427 0 0 0 0 1
1685094425.150398016 -0.7625249378357679 -0.6690185460196968 0 0 0 0 1
1685094425.183731318 -0.7841268345407691 -0.6913134666436962 0 0 0 0 1
1685094425.217064619 -0.8057280682894375 -0.7136090295973282 0 0 0 0 1
1685094425.250397921 -0.8282276995026018 -0.7361976404045529 0 0 0 0 1
1685094425.283731222 -0.8504634076316008 -0.7580953282628952 0 0 0 0 1
1685094425.317064762 -0.8731755809700009 -0.779700395939498 0 0 0 0 1
1685094425.350398064 -0.8959902218421597 -0.8011972312632974 0 0 0 0 1
1685094425.383731365 -0.9189068144842849 -0.822585348261739 0 0 0 0 1
1685094425.417064667 -0.9419248408277913 -0.8438642634200308 0 0 0 0 1
1685094425.450397968 -0.9511025859943445 -0.8510580476485231 0 0 0 0 1
1685094425.483731270 -0.953293926848261 -0.8553070425860579 0 0 0 0 1
1685094425.517064571 -0.9487963111798856 -0.8569279639341881 0 0 0 0 1
1685094425.550398111 -0.9477732685380654 -0.8522579193444375 0 0 0 0 1
1685094425.583731413 -0.9762930877478283 -0.8389910459976397 0 0 0 0 1
1685094425.617064714 -1.004851286009356 -0.8258069901644445 0 0 0 0 1
1685094425.650398016 -1.0335199654085647 -0.8124928843309089 0 0 0 0 1
1685094425.683731318 -1.062180623744731 -0.7991615206955284 0 0 0 0 1
1685094425.717064619 -1.0919720830947504 -0.7859097286121997 0 0 0 0 1
1685094425.750397921 -1.1219636126229622 -0.7726546520361925 0 0 0 0 1
1685094425.783731222 -1.151929441194648 -0.7593415751382788 0 0 0 0 1
1685094425.817064762 -1.181869456643685 -0.7459705477510938 0 0 0 0 1
1685094425.850398064 -1.2117835469005727 -0.7325416199241895 0 0 0 0 1
1685094425.883731365 -1.2416715999928518 -0.7190548419238473 0 0 0 0 1
1685094425.917064667 -1.2715335040455242 -0.7055102642328891 0 0 0 0 1
1685094425.950397968 -1.300265542039124 -0.6925533819590531 0 0 0 0 1
1685094425.983731270 -1.3290319875273373 -0.6796730706469243 0 0 0 0 1
1685094426.017064571 -1.3523433438228123 -0.6701818598412683 0 0 0 0 1
1685094426.050398111 -1.3722358369062724 -0.6456418502978173 0 0 0 0 1
1685094426.083731413 -1.3903314203063604 -0.6217477611526527 0 0 0 0 1
1685094426.117064714 -1.40682138796231 -0.5967186061255179 0 0 0 0 1
1685094426.150398016 -1.4216347714744801 -0.5706621039890456 0 0 0 0 1
1685094426.183731318 -1.4347078180118729 -0.5436903949423838 0 0 0 0 1
1685094426.217064619 -1.445984264687225 -0.5159195579898439 0 0 0 0 1
1685094426.250397921 -1.4536560024253076 -0.4965631216544361 0 0 0 0 1
1685094426.283731222 -1.461308982926638 -0.4771992615801929 0 0 0 0 1
1685094426.317064762 -1.4716747005021986 -0.44786892889334373 0 0 0 0 1
1685094426.350398064 -1.4616472561580582 -0.4487816757874687 0 0 0 0 1
1685094426.383731365 -1.4638701259384843 -0.4586021440505829 0 0 0 0 1
1685094426.417064667 -1.47331320680234 -0.4551077241035456 0 0 0 0 1
1685094426.450397968 -1.4686078741953439 -0.44620589327920906 0 0 0 0 1
1685094426.483731270 -1.4722611882366796 -0.47002308074072224 0 0 0 0 1
1685094426.517064571 -1.4484017101855815 -0.46665701045169833 0 0 0 0 1
1685094426.550398111 -1.43619945201311 -0.4960493747252933 0 0 0 0 1
1685094426.583731413 -1.4240267312546002 -0.525453984082241 0 0 0 0 1
1685094426.617064714 -1.41188356019809 -0.5548708088393708 0 0 0 0 1
1685094426.650398016 -1.3995418199056686 -0.583574039073523 0 0 0 0 1
1685094426.683731318 -1.3857943312886225 -0.6105093177363986 0 0 0 0 1
1685094426.717064619 -1.3696465191891078 -0.6349717053678684 0 0 0 0 1
1685094426.750397921 -1.3406896691374905 -0.6555106278127738 0 0 0 0 1
1685094426.783731222 -1.3054393955364396 -0.6597254482313378 0 0 0 0 1
1685094426.817064762 -1.2745577126646506 -0.6625401916088722 0 0 0 0 1
1685094426.850398064 -1.2436426958631315 -0.664961524596494 0 0 0 0 1
1685094426.883731365 -1.2126993566922335 -0.6669890546776317 0 0 0 0 1
1685094426.917064667 -1.1817327113035796 -0.6686224531741732 0 0 0 0 1
1685094426.950397968 -1.1643557232457242 -0.6526898074020059 0 0 0 0 1
1685094426.983731270 -1.1751792018953942 -0.6736340482615915 0 0 0 0 1
1685094427.017064571 -1.1595702089542455 -0.6524914045296879 0 0 0 0 1
1685094427.050398111 -1.1612073663409477 -0.6262621887521966 0 0 0 0 1
1685094427.083731413 -1.1793243000735476 -0.6072246270191487 0 0 0 0 1
1685094427.117064714 -1.2054402454081046 -0.6042904416307542 0 0 0 0 1
1685094427.150398016 -1.2273299995748215 -0.6188331617041011 0 0 0 0 1
1685094427.183731318 -1.2347466930906699 -0.6440451569028752 0 0 0 0 1
1685094427.217064619 -1.2242184783563708 -0.6681243748951504 0 0 0 0 1
1685094427.250397921 -1.2006737452227196 -0.6797990306192473 0 0 0 0 1
1685094427.283731222 -1.1751340796607506 -0.673604070765156 0 0 0 0 1
1685094427.317064762 -1.1595549206242557 -0.6524394340253813 0 0 0 0 1
1685094427.350398064 -1.1581173291566267 -0.6432710835402731 0 0 0 0 1
1685094427.383731365 -1.1532619892458864 -0.6123771285418664 0 0 0 0 1
1685094427.417064667 -1.148658546645953 -0.5814446359600923 0 0 0 0 1
1685094427.450397968 -1.1443073070135754 -0.5504756596329029 0 0 0 0 1
1685094427.483731270 -1.1402085592598743 -0.5194722558206772 0 0 0 0 1
1685094427.517064571 -1.1363625755311588 -0.4884364830696912 0 0 0 0 1
1685094427.550398111 -1.133421454555071 -0.46147038395120576 0 0 0 0 1
1685094427.583731413 -1.1308417866483396 -0.43446730990851673 0 0 0 0 1
1685094427.617064714 -1.1286240346357592 -0.407432105631969 0 0 0 0 1
1685094427.650398016 -1.126768596409872 -0.3803696215764748 0 0 0 0 1
1685094427.683731318 -1.1246295962306487 -0.3489874164124638 0 0 0 0 1
1685094427.717064619 -1.1223383159202187 -0.3181856829364928 0 0 0 0 1
1685094427.750397921 -1.120189777197595 -0.28742036773436125 0 0 0 0 1
1685094427.783731222 -1.1181746220598474 -0.2566460279705266 0 0 0 0 1
1685094427.817064762 -1.1162928883739924 -0.2258632419292236 0 0 0 0 1
1685094427.850398064 -1.1145446114999087 -0.19507258805340164 0 0 0 0 1
1685094427.883731365 -1.1133795261888046 -0.1647182851412663 0 0 0 0 1
1685094427.917064667 -1.1115757865960447 -0.1715815636232374 0 0 0 0 1
1685094427.950397968 -1.0850078713323126 -0.18105436114816753 0 0 0 0 1
1685094427.983731270 -1.0615891560031756 -0.19677542303157783 0 0 0 0 1
1685094428.017064571 -1.0422829855966496 -0.22023667317437748 0 0 0 0 1
1685094428.050398111 -1.0281835595568252 -0.23160428614245182 0 0 0 0 1
1685094428.083731413 -1.0374441358216533 -0.24716893090189662 0 0 0 0 1
1685094428.117064714 -1.0619487643978702 -0.2298030957396128 0 0 0 0 1
1685094428.150398016 -1.0864829758546546 -0.21247908001762303 0 0 0 0 1
1685094428.183731318 -1.1110466988232985 -0.1951969341305616 0 0 0 0 1
1685094428.217064619 -1.1346850993641664 -0.17823570088715354 0 0 0 0 1
1685094428.250397921 -1.158017927128372 -0.16085650177460206 0 0 0 0 1
1685094428.283731222 -1.1811041098337949 -0.14358849477306349 0 0 0 0 1
1685094428.317064762 -1.2041961900553395 -0.12608714357746936 0 0 0 0 1
1685094428.350398064 -1.2275419636657856 -0.10858412435060073 0 0 0 0 1
1685094428.383731365 -1.2508841695470632 -0.09107634744653888 0 0 0 0 1
1685094428.417064667 -1.2742228067295962 -0.07356381359251223 0 0 0 0 1
1685094428.450397968 -1.297415302386772 -0.05640890393353027 0 0 0 0 1
1685094428.483731270 -1.3211246961766203 -0.03971189643273862 0 0 0 0 1
1685094428.517064571 -1.3447989140324788 -0.02326300308874643 0 0 0 0 1
1685094428.550398111 -1.3684512275350458 -0.006782628417490826 0 0 0 0 1
1685094428.583731413 -1.3826338051629672 -0.02301505704384544 0 0 0 0 1
1685094428.617064714 -1.3595475340430239 -0.008709127870984086 0 0 0 0 1
1685094428.650398016 -1.3787500942997044 -0.027915824705968824 0 0 0 0 1
1685094428.683731318 -1.3644491381228152 -0.004826472697972555 0 0 0 0 1
1685094428.717064619 -1.3900337178218432 0.002028802823183311 0 0 0 0 1
1685094428.750397921 -1.411694156071004 0.008611695059140693 0 0 0 0 1
1685094428.783731222 -1.4334073978350206 0.01501826882624045 0 0 0 0 1
1685094428.817064762 -1.4606957283457047 0.023663389685871058 0 0 0 0 1
1685094428.850398064 -1.4878900189295483 0.032599924606042 0 0 0 0 1
1685094428.883731365 -1.514987157652966 0.041826850949186346 0 0 0 0 1
1685094428.917064667 -1.5417785664551535 0.050275002983990034 0 0 0 0 1
1685094428.950397968 -1.5683031825275067 0.05816516926278689 0 0 0 0 1
1685094428.983731270 -1.5948672507429733 0.06582583843490837 0 0 0 0 1
1685094429.017064571 -1.6213435189905172 0.07348545772766456 0 0 0 0 1
1685094429.050398111 -1.6477286374820812 0.0809900898841279 0 0 0 0 1
1685094429.083731413 -1.6319088356447502 0.09579794723122202 0 0 0 0 1
1685094429.117064714 -1.6506909320956462 0.10660403913780639 0 0 0 0 1
1685094429.150398016 -1.6555412971175103 0.08548502570111884 0 0 0 0 1
1685094429.183731318 -1.672116685231017 0.10843140185229132 0 0 0 0 1
1685094429.217064619 -1.6889248542412383 0.13120781781504343 0 0 0 0 1
1685094429.250397921 -1.7059640615456926 0.1538119122233646 0 0 0 0 1
1685094429.283731222 -1.7231197162433363 0.17679229306963112 0 0 0 0 1
1685094429.317064762 -1.7395775893934444 0.20071715132624726 0 0 0 0 1
1685094429.350398064 -1.7562118746084638 0.22451969292603452 0 0 0 0 1
1685094429.383731365 -1.7672182281019706 0.2378372494261105 0 0 0 0 1
1685094429.417064667 -1.7503599740873907 0.2620265587600476 0 0 0 0 1
1685094429.450397968 -1.7340023410379544 0.28425629425281645 0 0 0 0 1
1685094429.483731270 -1.7172328411409579 0.30617699616363864 0 0 0 0 1
1685094429.517064571 -1.7000573113462245 0.3277810345668796 0 0 0 0 1
1685094429.550398111 -1.6824817299301618 0.3490608897577831 0 0 0 0 1
1685094429.583731413 -1.6715747733211825 0.3792259046194403 0 0 0 0 1
1685094429.617064714 -1.6781672982739817 0.4095053408905612 0 0 0 0 1
1685094429.650398016 -1.6741730052347101 0.4426345420883665 0 0 0 0 1
1685094429.683731318 -1.6463063374441704 0.46099066300592245 0 0 0 0 1
1685094429.717064619 -1.6193142493323645 0.4580100001824985 0 0 0 0 1
1685094429.750397921 -1.590389858825392 0.4548892884212235 0 0 0 0 1
1685094429.783731222 -1.562606946188918 0.451929452669875 0 0 0 0 1
1685094429.817064762 -1.5347803072046304 0.4494136973004013 0 0 0 0 1
1685094429.850398064 -1.506917039569264 0.4473426640025404 0 0 0 0 1
1685094429.883731365 -1.4790242503223652 0.44571688103147533 0 0 0 0 1
1685094429.917064667 -1.450864849594931 0.44461344880115156 0 0 0 0 1
1685094429.950397968 -1.4237542076763852 0.4434686467367585 0 0 0 0 1
