1685094166.357825279 8.523652581724641e-18 4.0823628187925866e-17 0 0 0 0 1
1685094166.391158581 -0.0002076185677208184 -0.014856854439097397 0 0 0 0 1
1685094166.424491882 -0.0002989724591715371 -0.03038149510671447 0 0 0 0 1
1685094166.457825184 -0.00020278048541813736 -0.046761514803312546 0 0 0 0 1
1685094166.491158485 0.00017809866036300545 -0.06430763010330014 0 0 0 0 1
1685094166.524491787 0.000898448678686329 -0.08255054086681624 0 0 0 0 1
1685094166.557825089 0.000255818310243257 -0.09917180209015375 0 0 0 0 1
1685094166.591158628 -0.003006692921366472 -0.11806898488559438 0 0 0 0 1
1685094166.624491930 -0.00647310644747812 -0.13749324348601277 0 0 0 0 1
1685094166.657825232 -0.010197162722128192 -0.1573208159715364 0 0 0 0 1
1685094166.691158533 -0.014165287638242645 -0.1771432445532834 0 0 0 0 1
1685094166.724491835 -0.01839516407108487 -0.19735219954179925 0 0 0 0 1
1685094166.757825136 -0.022730036635751953 -0.21793143437494428 0 0 0 0 1
1685094166.791158438 -0.02711968386422789 -0.23891286979334775 0 0 0 0 1
1685094166.824491739 -0.03154053004188095 -0.26034680839817975 0 0 0 0 1
1685094166.857825279 -0.03623273656523127 -0.28243694284814014 0 0 0 0 1
1685094166.891158581 -0.04148328385738585 -0.29586665067737855 0 0 0 0 1
1685094166.924491882 -0.053900434538519046 -0.3156653378996024 0 0 0 0 1
1685094166.957825184 -0.06650633316058775 -0.3355910169349893 0 0 0 0 1
1685094166.991158485 -0.0787871595814435 -0.34728469993682715 0 0 0 0 1
1685094167.024491787 -0.08556095540506854 -0.3628306514955609 0 0 0 0 1
1685094167.057825089 -0.08576375662594149 -0.37978706005962515 0 0 0 0 1
1685094167.091158628 -0.07936370913967192 -0.3954905727844952 0 0 0 0 1
1685094167.124491930 -0.06736607208549611 -0.40747462989562944 0 0 0 0 1
1685094167.157825232 -0.051655321215168096 -0.41385688865073705 0 0 0 0 1
1685094167.191158533 -0.02606597576756818 -0.40729003585718276 0 0 0 0 1
1685094167.224491835 0.005020226968193609 -0.4032487675303022 0 0 0 0 1
1685094167.257825136 0.0356991998326999 -0.409689611744969 0 0 0 0 1
1685094167.291158438 0.06015652006348436 -0.42023560642180957 0 0 0 0 1
1685094167.324491739 0.08498935865686605 -0.43107775199970644 0 0 0 0 1
1685094167.357825279 0.0988776796831929 -0.4406769166420899 0 0 0 0 1
1685094167.391158581 0.12253639501976808 -0.4536232130384211 0 0 0 0 1
1685094167.424491882 0.1467491269868336 -0.46681592258966154 0 0 0 0 1
1685094167.457825184 0.17142308408296036 -0.48024096010880424 0 0 0 0 1
1685094167.491158485 0.1960798524884691 -0.4936975407654565 0 0 0 0 1
1685094167.524491787 0.22048660985753374 -0.507095030899332 0 0 0 0 1
1685094167.557825089 0.24518391149847088 -0.5205317813115383 0 0 0 0 1
1685094167.591158628 0.26987507895653984 -0.5339798004794661 0 0 0 0 1
1685094167.624491930 0.2946648748842227 -0.5476123905555336 0 0 0 0 1
1685094167.657825232 0.3194187108796954 -0.561310167668171 0 0 0 0 1
1685094167.691158533 0.34413641552806795 -0.5750730369632735 0 0 0 0 1
1685094167.724491835 0.36946092822901766 -0.5889823768783393 0 0 0 0 1
1685094167.757825136 0.39488629051695273 -0.6027065028228449 0 0 0 0 1
1685094167.791158438 0.42041114782987504 -0.616244683630042 0 0 0 0 1
1685094167.824491739 0.4460341403050877 -0.6295961980395987 0 0 0 0 1
1685094167.857825279 0.47175390285164354 -0.6427603347360247 0 0 0 0 1
1685094167.891158581 0.4797827492806349 -0.6570228690387349 0 0 0 0 1
1685094167.924491882 0.4879059876175629 -0.6712318541762378 0 0 0 0 1
1685094167.957825184 0.49612326072723084 -0.6853866654557088 0 0 0 0 1
1685094167.991158485 0.5044342073402379 -0.6994866805660575 0 0 0 0 1
1685094168.024491787 0.512838462068862 -0.7135312796052865 0 0 0 0 1
1685094168.057825089 0.532466395061807 -0.7216950229045042 0 0 0 0 1
1685094168.091158628 0.5493676003156167 -0.7088011592787457 0 0 0 0 1
1685094168.124491930 0.5466799409140423 -0.6877137472712899 0 0 0 0 1
1685094168.157825232 0.5270848635428681 -0.6794714538374959 0 0 0 0 1
1685094168.191158533 0.5300280936934028 -0.7142886193966536 0 0 0 0 1
1685094168.224491835 0.5628877394298023 -0.7261689099390239 0 0 0 0 1
1685094168.257825136 0.5921591762293104 -0.7340583262616512 0 0 0 0 1
1685094168.291158438 0.6214740992518474 -0.741433470378661 0 0 0 0 1
1685094168.324491739 0.6506514132242133 -0.7489628848455372 0 0 0 0 1
1685094168.357825279 0.6798266689692617 -0.7565002706700146 0 0 0 0 1
1685094168.391158581 0.7089998643091865 -0.7640456272894599 0 0 0 0 1
1685094168.424491882 0.7377030353769559 -0.7715997131357873 0 0 0 0 1
1685094168.457825184 0.7438726701797 -0.7666320531134551 0 0 0 0 1
1685094168.491158485 0.7490448696530356 -0.7606328538081527 0 0 0 0 1
1685094168.524491787 0.7786902055921312 -0.7575589008147995 0 0 0 0 1
1685094168.557825089 0.8083375887911693 -0.7545047561887925 0 0 0 0 1
1685094168.591158628 0.8379870060146323 -0.7514704212935974 0 0 0 0 1
1685094168.624491930 0.8676717346972489 -0.7486733381100937 0 0 0 0 1
1685094168.657825232 0.8973579252835532 -0.7458918133897976 0 0 0 0 1
1685094168.691158533 0.9092613740878974 -0.7290690006072831 0 0 0 0 1
1685094168.724491835 0.9098085223740356 -0.6995679015603864 0 0 0 0 1
1685094168.757825136 0.9101874581127153 -0.6703963581315413 0 0 0 0 1
1685094168.791158438 0.9101818659095213 -0.6414837229819743 0 0 0 0 1
1685094168.824491739 0.9200179948298528 -0.6198761692700364 0 0 0 0 1
1685094168.857825279 0.9309467755954431 -0.5932567267688486 0 0 0 0 1
1685094168.891158581 0.9417505803642396 -0.5665863167492384 0 0 0 0 1
1685094168.924491882 0.9524291714530275 -0.5398655259590158 0 0 0 0 1
1685094168.957825184 0.9629823139332875 -0.513094942254365 0 0 0 0 1
1685094168.991158485 0.973195767076693 -0.4874029704353461 0 0 0 0 1
1685094169.024491787 0.9779311024103315 -0.4600499381980891 0 0 0 0 1
1685094169.057825089 0.9744937124682338 -0.44408220071371907 0 0 0 0 1
1685094169.091158628 0.959243651241904 -0.4382324210104328 0 0 0 0 1
1685094169.124491930 0.9374886452275598 -0.42473219764453873 0 0 0 0 1
1685094169.157825232 0.9164603429238554 -0.41162393115783225 0 0 0 0 1
