1685094136.995813847 8.305689020323936e-20 2.617425320096706e-19 0 0 0 0 1
1685094137.029147148 -0.0005805047017383093 -0.012389215252701978 0 0 0 0 1
1685094137.062480450 -0.009225500852132576 -0.024360004101282494 0 0 0 0 1
1685094137.095813751 -0.013973566718311292 -0.03414871213366414 0 0 0 0 1
1685094137.129147053 -0.01934951953709302 -0.04688545114810138 0 0 0 0 1
1685094137.162480354 -0.02409004190499557 -0.0586699509541694 0 0 0 0 1
1685094137.195813894 -0.027157141619221024 -0.07176597213017318 0 0 0 0 1
1685094137.229147196 -0.030250681008125786 -0.0831210795952619 0 0 0 0 1
1685094137.262480497 -0.034632790630753266 -0.09819221234377241 0 0 0 0 1
1685094137.295813799 -0.0364133454689881 -0.11406578474594217 0 0 0 0 1
1685094137.329147100 -0.03849217225025135 -0.11374833137886385 0 0 0 0 1
1685094137.362480402 -0.045171745086097774 -0.12055846893548317 0 0 0 0 1
1685094137.395813704 -0.05919789702791254 -0.12714075594810959 0 0 0 0 1
1685094137.429147005 -0.07157913754095727 -0.13256689832565308 0 0 0 0 1
1685094137.462480545 -0.0853980548071325 -0.14052637419136987 0 0 0 0 1
1685094137.495813847 -0.09735495200357913 -0.1453562053387232 0 0 0 0 1
1685094137.529147148 -0.10795679884913492 -0.15223842788012495 0 0 0 0 1
1685094137.562480450 -0.11845862689384866 -0.1561082281168996 0 0 0 0 1
1685094137.595813751 -0.1341125872641522 -0.15967156490244339 0 0 0 0 1
1685094137.629147053 -0.1436984253233415 -0.16208911698559209 0 0 0 0 1
1685094137.662480354 -0.15455070775835156 -0.16967634184586258 0 0 0 0 1
1685094137.695813894 -0.16659040567577288 -0.180825740316484 0 0 0 0 1
1685094137.729147196 -0.18384659773533718 -0.19114377979956731 0 0 0 0 1
1685094137.762480497 -0.19389712170599185 -0.20358754879573654 0 0 0 0 1
1685094137.795813799 -0.19003442617293692 -0.19882709911982166 0 0 0 0 1
1685094137.829147100 -0.18977116972024285 -0.21480000424544718 0 0 0 0 1
1685094137.862480402 -0.18486180572440242 -0.21192918102192734 0 0 0 0 1
1685094137.895813704 -0.18780749776183955 -0.2040382130031117 0 0 0 0 1
1685094137.929147005 -0.17505697690106503 -0.1988912323715165 0 0 0 0 1
1685094137.962480545 -0.16393389967768565 -0.1854625424019809 0 0 0 0 1
1685094137.995813847 -0.15952068645060405 -0.17922723553920786 0 0 0 0 1
1685094138.029147148 -0.14469793378445864 -0.16579706355068674 0 0 0 0 1
1685094138.062480450 -0.12972040871209284 -0.15660150625992603 0 0 0 0 1
1685094138.095813751 -0.11659410673484494 -0.14594775652474296 0 0 0 0 1
1685094138.129147053 -0.0989242842829981 -0.1378202734954783 0 0 0 0 1
1685094138.162480354 -0.09246649989256503 -0.14015287142735017 0 0 0 0 1
1685094138.195813894 -0.09057516127239085 -0.13017230980016076 0 0 0 0 1
