1685094310.688365936 -8.226689605612995e-18 4.5726844669690837e-17 0 0 0 0 1
1685094310.721699238 0.0003434179944373233 -0.018143626132793345 0 0 0 0 1
1685094310.755032778 0.0006523658455493294 -0.03706575433070265 0 0 0 0 1
1685094310.788366079 0.0010732110863086062 -0.05658963494084774 0 0 0 0 1
1685094310.821699381 0.0013156495283188196 -0.07708927620917133 0 0 0 0 1
1685094310.855032682 0.001735601670260142 -0.09856108722863886 0 0 0 0 1
1685094310.888365984 0.0033345670564961117 -0.12020753103559868 0 0 0 0 1
1685094310.921699286 0.007067069494780743 -0.14257925854437192 0 0 0 0 1
1685094310.955032587 0.010804074656471431 -0.16545040426177135 0 0 0 0 1
1685094310.988366127 0.014849453879717893 -0.18903421485785124 0 0 0 0 1
1685094311.021699429 0.01881917539723611 -0.21312010948095875 0 0 0 0 1
1685094311.055032730 0.022785877332180095 -0.2367861799303339 0 0 0 0 1
1685094311.088366032 0.026475186653681832 -0.26175188220272605 0 0 0 0 1
1685094311.121699333 0.030490541685969656 -0.2874374192941243 0 0 0 0 1
1685094311.155032635 0.03477805683026004 -0.31372170002073285 0 0 0 0 1
1685094311.188365936 0.038958623195282274 -0.3400386438161447 0 0 0 0 1
1685094311.221699238 0.04336878389719488 -0.36656728032337554 0 0 0 0 1
1685094311.255032778 0.04799462049743278 -0.39327811372982924 0 0 0 0 1
1685094311.288366079 0.052777771368752564 -0.4200734771970003 0 0 0 0 1
1685094311.321699381 0.057480768519504774 -0.44719910876953073 0 0 0 0 1
1685094311.355032682 0.06211195474184607 -0.47448075338531154 0 0 0 0 1
1685094311.388365984 0.0665695108629171 -0.5016696921601936 0 0 0 0 1
1685094311.421699286 0.07015593779119625 -0.5288757869281581 0 0 0 0 1
1685094311.455032587 0.07388855625871972 -0.5565647633321318 0 0 0 0 1
1685094311.488366127 0.07766453308497484 -0.5839977648202508 0 0 0 0 1
1685094311.521699429 0.08125327988891923 -0.6113510098385021 0 0 0 0 1
1685094311.555032730 0.0846472137488989 -0.6390547043410038 0 0 0 0 1
1685094311.588366032 0.0879686747253291 -0.6672430947716321 0 0 0 0 1
1685094311.621699333 0.09116988345168328 -0.6951324001078281 0 0 0 0 1
1685094311.655032635 0.09482495483192722 -0.7234072643768497 0 0 0 0 1
1685094311.688365936 0.09860242316557115 -0.7520032304806875 0 0 0 0 1
1685094311.721699238 0.10259111054769833 -0.7810241293583154 0 0 0 0 1
1685094311.755032778 0.10685974268803959 -0.8104924114728552 0 0 0 0 1
1685094311.788366079 0.11114572533181362 -0.8396309801981634 0 0 0 0 1
1685094311.821699381 0.11577720292148619 -0.8686257842162665 0 0 0 0 1
1685094311.855032682 0.12030469379878402 -0.8976724983088938 0 0 0 0 1
1685094311.888365984 0.12469966487219165 -0.9266427463639528 0 0 0 0 1
1685094311.921699286 0.1291125022796438 -0.9553750957102697 0 0 0 0 1
1685094311.955032587 0.13336069556573518 -0.9824814498101978 0 0 0 0 1
1685094311.988366127 0.13836763726779125 -1.0110119162011495 0 0 0 0 1
1685094312.021699429 0.14315258381705678 -1.0393670072250885 0 0 0 0 1
1685094312.055032730 0.1478123461969871 -1.067458726090974 0 0 0 0 1
1685094312.088366032 0.1528115534496661 -1.0941196521484773 0 0 0 0 1
1685094312.121699333 0.16050301355540952 -1.1218791702799773 0 0 0 0 1
1685094312.155032635 0.16809559008433028 -1.1498440072951737 0 0 0 0 1
1685094312.188365936 0.17555165250098329 -1.1779453214131717 0 0 0 0 1
1685094312.221699238 0.1851841014910727 -1.2134213716162827 0 0 0 0 1
1685094312.255032778 0.1931870542118959 -1.2420093307101536 0 0 0 0 1
1685094312.288366079 0.20125132256212447 -1.267362531479774 0 0 0 0 1
1685094312.321699381 0.2085829405862493 -1.2961099498919386 0 0 0 0 1
1685094312.355032682 0.21619488259827693 -1.3252194133887147 0 0 0 0 1
1685094312.388365984 0.2237339020588818 -1.3541952797962813 0 0 0 0 1
1685094312.421699286 0.23128726713940537 -1.3830096601903348 0 0 0 0 1
1685094312.455032587 0.2387487846022289 -1.4116027466892136 0 0 0 0 1
1685094312.488366127 0.24609795578711088 -1.4403253066969526 0 0 0 0 1
1685094312.521699429 0.2535116516018567 -1.469199664636327 0 0 0 0 1
1685094312.555032730 0.2608304405431437 -1.4975291816717933 0 0 0 0 1
1685094312.588366032 0.26797076928046754 -1.525533960166431 0 0 0 0 1
1685094312.621699333 0.2749245328053003 -1.5535024505379014 0 0 0 0 1
1685094312.655032635 0.2816998914180527 -1.5814404737020449 0 0 0 0 1
1685094312.688365936 0.2878236233283397 -1.6092214836960324 0 0 0 0 1
1685094312.721699238 0.29449289348632124 -1.6366117627806887 0 0 0 0 1
1685094312.755032778 0.30140027468685443 -1.6640751800982 0 0 0 0 1
1685094312.788366079 0.30846086671567724 -1.6918441343375292 0 0 0 0 1
1685094312.821699381 0.31561206306852585 -1.7199076263811157 0 0 0 0 1
1685094312.855032682 0.3230049914246993 -1.7482601377771625 0 0 0 0 1
1685094312.888365984 0.33061584030438185 -1.7773188795377506 0 0 0 0 1
1685094312.921699286 0.33787362927159914 -1.8061051509217392 0 0 0 0 1
1685094312.955032587 0.3412453305184519 -1.833525330030002 0 0 0 0 1
1685094312.988366127 0.3436374570132116 -1.8639360772663476 0 0 0 0 1
1685094313.021699429 0.34622804779320965 -1.8946425804432097 0 0 0 0 1
1685094313.055032730 0.34869340241403335 -1.925295756463662 0 0 0 0 1
1685094313.088366032 0.35087007926969965 -1.955131073945486 0 0 0 0 1
1685094313.121699333 0.35313283074834273 -1.98532591791368 0 0 0 0 1
1685094313.155032635 0.35485764547280285 -2.020570443564673 0 0 0 0 1
1685094313.188365936 0.35570589816585535 -2.048412061501789 0 0 0 0 1
1685094313.221699238 0.35511843167875273 -2.0783363119344425 0 0 0 0 1
1685094313.255032778 0.3542518091754587 -2.1086167944800454 0 0 0 0 1
1685094313.288366079 0.35318465605362476 -2.1389238970311997 0 0 0 0 1
1685094313.321699381 0.3517654487189586 -2.1689197669357894 0 0 0 0 1
1685094313.355032682 0.3502692510773443 -2.1992108321705572 0 0 0 0 1
1685094313.388365984 0.34869279407187614 -2.2301460278151373 0 0 0 0 1
1685094313.421699286 0.34709082680746395 -2.261068834916763 0 0 0 0 1
1685094313.455032587 0.34691877731214144 -2.2966521584037896 0 0 0 0 1
1685094313.488366127 0.3488874953274713 -2.3276566654582327 0 0 0 0 1
1685094313.521699429 0.3513579783597465 -2.358359977432968 0 0 0 0 1
1685094313.555032730 0.3540803300172033 -2.3883700121618703 0 0 0 0 1
1685094313.588366032 0.35697162098296453 -2.418495061105038 0 0 0 0 1
1685094313.621699333 0.36008900206004485 -2.4490100401844517 0 0 0 0 1
1685094313.655032635 0.36315815146348635 -2.479459054851521 0 0 0 0 1
1685094313.688365936 0.36630986475064203 -2.5080343197900254 0 0 0 0 1
1685094313.721699238 0.36972608439897914 -2.537845035922587 0 0 0 0 1
1685094313.755032778 0.3733468698595339 -2.5677617752954403 0 0 0 0 1
1685094313.788366079 0.37607349579009985 -2.5967558516019342 0 0 0 0 1
1685094313.821699381 0.3790767638394327 -2.6258999256107445 0 0 0 0 1
1685094313.855032682 0.38208883832894786 -2.654945903922451 0 0 0 0 1
1685094313.888365984 0.3847309969467617 -2.6835192781091366 0 0 0 0 1
1685094313.921699286 0.3874097951645174 -2.7121175882473065 0 0 0 0 1
1685094313.955032587 0.39027478138696303 -2.7405877653096953 0 0 0 0 1
1685094313.988366127 0.3931915778356469 -2.768897514383418 0 0 0 0 1
1685094314.021699429 0.3964130082074444 -2.797189803793802 0 0 0 0 1
1685094314.055032730 0.39962072692429756 -2.8250543188799226 0 0 0 0 1
1685094314.088366032 0.40327584405057887 -2.850604458100961 0 0 0 0 1
1685094314.121699333 0.4073873797326668 -2.877529591428917 0 0 0 0 1
