1685094168.061014175 4.723163560817609e-18 1.1218692813231002e-16 0 0 0 0 1
1685094168.094347477 -9.544691084178873e-05 -0.01810250750089269 0 0 0 0 1
1685094168.127680779 -0.0002040365552307211 -0.036785062630932 0 0 0 0 1
1685094168.161014080 -0.0003412943647858278 -0.05601951854018229 0 0 0 0 1
1685094168.194347382 -0.0004511646068709385 -0.07647152509733442 0 0 0 0 1
1685094168.227680683 -0.00035300869112936064 -0.09790599799016639 0 0 0 0 1
1685094168.261013985 -0.0001689121888837077 -0.11989579038853246 0 0 0 0 1
1685094168.294347286 0.00021832641656455132 -0.14256946460225361 0 0 0 0 1
1685094168.327680826 0.0008967039765049951 -0.16538982497239513 0 0 0 0 1
1685094168.361014128 0.001921195874273408 -0.18860242866488183 0 0 0 0 1
1685094168.394347429 0.0029080933056489892 -0.21223379032458095 0 0 0 0 1
1685094168.427680731 0.0038447498399463396 -0.23636833546255087 0 0 0 0 1
1685094168.461014032 0.004415676187571778 -0.260306616202412 0 0 0 0 1
1685094168.494347334 0.004049348918372306 -0.2851791561369447 0 0 0 0 1
1685094168.527680635 0.0030531973221002593 -0.3095644382696874 0 0 0 0 1
1685094168.561014175 0.002176529629723369 -0.33511817367396735 0 0 0 0 1
1685094168.594347477 0.0012905596461863264 -0.3608446710974973 0 0 0 0 1
1685094168.627680779 0.00035330674882195107 -0.3867639042972028 0 0 0 0 1
1685094168.661014080 -0.000658259077410458 -0.41309583855862353 0 0 0 0 1
1685094168.694347382 -0.0016048675796387986 -0.44024109305884473 0 0 0 0 1
1685094168.727680683 -0.002480882394874259 -0.4675068513571426 0 0 0 0 1
1685094168.761013985 -0.0033331387226418394 -0.4947315416891285 0 0 0 0 1
1685094168.794347286 -0.0019860958347135186 -0.5210021570297756 0 0 0 0 1
1685094168.827680826 -0.0034262007196074903 -0.5490998987150771 0 0 0 0 1
1685094168.861014128 -0.005782696271100041 -0.5748764692782382 0 0 0 0 1
1685094168.894347429 -0.003429629740055665 -0.6032236156299166 0 0 0 0 1
1685094168.927680731 -0.001180477120685129 -0.6313456326634314 0 0 0 0 1
1685094168.961014032 0.0011016166757247547 -0.6596175339960104 0 0 0 0 1
1685094168.994347334 0.000938751015255891 -0.68516325225892 0 0 0 0 1
1685094169.027680635 0.00345891454079231 -0.7130333517582507 0 0 0 0 1
1685094169.061014175 0.005945730079135361 -0.7409218728668967 0 0 0 0 1
1685094169.094347477 0.008702559887601024 -0.7693072917635675 0 0 0 0 1
1685094169.127680779 0.011018954974776262 -0.7979765253172068 0 0 0 0 1
1685094169.161014080 0.013440951836530131 -0.8262354712117514 0 0 0 0 1
1685094169.194347382 0.015848353434112054 -0.8546191216875197 0 0 0 0 1
1685094169.227680683 0.015351430176591054 -0.8795398226161065 0 0 0 0 1
1685094169.261013985 0.01496487688240152 -0.9088672412516106 0 0 0 0 1
1685094169.294347286 0.01294550511108843 -0.9368602751593526 0 0 0 0 1
1685094169.327680826 0.010012874848571851 -0.9661592726018855 0 0 0 0 1
1685094169.361014128 0.007114085812297488 -0.9959680876023145 0 0 0 0 1
1685094169.394347429 0.004185212604846861 -1.0260921047742724 0 0 0 0 1
1685094169.427680731 0.0015132233857922046 -1.0560122476360942 0 0 0 0 1
1685094169.461014032 -0.0008898716235092405 -1.0860247074772242 0 0 0 0 1
1685094169.494347334 -0.002931373992464941 -1.1167075347850448 0 0 0 0 1
1685094169.527680635 -0.006309098706839303 -1.145543806967881 0 0 0 0 1
1685094169.561014175 -0.010341844512538431 -1.176168655411264 0 0 0 0 1
1685094169.594347477 -0.013515842956488182 -1.2062702959189575 0 0 0 0 1
1685094169.627680779 -0.016745265476850877 -1.2364901784054774 0 0 0 0 1
1685094169.661014080 -0.020274039588421035 -1.2667211158982195 0 0 0 0 1
1685094169.694347382 -0.02403558697685519 -1.2965258364780707 0 0 0 0 1
1685094169.727680683 -0.028163804094385955 -1.3264112482755817 0 0 0 0 1
1685094169.761013985 -0.034087856448558544 -1.355018566286756 0 0 0 0 1
1685094169.794347286 -0.04374596662378455 -1.3912195038999153 0 0 0 0 1
1685094169.827680826 -0.05149404783628304 -1.4199201141716529 0 0 0 0 1
1685094169.861014128 -0.05928191601683397 -1.449066184891263 0 0 0 0 1
1685094169.894347429 -0.0668424490434974 -1.4783258702095656 0 0 0 0 1
1685094169.927680731 -0.07440721911591841 -1.5073281411666115 0 0 0 0 1
1685094169.961014032 -0.08181233572599418 -1.5365176907059273 0 0 0 0 1
1685094169.994347334 -0.08922641262205407 -1.5656852312090517 0 0 0 0 1
1685094170.027680635 -0.09661060700716996 -1.5946517172453656 0 0 0 0 1
1685094170.061014175 -0.10410018283885894 -1.6231789580243174 0 0 0 0 1
1685094170.094347477 -0.11148121641396772 -1.6516857398361882 0 0 0 0 1
1685094170.127680779 -0.11844552289031957 -1.679000666444238 0 0 0 0 1
1685094170.161014080 -0.12716544309595923 -1.7074714141523633 0 0 0 0 1
1685094170.194347382 -0.13571416688799864 -1.7356246173765708 0 0 0 0 1
1685094170.227680683 -0.14381317439870597 -1.7639783175935395 0 0 0 0 1
1685094170.261013985 -0.15184925855949333 -1.7925998267941565 0 0 0 0 1
1685094170.294347286 -0.15986303869271384 -1.8211638847516423 0 0 0 0 1
1685094170.327680826 -0.167627759908634 -1.849839194250992 0 0 0 0 1
1685094170.361014128 -0.1749739416854573 -1.8759887871211811 0 0 0 0 1
1685094170.394347429 -0.18288033825732122 -1.90559062941175 0 0 0 0 1
1685094170.427680731 -0.1910047808167607 -1.9347652902725363 0 0 0 0 1
1685094170.461014032 -0.19908831336082294 -1.96405311593945 0 0 0 0 1
1685094170.494347334 -0.20715548296680264 -1.9937077211632503 0 0 0 0 1
1685094170.527680635 -0.21489006572072883 -2.0231656539501595 0 0 0 0 1
1685094170.561014175 -0.2224826277266793 -2.0519033845874755 0 0 0 0 1
1685094170.594347477 -0.22768840979152266 -2.0753800083162623 0 0 0 0 1
1685094170.627680779 -0.24392085523240864 -2.100391891467332 0 0 0 0 1
1685094170.661014080 -0.264473066297056 -2.128680331924165 0 0 0 0 1
1685094170.694347382 -0.28110853737393965 -2.1533447573852995 0 0 0 0 1
1685094170.727680683 -0.29800132965951653 -2.178226066777339 0 0 0 0 1
1685094170.761013985 -0.31539748483183433 -2.2031424771630728 0 0 0 0 1
1685094170.794347286 -0.3331622375330201 -2.2276210421158327 0 0 0 0 1
1685094170.827680826 -0.35083448981217097 -2.25175153080517 0 0 0 0 1
1685094170.861014128 -0.3688527484566985 -2.2759530130357724 0 0 0 0 1
1685094170.894347429 -0.387091720859941 -2.300424992842869 0 0 0 0 1
1685094170.927680731 -0.405314776553515 -2.3247557202892413 0 0 0 0 1
1685094170.961014032 -0.4234082229701028 -2.349017413849531 0 0 0 0 1
1685094170.994347334 -0.44130476047731315 -2.3739662262978833 0 0 0 0 1
1685094171.027680635 -0.45874425854504264 -2.399005864028306 0 0 0 0 1
1685094171.061014175 -0.4754697857921127 -2.4237890104667206 0 0 0 0 1
1685094171.094347477 -0.49171055605096603 -2.448694853694175 0 0 0 0 1
1685094171.127680779 -0.5117681375483323 -2.47976842047845 0 0 0 0 1
1685094171.161014080 -0.5279434398403823 -2.5041243256050425 0 0 0 0 1
1685094171.194347382 -0.5438074492128312 -2.528346857826538 0 0 0 0 1
1685094171.227680683 -0.5596863740826162 -2.552576456970234 0 0 0 0 1
1685094171.261013985 -0.5755913559736545 -2.5768284619215196 0 0 0 0 1
1685094171.294347286 -0.5914003277466323 -2.6004719377927974 0 0 0 0 1
1685094171.327680826 -0.6071705798283087 -2.6234253310335736 0 0 0 0 1
1685094171.361014128 -0.6216106938985759 -2.6460233603005037 0 0 0 0 1
1685094171.394347429 -0.6374355528661222 -2.669513979417951 0 0 0 0 1
1685094171.427680731 -0.653121280513719 -2.6924564601045695 0 0 0 0 1
1685094171.461014032 -0.668696133163955 -2.7151123838557902 0 0 0 0 1
