1685094272.479780197 -2.335419184043394e-20 4.919746460164229e-20 0 0 0 0 1
1685094272.513113737 3.9061576085972245e-05 -0.015571546518050252 0 0 0 0 1
1685094272.546447039 0.00014143843748545219 -0.02928806045913637 0 0 0 0 1
1685094272.579780340 9.707485230779381e-05 -0.045790782387229764 0 0 0 0 1
1685094272.613113642 -0.000100552273017066 -0.06232236834455813 0 0 0 0 1
1685094272.646446943 -0.0003866777861934891 -0.07468334280678718 0 0 0 0 1
1685094272.679780245 0.0005931561447152431 -0.09232953072107511 0 0 0 0 1
1685094272.713113546 0.0016407074427746177 -0.11050737801761708 0 0 0 0 1
1685094272.746446848 0.0027061821735445313 -0.12930034034271606 0 0 0 0 1
1685094272.779780388 0.0037011409866940896 -0.14748525285137576 0 0 0 0 1
1685094272.813113689 0.0033836655978584534 -0.16715320572225426 0 0 0 0 1
1685094272.846446991 0.0027091036278332906 -0.1875469984285004 0 0 0 0 1
1685094272.879780293 0.004243732579922802 -0.20444809934232097 0 0 0 0 1
1685094272.913113594 -0.002006341564193779 -0.22445931764020488 0 0 0 0 1
1685094272.946446896 -0.0077545513520991365 -0.2444996788016294 0 0 0 0 1
1685094272.979780197 -0.011017867154304601 -0.26384311265317734 0 0 0 0 1
1685094273.013113737 -0.017313186866188796 -0.2855865250727208 0 0 0 0 1
1685094273.046447039 -0.02338175085939202 -0.3076262090277287 0 0 0 0 1
1685094273.079780340 -0.0294138254650409 -0.32961280956083444 0 0 0 0 1
1685094273.113113642 -0.03549510479158331 -0.35142685748165603 0 0 0 0 1
1685094273.146446943 -0.03909047494734424 -0.37494878851843844 0 0 0 0 1
1685094273.179780245 -0.04454966966195776 -0.38064272200175087 0 0 0 0 1
1685094273.213113546 -0.051537428739593945 -0.37698281646781107 0 0 0 0 1
1685094273.246446848 -0.05357497728970687 -0.35148694386755086 0 0 0 0 1
1685094273.279780388 -0.05521667465843477 -0.3254729838918449 0 0 0 0 1
1685094273.313113689 -0.05684136048297377 -0.2994579559303058 0 0 0 0 1
1685094273.346446991 -0.059082166817338355 -0.2729823423825672 0 0 0 0 1
1685094273.379780293 -0.06110556296631126 -0.24638184082612002 0 0 0 0 1
1685094273.413113594 -0.06328337217410271 -0.21977286092455017 0 0 0 0 1
1685094273.446446896 -0.06522469005575134 -0.1930415831478937 0 0 0 0 1
1685094273.479780197 -0.06763246632286139 -0.16567512546133034 0 0 0 0 1
1685094273.513113737 -0.07377367045767459 -0.13983343384228358 0 0 0 0 1
1685094273.546447039 -0.07407973346235655 -0.1132738077267577 0 0 0 0 1
1685094273.579780340 -0.06451656406398837 -0.08707411223461245 0 0 0 0 1
1685094273.613113642 -0.054739098279482874 -0.06022808789709864 0 0 0 0 1
1685094273.646446943 -0.04485793765955739 -0.03315492026909954 0 0 0 0 1
1685094273.679780245 -0.035013784933532036 -0.006068274154875797 0 0 0 0 1
1685094273.713113546 -0.02520665848678416 0.021031799857347915 0 0 0 0 1
1685094273.746446848 -0.017544495127998303 0.04830482019051262 0 0 0 0 1
1685094273.779780388 -0.035295904814447214 0.0532507749173956 0 0 0 0 1
1685094273.813113689 -0.023648127474943857 0.06753028110864327 0 0 0 0 1
1685094273.846446991 -0.05156892873990722 0.05757951139381742 0 0 0 0 1
1685094273.879780293 -0.07953303634486554 0.04730759092515711 0 0 0 0 1
1685094273.913113594 -0.10749269982910474 0.03702357993215095 0 0 0 0 1
1685094273.946446896 -0.13890915009896504 0.025717775947169768 0 0 0 0 1
1685094273.979780197 -0.1452502907084642 0.03789855671103959 0 0 0 0 1
1685094274.013113737 -0.15751748898198004 0.031726253189245525 0 0 0 0 1
1685094274.046447039 -0.15151519998123134 0.019374977506208074 0 0 0 0 1
1685094274.079780340 -0.13908220302746757 0.025206106984671184 0 0 0 0 1
1685094274.113113642 -0.14474106063292624 0.03771845348115389 0 0 0 0 1
1685094274.146446943 -0.15733036980734105 0.032232947236704224 0 0 0 0 1
1685094274.179780245 -0.1520192613432668 0.0195690769306035 0 0 0 0 1
1685094274.213113546 -0.1392832456750648 0.02470477446318991 0 0 0 0 1
1685094274.246446848 -0.1442425525865744 0.03751050596140407 0 0 0 0 1
1685094274.279780388 -0.14296894292943618 0.007179648796982175 0 0 0 0 1
1685094274.313113689 -0.14095952076740093 -0.02311135977754435 0 0 0 0 1
1685094274.346446991 -0.13821547007656193 -0.05334467192976188 0 0 0 0 1
1685094274.379780293 -0.1347384076851191 -0.08350247382269387 0 0 0 0 1
1685094274.413113594 -0.13083153455810287 -0.11429883853334244 0 0 0 0 1
1685094274.446446896 -0.12686156170263516 -0.14508713261646322 0 0 0 0 1
1685094274.479780197 -0.12282850578953643 -0.17586722678499528 0 0 0 0 1
1685094274.513113737 -0.1187323837545273 -0.20663899178631093 0 0 0 0 1
1685094274.546447039 -0.11473071092332858 -0.2369232654136252 0 0 0 0 1
1685094274.579780340 -0.11046033883739123 -0.2671708196425153 0 0 0 0 1
1685094274.613113642 -0.10638620159524077 -0.29736644762720793 0 0 0 0 1
1685094274.646446943 -0.10249530843172124 -0.32758623409316284 0 0 0 0 1
1685094274.679780245 -0.10462153990796673 -0.319428381578515 0 0 0 0 1
1685094274.713113546 -0.10044000339677231 -0.3267486391113393 0 0 0 0 1
1685094274.746446848 -0.10638702946269035 -0.3207733316788623 0 0 0 0 1
1685094274.779780388 -0.09908669252579153 -0.3249895501918279 0 0 0 0 1
1685094274.813113689 -0.10723436587918292 -0.3228246398316146 0 0 0 0 1
1685094274.846446991 -0.09880405806976512 -0.3227881956305342 0 0 0 0 1
1685094274.879780293 -0.10693270944125369 -0.32502346850473096 0 0 0 0 1
1685094274.913113594 -0.09966909808559814 -0.32074429007712185 0 0 0 0 1
1685094274.946446896 -0.07701105742300007 -0.3024697424551803 0 0 0 0 1
1685094274.979780197 -0.054436650877293165 -0.284265607879335 0 0 0 0 1
1685094275.013113737 -0.048477030604222836 -0.2863109963728551 0 0 0 0 1
1685094275.046447039 -0.043397874148755816 -0.28258234278348765 0 0 0 0 1
1685094275.079780340 -0.043563697762531974 -0.2762836770186031 0 0 0 0 1
1685094275.113113642 -0.06855685589594218 -0.2881378299592 0 0 0 0 1
1685094275.146446943 -0.09353401105232102 -0.2999654962230018 0 0 0 0 1
1685094275.179780245 -0.11293412225719547 -0.3041155500236605 0 0 0 0 1
1685094275.213113546 -0.12148293163020792 -0.3313958966953352 0 0 0 0 1
1685094275.246446848 -0.13165035068908956 -0.35709164682773836 0 0 0 0 1
1685094275.279780388 -0.14219363604763174 -0.3828329337261733 0 0 0 0 1
