1685094360.554956913 5.690481361521014e-19 -5.507706988915697e-18 0 0 0 0 1
1685094360.588290215 0.0004106915044010771 -0.013366864252344901 0 0 0 0 1
1685094360.621623516 0.0008099583909210661 -0.02768946288569045 0 0 0 0 1
1685094360.654956818 0.0008160796541800407 -0.042864416503381304 0 0 0 0 1
1685094360.688290119 -0.004223758346584726 -0.05036406575541317 0 0 0 0 1
1685094360.721623659 -0.0027636683862618436 -0.06722486630839007 0 0 0 0 1
1685094360.754956961 -0.0011071387695383936 -0.0844339690323189 0 0 0 0 1
1685094360.788290262 0.000754186426597909 -0.10201515591861429 0 0 0 0 1
1685094360.821623564 0.002608634007658665 -0.12023711285746107 0 0 0 0 1
1685094360.854956865 0.00437438256369827 -0.139142255903996 0 0 0 0 1
1685094360.888290167 0.006220302794268749 -0.1583686048502505 0 0 0 0 1
1685094360.921623468 0.008114028298381643 -0.1779828876577758 0 0 0 0 1
1685094360.954956770 0.010370639197334892 -0.19824866096209784 0 0 0 0 1
1685094360.988290310 0.010433690375969773 -0.21813203354762445 0 0 0 0 1
1685094361.021623611 0.015144810661973125 -0.23853565275620403 0 0 0 0 1
1685094361.054956913 0.02015560834397961 -0.2593846571795076 0 0 0 0 1
1685094361.088290215 0.024948125017646948 -0.28095216253031324 0 0 0 0 1
1685094361.121623516 0.030129539469224087 -0.30309560757039444 0 0 0 0 1
1685094361.154956818 0.03531645973062216 -0.3255157361332925 0 0 0 0 1
1685094361.188290119 0.0406752363392406 -0.3482881709455231 0 0 0 0 1
1685094361.221623659 0.046254849776657975 -0.37137457009831637 0 0 0 0 1
1685094361.254956961 0.052087344989866724 -0.39485004928332934 0 0 0 0 1
1685094361.288290262 0.05802467740937189 -0.4189075159031543 0 0 0 0 1
1685094361.321623564 0.06421292159695269 -0.4428379579145397 0 0 0 0 1
1685094361.354956865 0.06975607560782175 -0.4601293932069861 0 0 0 0 1
1685094361.388290167 0.06539282841836343 -0.486891139007871 0 0 0 0 1
1685094361.421623468 0.07262399680635313 -0.5104837650279379 0 0 0 0 1
1685094361.454956770 0.08011548087321335 -0.5340663708852965 0 0 0 0 1
1685094361.488290310 0.08748829160580571 -0.5577871022929681 0 0 0 0 1
1685094361.521623611 0.09593971761644235 -0.5744144122621648 0 0 0 0 1
1685094361.554956913 0.11114655775402879 -0.5804708831130392 0 0 0 0 1
1685094361.588290215 0.0870401166530031 -0.5707589529176693 0 0 0 0 1
1685094361.621623516 0.06684234916448885 -0.5596389652309868 0 0 0 0 1
1685094361.654956818 0.04296162135065193 -0.5477181664772011 0 0 0 0 1
1685094361.688290119 0.019060624734795435 -0.5358380585393225 0 0 0 0 1
1685094361.721623659 -0.004860571349305996 -0.5239986758800451 0 0 0 0 1
1685094361.754956961 -0.029641315854839752 -0.5117442530488034 0 0 0 0 1
1685094361.788290262 -0.05505503100625326 -0.49957099993700926 0 0 0 0 1
1685094361.821623564 -0.08112004241640308 -0.4938388784037928 0 0 0 0 1
1685094361.854956865 -0.1070903040895601 -0.48769172087282286 0 0 0 0 1
1685094361.888290167 -0.1329592078049212 -0.4811310915090965 0 0 0 0 1
1685094361.921623468 -0.15848846898791372 -0.46741329687609223 0 0 0 0 1
1685094361.954956770 -0.18401774622826056 -0.4536955321263876 0 0 0 0 1
1685094361.988290310 -0.20954703952592676 -0.43997779726000136 0 0 0 0 1
1685094362.021623611 -0.23530436847218333 -0.4260695647933474 0 0 0 0 1
1685094362.054956913 -0.2610997487571334 -0.4122320331945771 0 0 0 0 1
1685094362.088290215 -0.28693298631560005 -0.39846530656694396 0 0 0 0 1
1685094362.121623516 -0.31387685137078364 -0.3844645665524126 0 0 0 0 1
1685094362.154956818 -0.34079330683277875 -0.3704112035944272 0 0 0 0 1
1685094362.188290119 -0.3676822499260255 -0.35630527135318274 0 0 0 0 1
1685094362.221623659 -0.393995806046022 -0.3418504738626958 0 0 0 0 1
1685094362.254956961 -0.42215268119197613 -0.32690610683810856 0 0 0 0 1
1685094362.288290262 -0.4533020954934205 -0.3201342745581861 0 0 0 0 1
1685094362.321623564 -0.48512210228059277 -0.32203976447281085 0 0 0 0 1
1685094362.354956865 -0.5139101862143435 -0.3319837476564431 0 0 0 0 1
1685094362.388290167 -0.5429063633645048 -0.3421216704164003 0 0 0 0 1
1685094362.421623468 -0.5718231755124186 -0.3524838006227172 0 0 0 0 1
1685094362.454956770 -0.6006588890457224 -0.36306951704795937 0 0 0 0 1
1685094362.488290310 -0.6293431903932749 -0.3740701180809195 0 0 0 0 1
1685094362.521623611 -0.6580014487963137 -0.38482585550337967 0 0 0 0 1
1685094362.554956913 -0.6865135488139388 -0.39553924695422094 0 0 0 0 1
1685094362.588290215 -0.7150549862188414 -0.4061742342441068 0 0 0 0 1
1685094362.621623516 -0.7436255454113565 -0.4167307370372201 0 0 0 0 1
1685094362.654956818 -0.7722250105718351 -0.42720867559060877 0 0 0 0 1
1685094362.688290119 -0.8002689995360937 -0.4369447808912334 0 0 0 0 1
1685094362.721623659 -0.8064525341394034 -0.44083331970586787 0 0 0 0 1
1685094362.754956961 -0.8122918582138571 -0.43644479732848884 0 0 0 0 1
1685094362.788290262 -0.8102763606223297 -0.429423785737429 0 0 0 0 1
1685094362.821623564 -0.8029983993954364 -0.4288007972278345 0 0 0 0 1
1685094362.854956865 -0.7998189786407258 -0.4353771273569996 0 0 0 0 1
1685094362.888290167 -0.8048275088148645 -0.44069421864810904 0 0 0 0 1
1685094362.921623468 -0.8261143132825521 -0.42716955745159296 0 0 0 0 1
1685094362.954956770 -0.8520505161164458 -0.41244949750410154 0 0 0 0 1
1685094362.988290310 -0.8776372666723009 -0.3978607814609099 0 0 0 0 1
1685094363.021623611 -0.9032885579714748 -0.38338584814564525 0 0 0 0 1
1685094363.054956913 -0.8979679361899274 -0.3813024714132001 0 0 0 0 1
1685094363.088290215 -0.9101710523282133 -0.4072563097918624 0 0 0 0 1
1685094363.121623516 -0.9222933396525005 -0.43324799923479074 0 0 0 0 1
1685094363.154956818 -0.9343346807596797 -0.45927728801513895 0 0 0 0 1
1685094363.188290119 -0.948782425406735 -0.4621082104603084 0 0 0 0 1
1685094363.221623659 -0.9495547584825773 -0.4474060014801232 0 0 0 0 1
1685094363.254956961 -0.9309738330182016 -0.42597529820448937 0 0 0 0 1
1685094363.288290262 -0.9131337332698587 -0.4051380642176535 0 0 0 0 1
1685094363.321623564 -0.8957258644002283 -0.3843959547417488 0 0 0 0 1
1685094363.354956865 -0.8783566705758712 -0.36389705470232425 0 0 0 0 1
1685094363.388290167 -0.8612697794703608 -0.344061417729785 0 0 0 0 1
1685094363.421623468 -0.8446368413211721 -0.32429132838996155 0 0 0 0 1
