1685093617.973920822 0.0 0.0 0 0 0 0 1
1685093618.007254124 -0.000244689428256837 -0.01867017407468097 0 0 0 0 1
1685093618.040587425 -0.0002260239173119863 -0.03805927746608316 0 0 0 0 1
1685093618.073920727 -0.00014452499150726056 -0.05773815279146528 0 0 0 0 1
1685093618.107254028 -0.00014700453707536961 -0.07764884756479327 0 0 0 0 1
1685093618.140587330 1.770646461031925e-05 -0.09736542006135007 0 0 0 0 1
1685093618.173920631 0.003022569239168919 -0.11589752413032132 0 0 0 0 1
1685093618.207254171 0.004842423542856923 -0.13311139053211418 0 0 0 0 1
1685093618.240587473 0.00804203977663444 -0.15345322966090086 0 0 0 0 1
1685093618.273920774 0.011479401645324858 -0.1738091459117014 0 0 0 0 1
1685093618.307254076 0.0151512324843149 -0.1946640196307889 0 0 0 0 1
1685093618.340587378 0.01914913461609482 -0.21583352563720917 0 0 0 0 1
1685093618.373920679 0.023272762764283368 -0.23730702388389294 0 0 0 0 1
1685093618.407253981 0.027702848057215783 -0.2594517666308254 0 0 0 0 1
1685093618.440587282 0.0320191673962453 -0.28196574347368053 0 0 0 0 1
1685093618.473920822 0.03182097879330921 -0.2951603104104254 0 0 0 0 1
1685093618.507254124 0.019770365589355146 -0.29946315030243204 0 0 0 0 1
1685093618.540587425 0.042889227885984954 -0.29397859993513425 0 0 0 0 1
1685093618.573920727 0.06569731898647754 -0.28872465205493375 0 0 0 0 1
1685093618.607254028 0.08889405505460414 -0.2833087373548343 0 0 0 0 1
1685093618.640587330 0.11205569093149875 -0.27751624480870923 0 0 0 0 1
1685093618.673920631 0.13522694900198298 -0.2715091848370521 0 0 0 0 1
1685093618.707254171 0.15785116196525326 -0.26580159959700256 0 0 0 0 1
1685093618.740587473 0.17937023706395835 -0.26016070823043863 0 0 0 0 1
1685093618.773920774 0.2005100415732697 -0.2544929195720227 0 0 0 0 1
1685093618.807254076 0.22152472626739514 -0.2488260025426694 0 0 0 0 1
1685093618.840587378 0.24211929671801036 -0.24276050158162413 0 0 0 0 1
1685093618.873920679 0.2621441310971166 -0.23677041739790466 0 0 0 0 1
1685093618.907253981 0.27362741566488447 -0.2256113992814141 0 0 0 0 1
1685093618.940587282 0.29478677401284276 -0.224092636805333 0 0 0 0 1
1685093618.973920822 0.3092976797054989 -0.22602312723451662 0 0 0 0 1
1685093619.007254124 0.31903842021133183 -0.22922687177067755 0 0 0 0 1
1685093619.040587425 0.3340575377852385 -0.22145544237256348 0 0 0 0 1
1685093619.073920727 0.3489322953746056 -0.20922897313146147 0 0 0 0 1
1685093619.107254028 0.3634342829518719 -0.19736375970730008 0 0 0 0 1
1685093619.140587330 0.3781290543831651 -0.18506479947701282 0 0 0 0 1
1685093619.173920631 0.39242574694687876 -0.17264013865420968 0 0 0 0 1
1685093619.207254171 0.4056229635739646 -0.15976578006428135 0 0 0 0 1
1685093619.240587473 0.41897695274703733 -0.14560965417432342 0 0 0 0 1
1685093619.273920774 0.4314864909026181 -0.1327766728249817 0 0 0 0 1
1685093619.307254076 0.44388544952312664 -0.11981904428291759 0 0 0 0 1
1685093619.340587378 0.4565931886522953 -0.10663402638925734 0 0 0 0 1
1685093619.373920679 0.4686362299357245 -0.09404833288114316 0 0 0 0 1
