1685094219.919498444 1.1947668147816609e-18 -4.459991360393434e-18 0 0 0 0 1
1685094219.952831745 0.0005663325399665923 -0.013704540116261502 0 0 0 0 1
1685094219.986165047 0.0012730571655755819 -0.030533340535874157 0 0 0 0 1
1685094220.019498348 0.0018818567709001908 -0.04800435946646911 0 0 0 0 1
1685094220.052831650 0.002671489421035623 -0.06637875289022512 0 0 0 0 1
1685094220.086165190 0.0038363573873476872 -0.08564923138947597 0 0 0 0 1
1685094220.119498491 0.005278082729329774 -0.10544282115487218 0 0 0 0 1
1685094220.152831793 0.006970159877906418 -0.1254656348034695 0 0 0 0 1
1685094220.186165094 0.008740529186480217 -0.14584031246661372 0 0 0 0 1
1685094220.219498396 0.010703413717765798 -0.1662190392182684 0 0 0 0 1
1685094220.252831697 0.012458852354482451 -0.18688231347247847 0 0 0 0 1
1685094220.286164999 0.014082971703861908 -0.20780988526656569 0 0 0 0 1
1685094220.319498539 0.015574029720869995 -0.22891189813775503 0 0 0 0 1
1685094220.352831841 0.017229052698400433 -0.2503834997140343 0 0 0 0 1
1685094220.386165142 0.014739544664567731 -0.2695125315837049 0 0 0 0 1
1685094220.419498444 0.012617648800664311 -0.29115368724876534 0 0 0 0 1
1685094220.452831745 0.010451441890645886 -0.31329339772887477 0 0 0 0 1
1685094220.486165047 0.008334148100578646 -0.3354378394587224 0 0 0 0 1
1685094220.519498348 0.006068142199007222 -0.3585162577779567 0 0 0 0 1
1685094220.552831650 0.004045960578364749 -0.3819400122506966 0 0 0 0 1
1685094220.586165190 0.0018511879391531032 -0.4056796792504011 0 0 0 0 1
1685094220.619498491 -0.00010003188592243131 -0.4302117538174234 0 0 0 0 1
1685094220.652831793 -0.0022473116070743726 -0.4549938083065396 0 0 0 0 1
1685094220.686165094 -0.006375695993525676 -0.465343256842111 0 0 0 0 1
1685094220.719498396 -0.011428167670204707 -0.49009940423754356 0 0 0 0 1
1685094220.752831697 -0.016652556869993868 -0.5152071642823955 0 0 0 0 1
1685094220.786164999 -0.022304364346229275 -0.5402948162885876 0 0 0 0 1
1685094220.819498539 -0.02811524314595074 -0.565426007493735 0 0 0 0 1
1685094220.852831841 -0.03459359777094965 -0.5906414191157674 0 0 0 0 1
1685094220.886165142 -0.04078543124876121 -0.6155224579161862 0 0 0 0 1
1685094220.919498444 -0.047165049025472555 -0.640643461759638 0 0 0 0 1
1685094220.952831745 -0.053553727163170944 -0.665762162934909 0 0 0 0 1
1685094220.986165047 -0.05995146483072853 -0.6908785581742097 0 0 0 0 1
1685094221.019498348 -0.06635826119583886 -0.7159926442100516 0 0 0 0 1
1685094221.052831650 -0.07247443811938532 -0.7421831379646007 0 0 0 0 1
1685094221.086165190 -0.07882178088741183 -0.7689659092885887 0 0 0 0 1
1685094221.119498491 -0.08521344500933249 -0.7957381379922361 0 0 0 0 1
1685094221.152831793 -0.09164941297460366 -0.8224997507305943 0 0 0 0 1
1685094221.186165094 -0.09812966715130739 -0.849250674187798 0 0 0 0 1
1685094221.219498396 -0.1046541897861996 -0.8759908350772659 0 0 0 0 1
1685094221.252831697 -0.11122296300475878 -0.9027201601419023 0 0 0 0 1
1685094221.286164999 -0.11783596881123494 -0.9294385761542966 0 0 0 0 1
1685094221.319498539 -0.12449318908869886 -0.9561460099169249 0 0 0 0 1
1685094221.352831841 -0.13156946534020844 -0.9849710104379266 0 0 0 0 1
1685094221.386165142 -0.13868180454748244 -1.0134172583208079 0 0 0 0 1
1685094221.419498444 -0.14580529733322364 -1.0418607151807808 0 0 0 0 1
1685094221.452831745 -0.1529230616774395 -1.070674314823728 0 0 0 0 1
1685094221.486165047 -0.16006057931803483 -1.099483027665055 0 0 0 0 1
1685094221.519498348 -0.16721784689991387 -1.1282868401627995 0 0 0 0 1
1685094221.552831650 -0.17459888540161683 -1.1514119817374622 0 0 0 0 1
1685094221.586165190 -0.18487955215929006 -1.1734019747622335 0 0 0 0 1
1685094221.619498491 -0.19789067415701053 -1.193894963967624 0 0 0 0 1
1685094221.652831793 -0.21571314377239087 -1.2178678196152322 0 0 0 0 1
1685094221.686165094 -0.23335576273949796 -1.2418539001514641 0 0 0 0 1
1685094221.719498396 -0.25148923691519603 -1.2661665687007728 0 0 0 0 1
1685094221.752831697 -0.2697095822264495 -1.2904142026968544 0 0 0 0 1
1685094221.786164999 -0.2880165654330426 -1.31459649174365 0 0 0 0 1
1685094221.819498539 -0.30640995218570055 -1.3387131262815863 0 0 0 0 1
1685094221.852831841 -0.3248895070290894 -1.36276379759154 0 0 0 0 1
1685094221.886165142 -0.3431123457782588 -1.386789629233346 0 0 0 0 1
1685094221.919498444 -0.3611217982936095 -1.410888578024844 0 0 0 0 1
1685094221.952831745 -0.3791204586563862 -1.434995588165119 0 0 0 0 1
1685094221.986165047 -0.39710832325818735 -1.4591106548211576 0 0 0 0 1
1685094222.019498348 -0.4150853884927758 -1.483233773158331 0 0 0 0 1
1685094222.052831650 -0.4330516507560796 -1.5073649383403958 0 0 0 0 1
1685094222.086165190 -0.4510071064461924 -1.531504145529496 0 0 0 0 1
1685094222.119498491 -0.46895175196337446 -1.555651389886163 0 0 0 0 1
1685094222.152831793 -0.48670243394920243 -1.5790488082002765 0 0 0 0 1
1685094222.186165094 -0.4989433987078268 -1.6004268488307334 0 0 0 0 1
1685094222.219498396 -0.5190151465434362 -1.6113423996219838 0 0 0 0 1
1685094222.252831697 -0.5373209629089379 -1.625014319657048 0 0 0 0 1
1685094222.286164999 -0.5534850670466115 -1.6411619525386532 0 0 0 0 1
1685094222.319498539 -0.5671756431455993 -1.6594538205769505 0 0 0 0 1
1685094222.352831841 -0.5781116518380093 -1.679514429344687 0 0 0 0 1
1685094222.386165142 -0.5860685993590827 -1.700931975805464 0 0 0 0 1
1685094222.419498444 -0.579502990924908 -1.7099779067300613 0 0 0 0 1
1685094222.452831745 -0.5970809260286181 -1.7195873355802243 0 0 0 0 1
1685094222.486165047 -0.6044903639145417 -1.7461161562081629 0 0 0 0 1
1685094222.519498348 -0.6097373651254361 -1.7731558875675455 0 0 0 0 1
1685094222.552831650 -0.6123065433153746 -1.8011706380542374 0 0 0 0 1
1685094222.586165190 -0.6320413874344273 -1.8060222899685936 0 0 0 0 1
1685094222.619498491 -0.6289513545204334 -1.8261084617116565 0 0 0 0 1
1685094222.652831793 -0.621461067852919 -1.8001578625868588 0 0 0 0 1
1685094222.686165094 -0.6140535288166896 -1.775062351780885 0 0 0 0 1
1685094222.719498396 -0.6065657480700783 -1.749990665824877 0 0 0 0 1
1685094222.752831697 -0.5975937301966721 -1.719819077482329 0 0 0 0 1
