1685094231.553678036 3.171421535093909e-19 -3.9658586691371753e-19 0 0 0 0 1
1685094231.587011337 0.0005020861306765167 -0.01427182252162301 0 0 0 0 1
1685094231.620344639 0.000832652675863815 -0.029598243063364987 0 0 0 0 1
1685094231.653677940 0.001076632976986783 -0.04604752047568852 0 0 0 0 1
1685094231.687011480 0.0014610531993439115 -0.06387647602636626 0 0 0 0 1
1685094231.720344782 0.001951514771170343 -0.08276814870293726 0 0 0 0 1
1685094231.753678083 0.0022994525936556993 -0.10249504232638638 0 0 0 0 1
1685094231.787011385 0.002825283398771113 -0.12338253336173292 0 0 0 0 1
1685094231.820344687 0.0032822659364336966 -0.14540428617230708 0 0 0 0 1
1685094231.853677988 0.003841324160815157 -0.16780799955830603 0 0 0 0 1
1685094231.887011290 0.004398647074932397 -0.1905478620192706 0 0 0 0 1
1685094231.920344830 0.004687101397048924 -0.21376969014966973 0 0 0 0 1
1685094231.953678131 0.004799714994120446 -0.2373921626852758 0 0 0 0 1
1685094231.987011433 0.004906296202769627 -0.2615515242833421 0 0 0 0 1
1685094232.020344734 0.010148179912044532 -0.2766719273349893 0 0 0 0 1
1685094232.053678036 0.006499587651115121 -0.3015931120484914 0 0 0 0 1
1685094232.087011337 0.002940314816494433 -0.32700388707587547 0 0 0 0 1
1685094232.120344639 -0.0003378124710052857 -0.35343814226093784 0 0 0 0 1
1685094232.153677940 -0.003356902554281065 -0.38075518312416373 0 0 0 0 1
1685094232.187011480 -0.006280319807993925 -0.40808262826663505 0 0 0 0 1
1685094232.220344782 -0.009108028386695893 -0.4354201426131886 0 0 0 0 1
1685094232.253678083 -0.03274669420049548 -0.4254258830748214 0 0 0 0 1
1685094232.287011385 -0.011178782123250174 -0.4393361998866327 0 0 0 0 1
1685094232.320344687 -0.030033376883489248 -0.4219242499210513 0 0 0 0 1
1685094232.353677988 -0.014453826318301792 -0.4423190862617409 0 0 0 0 1
1685094232.387011290 -0.026294177801439517 -0.4195489781826715 0 0 0 0 1
1685094232.420344830 -0.018545779928261546 -0.44401597790833613 0 0 0 0 1
1685094232.453678131 -0.021971379487443314 -0.41858102139496906 0 0 0 0 1
1685094232.487011433 -0.022970635664879707 -0.4442261619145412 0 0 0 0 1
1685094232.520344734 -0.01757629416276216 -0.41913487209246797 0 0 0 0 1
1685094232.553678036 -0.027205009680215386 -0.4429247771503007 0 0 0 0 1
1685094232.587011337 -0.055808566883583134 -0.435085096023107 0 0 0 0 1
1685094232.620344639 -0.03966333495588141 -0.41851388341941465 0 0 0 0 1
1685094232.653677940 -0.0517472421902074 -0.39878439312928654 0 0 0 0 1
1685094232.687011480 -0.029856890144716226 -0.4195150193556519 0 0 0 0 1
1685094232.720344782 -0.008045594509576206 -0.44032880707267563 0 0 0 0 1
1685094232.753678083 0.0136863287867234 -0.4612254548003989 0 0 0 0 1
1685094232.787011385 0.035338564965371945 -0.48220465985866623 0 0 0 0 1
1685094232.820344687 0.05770786355236148 -0.5034370299703614 0 0 0 0 1
1685094232.853677988 0.08013035455041041 -0.5246132184205126 0 0 0 0 1
1685094232.887011290 0.10260589685676297 -0.5457330919492356 0 0 0 0 1
1685094232.920344830 0.12513434903481602 -0.5667965176510316 0 0 0 0 1
1685094232.953678131 0.14816085162122902 -0.5876251766070077 0 0 0 0 1
1685094232.987011433 0.1713920862655937 -0.608225239523536 0 0 0 0 1
1685094233.020344734 0.19482578367628287 -0.6285946941291634 0 0 0 0 1
1685094233.053678036 0.21845965478454324 -0.6487315506788981 0 0 0 0 1
1685094233.087011337 0.24229139096809776 -0.6686338421485737 0 0 0 0 1
1685094233.120344639 0.26631866427665835 -0.6882996244269928 0 0 0 0 1
1685094233.153677940 0.2905391276593269 -0.7077269765058344 0 0 0 0 1
1685094233.187011480 0.3149504151938609 -0.7269140006673024 0 0 0 0 1
1685094233.220344782 0.33955014231778435 -0.7458588226695003 0 0 0 0 1
1685094233.253678083 0.3643359060613177 -0.7645595919295121 0 0 0 0 1
1685094233.287011385 0.38930528528210684 -0.7830144817041729 0 0 0 0 1
1685094233.320344687 0.4144558409017271 -0.8012216892685098 0 0 0 0 1
1685094233.353677988 0.439785116143939 -0.8191794360918372 0 0 0 0 1
1685094233.387011290 0.46596177699076696 -0.8376683314337547 0 0 0 0 1
1685094233.420344830 0.4922041984413684 -0.856063769467769 0 0 0 0 1
1685094233.453678131 0.5185120468310735 -0.8743655163012962 0 0 0 0 1
1685094233.487011433 0.5448849876633289 -0.892573339233009 0 0 0 0 1
1685094233.520344734 0.5713226856139492 -0.9106870067557945 0 0 0 0 1
1685094233.553678036 0.5978248045353816 -0.9287062885596983 0 0 0 0 1
1685094233.587011337 0.6243910074609798 -0.9466309555348525 0 0 0 0 1
1685094233.620344639 0.6498267217815069 -0.9641671251692978 0 0 0 0 1
1685094233.653677940 0.6752088984431895 -0.9817806971056954 0 0 0 0 1
1685094233.687011480 0.7005373019072993 -0.9994715078955598 0 0 0 0 1
1685094233.720344782 0.7126679614181047 -1.0126161025265275 0 0 0 0 1
1685094233.753678083 0.7174486165832231 -1.0298520708594001 0 0 0 0 1
1685094233.787011385 0.7138218961035597 -1.0473672119305406 0 0 0 0 1
1685094233.820344687 0.7025899473862345 -1.0612875781682132 0 0 0 0 1
1685094233.853677988 0.6862370199318717 -1.0685343037633979 0 0 0 0 1
1685094233.887011290 0.6656857881480351 -1.0522743574006195 0 0 0 0 1
1685094233.920344830 0.6452586946653477 -1.0358587296208803 0 0 0 0 1
1685094233.953678131 0.6249569187869095 -1.0192883681361367 0 0 0 0 1
1685094233.987011433 0.5969967330840973 -1.0236911450804205 0 0 0 0 1
1685094234.020344734 0.5690764883917954 -1.027962906903448 0 0 0 0 1
1685094234.053678036 0.541373904014242 -1.0318996263750966 0 0 0 0 1
1685094234.087011337 0.513678625810132 -1.035887421077796 0 0 0 0 1
1685094234.120344639 0.48599074794674346 -1.0399262774525633 0 0 0 0 1
1685094234.153677940 0.45920107140087746 -1.0435668781778897 0 0 0 0 1
1685094234.187011480 0.4323923304463644 -1.0470643274637526 0 0 0 0 1
1685094234.220344782 0.4055652900116578 -1.05041852551813 0 0 0 0 1
1685094234.253678083 0.3811532393888593 -1.0533482362095645 0 0 0 0 1
