1685093636.801408529 -7.211870371430627e-20 -6.941026519054766e-19 0 0 0 0 1
1685093636.834741831 -0.0005399060224285503 -0.021084556288287197 0 0 0 0 1
1685093636.868075132 -0.0013298628313563779 -0.04216122539483807 0 0 0 0 1
1685093636.901408672 -0.0018853096265789315 -0.06532918867238453 0 0 0 0 1
1685093636.934741974 -0.001976285544470154 -0.08758068737071095 0 0 0 0 1
1685093636.968075275 -0.0023507608708712804 -0.1096918035442246 0 0 0 0 1
1685093637.001408577 -0.004807674875666188 -0.12817591544611492 0 0 0 0 1
1685093637.034741879 0.00015393064014468312 -0.15184906503265921 0 0 0 0 1
1685093637.068075180 0.00463320408771574 -0.1788854845893324 0 0 0 0 1
1685093637.101408482 0.0030301497153068066 -0.20454387043148242 0 0 0 0 1
1685093637.134741783 0.0007119158115921158 -0.2233103207503401 0 0 0 0 1
1685093637.168075323 0.0017811661013125276 -0.2499903335472919 0 0 0 0 1
1685093637.201408625 0.0030781634821715476 -0.2770543928977188 0 0 0 0 1
1685093637.234741926 0.005122497991444545 -0.2961312134512288 0 0 0 0 1
1685093637.268075228 0.007723110556189102 -0.31514019028599605 0 0 0 0 1
1685093637.301408529 0.010686483942543363 -0.3339690176195279 0 0 0 0 1
1685093637.334741831 0.03803782042038878 -0.34110386936175663 0 0 0 0 1
1685093637.368075132 0.06539174942873545 -0.34822877527792373 0 0 0 0 1
1685093637.401408672 0.09274826735096109 -0.3553437344260039 0 0 0 0 1
1685093637.434741974 0.1210326310002741 -0.3627123556423435 0 0 0 0 1
1685093637.468075275 0.14917780852615622 -0.36993119515180906 0 0 0 0 1
1685093637.501408577 0.17735218407356065 -0.3770352238919437 0 0 0 0 1
1685093637.534741879 0.20564685692456172 -0.3836574668240733 0 0 0 0 1
1685093637.568075180 0.21392048088305704 -0.3769027786486588 0 0 0 0 1
1685093637.601408482 0.2467219867709482 -0.380580856337429 0 0 0 0 1
1685093637.634741783 0.2796668999423157 -0.382605637838985 0 0 0 0 1
1685093637.668075323 0.3126719422717177 -0.3829720049122496 0 0 0 0 1
1685093637.701408625 0.3456536836392741 -0.38167903145482485 0 0 0 0 1
1685093637.734741926 0.3758646327776579 -0.38267188139150293 0 0 0 0 1
1685093637.768075228 0.4060989329138185 -0.38371155556158 0 0 0 0 1
1685093637.801408529 0.41987438676597477 -0.38563366951154554 0 0 0 0 1
1685093637.834741831 0.4490582846657203 -0.3842651522537268 0 0 0 0 1
1685093637.868075132 0.4782430555324308 -0.38291537984130974 0 0 0 0 1
