1685093619.303129673 2.5748540613448637e-20 -3.881557083110608e-19 0 0 0 0 1
1685093619.336462975 -9.397566523891107e-05 -0.008803060337899828 0 0 0 0 1
1685093619.369796276 -0.0002885644499497333 -0.018391044076151258 0 0 0 0 1
1685093619.403129578 -0.0005264667945076888 -0.028791714711748382 0 0 0 0 1
1685093619.436462879 -0.0007963227046426984 -0.03981647298946508 0 0 0 0 1
1685093619.469796181 -0.0009623484105572316 -0.05147285510318748 0 0 0 0 1
1685093619.503129721 -0.0006541468769049726 -0.0627666656217208 0 0 0 0 1
1685093619.536463022 1.1189867676222247e-05 -0.07530646496185775 0 0 0 0 1
1685093619.569796324 0.0004982115025556384 -0.08832879768866797 0 0 0 0 1
1685093619.603129625 0.001086168705206106 -0.10188513997644594 0 0 0 0 1
1685093619.636462927 0.0019179457806216423 -0.11587397691825072 0 0 0 0 1
1685093619.669796228 0.0032750536662376883 -0.12889854327872427 0 0 0 0 1
1685093619.703129530 0.003780596437866415 -0.14369192682807733 0 0 0 0 1
1685093619.736462831 0.004317858071375532 -0.15874867297590495 0 0 0 0 1
1685093619.769796371 0.004812581296317782 -0.1741218629331825 0 0 0 0 1
1685093619.803129673 0.005122973324709935 -0.18992803801432118 0 0 0 0 1
1685093619.836462975 0.005547848753672904 -0.20620483622774402 0 0 0 0 1
1685093619.869796276 0.006075180925085688 -0.22645625852214446 0 0 0 0 1
1685093619.903129578 0.008070375212567931 -0.2424129005030304 0 0 0 0 1
1685093619.936462879 0.010030796299829687 -0.2600254486523326 0 0 0 0 1
1685093619.969796181 0.012194258641079418 -0.27793098190549725 0 0 0 0 1
1685093620.003129721 0.014393046138970612 -0.29592999621829136 0 0 0 0 1
1685093620.036463022 0.01670358138540324 -0.31399167634354014 0 0 0 0 1
1685093620.069796324 0.01926518266592464 -0.33234034711549326 0 0 0 0 1
1685093620.103129625 0.02187759248894896 -0.35074366737310464 0 0 0 0 1
1685093620.136462927 0.024525595831391734 -0.36943804608509695 0 0 0 0 1
1685093620.169796228 0.027201962983581233 -0.3881236260947884 0 0 0 0 1
1685093620.203129530 0.030122051227863347 -0.40664459348808835 0 0 0 0 1
1685093620.236462831 0.03310833286681495 -0.4256010704934184 0 0 0 0 1
1685093620.269796371 0.036020756008245496 -0.4447247093157653 0 0 0 0 1
1685093620.303129673 0.03907638335524952 -0.4640889518944779 0 0 0 0 1
1685093620.336462975 0.04253614141604351 -0.48096413736507565 0 0 0 0 1
1685093620.369796276 0.04445230243583305 -0.5008490974136377 0 0 0 0 1
1685093620.403129578 0.04608724124719566 -0.5207596815162421 0 0 0 0 1
1685093620.436462879 0.047395276913455034 -0.5408467166255979 0 0 0 0 1
1685093620.469796181 0.048993117111424574 -0.5662734952316268 0 0 0 0 1
1685093620.503129721 0.05024833726946377 -0.5866481420656002 0 0 0 0 1
1685093620.536463022 0.05153077513636885 -0.6070742807548078 0 0 0 0 1
1685093620.569796324 0.05273130039069408 -0.6276960225738982 0 0 0 0 1
1685093620.603129625 0.05385192998776428 -0.6481859556064221 0 0 0 0 1
1685093620.636462927 0.05505692104261679 -0.6688324838147696 0 0 0 0 1
1685093620.669796228 0.056437896929496925 -0.6895237254613269 0 0 0 0 1
1685093620.703129530 0.057911639242355255 -0.7104209162225537 0 0 0 0 1
1685093620.736462831 0.05928128362957122 -0.7313101111067958 0 0 0 0 1
1685093620.769796371 0.0609417824140393 -0.7520827175792985 0 0 0 0 1
1685093620.803129673 0.06273855257932864 -0.7730599112820667 0 0 0 0 1
1685093620.836462975 0.06453102377262689 -0.7943423609237555 0 0 0 0 1
1685093620.869796276 0.06651092313920028 -0.815790666655431 0 0 0 0 1
1685093620.903129578 0.06868774191272065 -0.8374411335542081 0 0 0 0 1
1685093620.936462879 0.07089442178413062 -0.8591462616903173 0 0 0 0 1
1685093620.969796181 0.07308172354868112 -0.8810432732238725 0 0 0 0 1
1685093621.003129721 0.0753091202308268 -0.9032205351401817 0 0 0 0 1
1685093621.036463022 0.07726411641322103 -0.9251160066333267 0 0 0 0 1
1685093621.069796324 0.07888349127170372 -0.9467007161364988 0 0 0 0 1
1685093621.103129625 0.08049087010986697 -0.9683777529950152 0 0 0 0 1
1685093621.136462927 0.0819567082548348 -0.990179349653317 0 0 0 0 1
1685093621.169796228 0.08362011443819509 -1.017801688784632 0 0 0 0 1
1685093621.203129530 0.08518494246119644 -1.0401474945676892 0 0 0 0 1
1685093621.236462831 0.08674335959683552 -1.0624669565814666 0 0 0 0 1
1685093621.269796371 0.08654810829281093 -1.0831733169587194 0 0 0 0 1
1685093621.303129673 0.0843478568313433 -1.1019845047595347 0 0 0 0 1
1685093621.336462975 0.08054255181913694 -1.1236954289047874 0 0 0 0 1
1685093621.369796276 0.07692052717948644 -1.1457373177976056 0 0 0 0 1
1685093621.403129578 0.07336523294746145 -1.1680408166801584 0 0 0 0 1
1685093621.436462879 0.06982624490987314 -1.190315202446108 0 0 0 0 1
1685093621.469796181 0.06614342041712054 -1.2126311246655552 0 0 0 0 1
1685093621.503129721 0.06264649777733403 -1.2353540960227207 0 0 0 0 1
1685093621.536463022 0.059280628074899644 -1.257585538798995 0 0 0 0 1
1685093621.569796324 0.05595517606396411 -1.2793011166744714 0 0 0 0 1
1685093621.603129625 0.05228558975891071 -1.3000499778027919 0 0 0 0 1
1685093621.636462927 0.04888882073416944 -1.3178736882347521 0 0 0 0 1
1685093621.669796228 0.0428027195642246 -1.3364097326968447 0 0 0 0 1
1685093621.703129530 0.0371062845029891 -1.3561725785757206 0 0 0 0 1
1685093621.736462831 0.03151292079414799 -1.3759226251900791 0 0 0 0 1
1685093621.769796371 0.02604659464175746 -1.3956431724291705 0 0 0 0 1
1685093621.803129673 0.020686783065119386 -1.4149278903446176 0 0 0 0 1
1685093621.836462975 0.015313071281716398 -1.433911342509327 0 0 0 0 1
