1685094266.414507627 4.1697462959606097e-19 4.796615560223988e-18 0 0 0 0 1
1685094266.447840929 -0.0002998065275314247 -0.014743672660153946 0 0 0 0 1
1685094266.481174469 -0.00022729018016972064 -0.029676335081061624 0 0 0 0 1
1685094266.514507771 0.00018350388119112656 -0.04501297291851862 0 0 0 0 1
1685094266.547841072 0.0006645126726029753 -0.060958565410837925 0 0 0 0 1
1685094266.581174374 0.0012533882653391214 -0.07751001887113587 0 0 0 0 1
1685094266.614507675 0.00206301142541667 -0.0946581541706661 0 0 0 0 1
1685094266.647840977 0.002904760409595557 -0.11233961630332975 0 0 0 0 1
1685094266.681174278 0.00402840513802296 -0.13055833276035034 0 0 0 0 1
1685094266.714507580 0.00513676416686267 -0.14922523640526061 0 0 0 0 1
1685094266.747841120 0.003489742614338435 -0.1666466763942994 0 0 0 0 1
1685094266.781174421 0.0027065796724393795 -0.18660329124941424 0 0 0 0 1
1685094266.814507723 0.0017716513508286495 -0.20681036805033892 0 0 0 0 1
1685094266.847841024 0.0010577184725662245 -0.2271451028868493 0 0 0 0 1
1685094266.881174326 0.0002010211834071177 -0.2476696057539379 0 0 0 0 1
1685094266.914507627 -0.0006204174832719505 -0.2688434462852833 0 0 0 0 1
1685094266.947840929 -0.0014842425633457264 -0.29026535785417495 0 0 0 0 1
1685094266.981174469 -0.0026231120737518644 -0.3119672510351765 0 0 0 0 1
1685094267.014507771 -5.6977399292588536e-05 -0.3292137406306714 0 0 0 0 1
1685094267.047841072 0.006176154960877936 -0.3506019673456718 0 0 0 0 1
1685094267.081174374 0.012774516823632578 -0.3722822259685101 0 0 0 0 1
1685094267.114507675 0.019495464455992165 -0.39431697017493994 0 0 0 0 1
1685094267.147840977 0.026167755916064676 -0.416848722195428 0 0 0 0 1
1685094267.181174278 0.03287705145313311 -0.43936948319138897 0 0 0 0 1
1685094267.214507580 0.04014313755757223 -0.4626823014757482 0 0 0 0 1
1685094267.247841120 0.04781039442365546 -0.48596631567713827 0 0 0 0 1
1685094267.281174421 0.055508690061704356 -0.5092400860947185 0 0 0 0 1
1685094267.314507723 0.06311972643038888 -0.5332278232696096 0 0 0 0 1
1685094267.347841024 0.07081284191980954 -0.5571893629414155 0 0 0 0 1
1685094267.381174326 0.0787600368264727 -0.5809771393852319 0 0 0 0 1
1685094267.414507627 0.08689341105007285 -0.6048806487978352 0 0 0 0 1
1685094267.447840929 0.09525971432758437 -0.6290567103192992 0 0 0 0 1
1685094267.481174469 0.10386129416797753 -0.6530455841189953 0 0 0 0 1
1685094267.514507771 0.1125797774943498 -0.6769922183379449 0 0 0 0 1
1685094267.547841072 0.11877537220413599 -0.6954732168413386 0 0 0 0 1
1685094267.581174374 0.11945504970266448 -0.7149532255166027 0 0 0 0 1
1685094267.614507675 0.12476889284481336 -0.7312319885688747 0 0 0 0 1
1685094267.647840977 0.11658530359732147 -0.7477440320122624 0 0 0 0 1
1685094267.681174278 0.1013024023260883 -0.7580421697265156 0 0 0 0 1
1685094267.714507580 0.07991910832081953 -0.7746331457012054 0 0 0 0 1
1685094267.747841120 0.10300235026054104 -0.7858912250447803 0 0 0 0 1
1685094267.781174421 0.13043233500277762 -0.789148277414583 0 0 0 0 1
1685094267.814507723 0.1578379697430618 -0.7926042342402821 0 0 0 0 1
1685094267.847841024 0.18521781217456718 -0.7962589136413931 0 0 0 0 1
1685094267.881174326 0.21257042134786786 -0.8001121232790376 0 0 0 0 1
1685094267.914507627 0.23948201029292718 -0.803394059587793 0 0 0 0 1
1685094267.947840929 0.2664022358926638 -0.8066043834253277 0 0 0 0 1
1685094267.981174469 0.2934912151249863 -0.8091871486512439 0 0 0 0 1
1685094268.014507771 0.32059149983420065 -0.8116484573967948 0 0 0 0 1
1685094268.047841072 0.34770254545929735 -0.8139882602037263 0 0 0 0 1
1685094268.081174374 0.37525477450099415 -0.8171363293911473 0 0 0 0 1
1685094268.114507675 0.40278583716343225 -0.8204644299683256 0 0 0 0 1
1685094268.147840977 0.43105724574275367 -0.8243301325751443 0 0 0 0 1
1685094268.181174278 0.4593820342687387 -0.8281861094581514 0 0 0 0 1
1685094268.214507580 0.4877057715736718 -0.8320498004195499 0 0 0 0 1
1685094268.247841120 0.5161238242351772 -0.8359598876775745 0 0 0 0 1
1685094268.281174421 0.5316104986608597 -0.8382240626724156 0 0 0 0 1
1685094268.314507723 0.5594274660547486 -0.8318657234845976 0 0 0 0 1
1685094268.347841024 0.5872470614970392 -0.8255188926496614 0 0 0 0 1
1685094268.381174326 0.6150692802265304 -0.8191835712538392 0 0 0 0 1
1685094268.414507627 0.6430114959118965 -0.8126135510210306 0 0 0 0 1
1685094268.447840929 0.6709468130833843 -0.8060142603170674 0 0 0 0 1
1685094268.481174469 0.6988752010791365 -0.7993857063853438 0 0 0 0 1
1685094268.514507771 0.7267966292449007 -0.7927278965013734 0 0 0 0 1
1685094268.547841072 0.7553459271417178 -0.7857634423477061 0 0 0 0 1
1685094268.581174374 0.7845050134422951 -0.7881344648966192 0 0 0 0 1
1685094268.614507675 0.8134011621883924 -0.7927046562991081 0 0 0 0 1
1685094268.647840977 0.8422915590319362 -0.7900963120813289 0 0 0 0 1
1685094268.681174278 0.87115985442447 -0.7872537761597851 0 0 0 0 1
1685094268.714507580 0.8996735244020306 -0.7841288123030168 0 0 0 0 1
1685094268.747841120 0.9281781335258912 -0.7809222513116634 0 0 0 0 1
1685094268.781174421 0.9567625279735759 -0.7777943348155919 0 0 0 0 1
1685094268.814507723 0.9853562752612068 -0.7747531042096851 0 0 0 0 1
1685094268.847841024 1.0139793545299745 -0.7718220431731372 0 0 0 0 1
1685094268.881174326 1.0426010488670368 -0.768877489063956 0 0 0 0 1
1685094268.914507627 1.0519354572508501 -0.7706060363917863 0 0 0 0 1
1685094268.947840929 1.0613937993335363 -0.7714177141525035 0 0 0 0 1
1685094268.981174469 1.088806497723793 -0.7628044033085616 0 0 0 0 1
1685094269.014507771 1.1158802979901512 -0.7556279593884888 0 0 0 0 1
1685094269.047841072 1.1291204668476207 -0.7478882516327612 0 0 0 0 1
1685094269.081174374 1.1403605804712351 -0.7374544127780246 0 0 0 0 1
1685094269.114507675 1.1490626084128592 -0.7248258793231229 0 0 0 0 1
1685094269.147840977 1.154810010755736 -0.7106071411995245 0 0 0 0 1
1685094269.181174278 1.1663320107016852 -0.6854905573444069 0 0 0 0 1
1685094269.214507580 1.1779918666784477 -0.6609777529604419 0 0 0 0 1
1685094269.247841120 1.1889292360705392 -0.6365802316842638 0 0 0 0 1
1685094269.281174421 1.2094569773994264 -0.6589557275829407 0 0 0 0 1
1685094269.314507723 1.235174345406141 -0.6619894155212953 0 0 0 0 1
1685094269.347841024 1.2608558512079675 -0.6649375895698091 0 0 0 0 1
1685094269.381174326 1.2860449080927943 -0.6680764994207252 0 0 0 0 1
