1685093638.942479372 1.293872311159229e-19 2.703983251591242e-19 0 0 0 0 1
1685093638.975812674 6.663442402470029e-18 1.3925513745694896e-17 0 0 0 0 1
1685093639.009145975 -0.00010394090371505742 -0.021375044452474266 0 0 0 0 1
1685093639.042479277 0.01599583741352217 -0.03522802212611594 0 0 0 0 1
1685093639.075812578 0.028293413887032392 -0.053280753818282435 0 0 0 0 1
1685093639.109145880 0.04128170605851403 -0.06965678346817149 0 0 0 0 1
1685093639.142479181 0.04552015152496365 -0.09142935630733826 0 0 0 0 1
1685093639.175812721 0.05000759832630999 -0.1140383595292512 0 0 0 0 1
1685093639.209146023 0.05443211516148499 -0.1372930750616994 0 0 0 0 1
1685093639.242479324 0.0585805285834903 -0.15835869007734774 0 0 0 0 1
1685093639.275812626 0.06720972296558372 -0.1813138500952504 0 0 0 0 1
1685093639.309145927 0.06867757456492717 -0.19351981239708793 0 0 0 0 1
1685093639.342479229 0.07535854971999516 -0.2181448234071425 0 0 0 0 1
1685093639.375812531 0.08235842742394103 -0.24306419968468457 0 0 0 0 1
1685093639.409146070 0.08967395067389215 -0.2683813884159904 0 0 0 0 1
1685093639.442479372 0.086885283509779 -0.2838925645133018 0 0 0 0 1
1685093639.475812674 0.07838536612424814 -0.30892994897351334 0 0 0 0 1
1685093639.509145975 0.07052649308556606 -0.33442827939920117 0 0 0 0 1
1685093639.542479277 0.055703757877447524 -0.33678912660200666 0 0 0 0 1
1685093639.575812578 0.02944722089592803 -0.34547902549079323 0 0 0 0 1
1685093639.609145880 0.003028118468523992 -0.3542623026554483 0 0 0 0 1
1685093639.642479181 -0.023028515408230112 -0.3632184689545977 0 0 0 0 1
1685093639.675812721 -0.04897931901675522 -0.37247680983388 0 0 0 0 1
1685093639.709146023 -0.07522491614997893 -0.382571696824219 0 0 0 0 1
1685093639.742479324 -0.10134295795623148 -0.39299215767938467 0 0 0 0 1
1685093639.775812626 -0.12941875224033325 -0.40349036465754146 0 0 0 0 1
1685093639.809145927 -0.1560862496995762 -0.41253470035577067 0 0 0 0 1
1685093639.842479229 -0.18311616433917718 -0.4219822962505493 0 0 0 0 1
1685093639.875812531 -0.21015074024373107 -0.4314165455198905 0 0 0 0 1
1685093639.909146070 -0.23636475724155226 -0.4409609922939057 0 0 0 0 1
1685093639.942479372 -0.23600786635946852 -0.4366671222984952 0 0 0 0 1
1685093639.975812674 -0.23894510020415358 -0.43981947823982503 0 0 0 0 1
1685093640.009145975 -0.23468711761497196 -0.439160482860913 0 0 0 0 1
1685093640.042479277 -0.2365484695563939 -0.4663189808917552 0 0 0 0 1
1685093640.075812578 -0.23837535580141936 -0.4934798191149918 0 0 0 0 1
