1685094228.589679718 -2.2286201886418634e-20 -2.059566726796498e-17 0 0 0 0 1
1685094228.623013258 -0.00015391959823693113 -0.013358652516003855 0 0 0 0 1
1685094228.656346560 -0.00023389530470757265 -0.027526983570726957 0 0 0 0 1
1685094228.689679861 -0.00026825011849965756 -0.04253930490098492 0 0 0 0 1
1685094228.723013163 -0.0004596916423956275 -0.05851694801282768 0 0 0 0 1
1685094228.756346464 -0.000681826965346644 -0.07515249023947142 0 0 0 0 1
1685094228.789679766 -0.0009033987414735354 -0.09235792342487523 0 0 0 0 1
1685094228.823013067 -0.0008923449874841212 -0.10998253837507065 0 0 0 0 1
1685094228.856346607 -0.0007217692059274786 -0.1281200375321778 0 0 0 0 1
1685094228.889679909 -0.00046519106569171113 -0.1468342534436076 0 0 0 0 1
1685094228.923013210 -0.00011935405074470597 -0.16616332123566613 0 0 0 0 1
1685094228.956346512 6.578293876829134e-05 -0.18635537254506163 0 0 0 0 1
1685094228.989679813 0.0001856037205029253 -0.20749909461556199 0 0 0 0 1
1685094229.023013115 0.0005083896600861014 -0.22940333109254324 0 0 0 0 1
1685094229.056346416 0.0006588833613864225 -0.251648349575289 0 0 0 0 1
1685094229.089679718 0.0006810641756155174 -0.2745437183783258 0 0 0 0 1
1685094229.123013258 0.0008906300717748221 -0.29797729891743024 0 0 0 0 1
1685094229.156346560 -0.0010182210349424423 -0.31401443927103617 0 0 0 0 1
1685094229.189679861 -0.0059213640012214935 -0.32940251167537266 0 0 0 0 1
1685094229.223013163 -0.010026599040396824 -0.3349412062087903 0 0 0 0 1
1685094229.256346464 -0.01379592794552223 -0.34071374910307634 0 0 0 0 1
1685094229.289679766 -0.020008733205180682 -0.36459324709762747 0 0 0 0 1
1685094229.323013067 -0.02639832750574106 -0.3888346128008305 0 0 0 0 1
1685094229.356346607 -0.032966319186783694 -0.41344261437386975 0 0 0 0 1
1685094229.389679909 -0.039800331818170144 -0.43842825391741663 0 0 0 0 1
1685094229.423013210 -0.04673151210128502 -0.464015224422523 0 0 0 0 1
1685094229.456346512 -0.053433879121745444 -0.4898331106504974 0 0 0 0 1
1685094229.489679813 -0.05999586698765302 -0.5156870327553787 0 0 0 0 1
1685094229.523013115 -0.06641728197201688 -0.5415762274619774 0 0 0 0 1
1685094229.556346416 -0.07269793449792412 -0.5674999304537647 0 0 0 0 1
1685094229.589679718 -0.0788246711636336 -0.5946337048802116 0 0 0 0 1
1685094229.623013258 -0.07043203569399419 -0.6232717393472731 0 0 0 0 1
1685094229.656346560 -0.04110468215122973 -0.6177508986105235 0 0 0 0 1
1685094229.689679861 -0.043699656480487084 -0.5880214610697062 0 0 0 0 1
1685094229.723013163 -0.06821389841070821 -0.573929052731134 0 0 0 0 1
1685094229.756346464 -0.09265732364129647 -0.5598756429817137 0 0 0 0 1
1685094229.789679766 -0.11713056319945427 -0.5458742177643482 0 0 0 0 1
1685094229.823013067 -0.14182019839715643 -0.5317340844823443 0 0 0 0 1
1685094229.856346607 -0.16649675242526663 -0.5175711350463615 0 0 0 0 1
1685094229.889679909 -0.19116020419895602 -0.503385381557902 0 0 0 0 1
1685094229.923013210 -0.21581053264459085 -0.48917683613795243 0 0 0 0 1
1685094229.956346512 -0.24138636399551225 -0.47356425267473823 0 0 0 0 1
1685094229.989679813 -0.26680567697693336 -0.457698111390886 0 0 0 0 1
1685094230.023013115 -0.29206595791207635 -0.4415799812647127 0 0 0 0 1
1685094230.056346416 -0.3171647088505979 -0.4252114561933244 0 0 0 0 1
1685094230.089679718 -0.3423628778096291 -0.40924989210133295 0 0 0 0 1
1685094230.123013258 -0.36758792974843996 -0.3933308468462014 0 0 0 0 1
1685094230.156346560 -0.3928397929217505 -0.3774543657049964 0 0 0 0 1
1685094230.189679861 -0.4181183955080239 -0.3616204938337236 0 0 0 0 1
1685094230.223013163 -0.44342366560967095 -0.3458292762671988 0 0 0 0 1
1685094230.256346464 -0.46879747118503573 -0.3309769862235651 0 0 0 0 1
1685094230.289679766 -0.4944376219311546 -0.31646952526382666 0 0 0 0 1
1685094230.323013067 -0.5203952991951826 -0.30196309162414986 0 0 0 0 1
1685094230.356346607 -0.5464485701438895 -0.28762905176237147 0 0 0 0 1
1685094230.389679909 -0.5725962898679117 -0.2734680355869776 0 0 0 0 1
1685094230.423013210 -0.5988373093073399 -0.259480665402939 0 0 0 0 1
1685094230.456346512 -0.6256825614049053 -0.244549074476684 0 0 0 0 1
1685094230.489679813 -0.652571604419295 -0.22969648771406398 0 0 0 0 1
1685094230.523013115 -0.6790482586830587 -0.21449628112383884 0 0 0 0 1
1685094230.556346416 -0.705460828731388 -0.19918498970768106 0 0 0 0 1
1685094230.589679718 -0.7319137211283169 -0.18374874900176594 0 0 0 0 1
1685094230.623013258 -0.7582358117100825 -0.16809050546362383 0 0 0 0 1
1685094230.656346560 -0.7844252373880699 -0.152211367390302 0 0 0 0 1
1685094230.689679861 -0.8104801444637415 -0.13611245871385555 0 0 0 0 1
1685094230.723013163 -0.8363986887598428 -0.11979491892179503 0 0 0 0 1
1685094230.756346464 -0.836549544107425 -0.11686226434439605 0 0 0 0 1
1685094230.789679766 -0.8359473779053908 -0.08740466375662133 0 0 0 0 1
1685094230.823013067 -0.8354534875279388 -0.057945048877624694 0 0 0 0 1
1685094230.856346607 -0.8351809398323168 -0.028485092056705033 0 0 0 0 1
1685094230.889679909 -0.8350294308451497 0.0009757358875949471 0 0 0 0 1
1685094230.923013210 -0.8349989631238929 0.030436937659667995 0 0 0 0 1
1685094230.956346512 -0.8350895371828382 0.059898015957596654 0 0 0 0 1
1685094230.989679813 -0.8343353055000448 0.08991741957826732 0 0 0 0 1
1685094231.023013115 -0.8301431835229315 0.12031892748952548 0 0 0 0 1
1685094231.056346416 -0.8363102221252582 0.13824566275306588 0 0 0 0 1
1685094231.089679718 -0.8478888097527523 0.16556013063610517 0 0 0 0 1
1685094231.123013258 -0.8593611221316385 0.1929194050391737 0 0 0 0 1
1685094231.156346560 -0.8707269858751407 0.22032307246791913 0 0 0 0 1
1685094231.189679861 -0.8819831006471563 0.24627925917641139 0 0 0 0 1
1685094231.223013163 -0.9026107429762222 0.27881930003094524 0 0 0 0 1
1685094231.256346464 -0.9215183083929634 0.29875258658921 0 0 0 0 1
1685094231.289679766 -0.9397272940401472 0.3180067924754968 0 0 0 0 1
1685094231.323013067 -0.9579547917819262 0.3372434743277369 0 0 0 0 1
1685094231.356346607 -0.975575487206404 0.35521637540265355 0 0 0 0 1
1685094231.389679909 -0.9928261557715718 0.3724573425054942 0 0 0 0 1
1685094231.423013210 -1.0096062563184756 0.38925676751524324 0 0 0 0 1
1685094231.456346512 -1.0264395070566783 0.40587723902367395 0 0 0 0 1
