1685093653.113207817 6.18863323498775e-21 -2.9091696343588187e-19 0 0 0 0 1
1685093653.146541119 -0.0001740472553858087 -0.00840074639582153 0 0 0 0 1
1685093653.179874420 -0.0003395797423111357 -0.017159796591470152 0 0 0 0 1
1685093653.213207722 -0.00046040238888319106 -0.026179916961031554 0 0 0 0 1
1685093653.246541262 -0.0007224080753977189 -0.035529413782974306 0 0 0 0 1
1685093653.279874563 -0.001066560213448948 -0.04531253460907368 0 0 0 0 1
1685093653.313207865 -0.0015050000163752864 -0.055746400120684 0 0 0 0 1
1685093653.346541166 -0.0019093006471207611 -0.06697909972877732 0 0 0 0 1
1685093653.379874468 -0.0024523237984598167 -0.07903985819362147 0 0 0 0 1
1685093653.413207769 -0.0031269525598640493 -0.091635026219237 0 0 0 0 1
1685093653.446541071 -0.0037137332150676333 -0.10460372183971166 0 0 0 0 1
1685093653.479874372 -0.004127934531886169 -0.11795773053300566 0 0 0 0 1
1685093653.513207912 -0.0038672564693707184 -0.13158309878153224 0 0 0 0 1
1685093653.546541214 -0.004149264913202349 -0.14553532873208952 0 0 0 0 1
1685093653.579874516 -0.004251954765334977 -0.1596370028668896 0 0 0 0 1
1685093653.613207817 -0.004148964018850937 -0.17410631515848757 0 0 0 0 1
1685093653.646541119 -0.0040617773037471576 -0.18888498190531983 0 0 0 0 1
1685093653.679874420 -0.003968806007397095 -0.20411039468522904 0 0 0 0 1
1685093653.713207722 -0.0038044654357040305 -0.21996838286377227 0 0 0 0 1
1685093653.746541262 -0.0037915841793414503 -0.23520358264592375 0 0 0 0 1
1685093653.779874563 -0.0038623726452140074 -0.2520518790173926 0 0 0 0 1
1685093653.813207865 -0.0031711273272853695 -0.26885459594067757 0 0 0 0 1
1685093653.846541166 -0.003761763476417048 -0.28677208078757727 0 0 0 0 1
1685093653.879874468 -0.00444697846790054 -0.30484503358131726 0 0 0 0 1
1685093653.913207769 -0.005183755386568807 -0.3229704448476678 0 0 0 0 1
1685093653.946541071 -0.0037268112221002553 -0.33985706366445706 0 0 0 0 1
1685093653.979874372 -0.00385967563703481 -0.359547682651368 0 0 0 0 1
1685093654.013207912 -0.0034287349119825443 -0.3783211838824952 0 0 0 0 1
1685093654.046541214 -0.0029949640581198827 -0.3973742319529918 0 0 0 0 1
1685093654.079874516 -0.002530129348506445 -0.416859165239232 0 0 0 0 1
1685093654.113207817 -0.0020334830882758493 -0.436717545867915 0 0 0 0 1
1685093654.146541119 -0.0015412012262412257 -0.4567084646080723 0 0 0 0 1
1685093654.179874420 -0.0010257944160778675 -0.4770086791535613 0 0 0 0 1
1685093654.213207722 -0.0005065620173246553 -0.4975817190541485 0 0 0 0 1
1685093654.246541262 -0.0008787726745389269 -0.5174707942456079 0 0 0 0 1
1685093654.279874563 -0.00031954254823910724 -0.5382138868218678 0 0 0 0 1
1685093654.313207865 0.0002511985396593435 -0.5590007598268691 0 0 0 0 1
1685093654.346541166 0.0008697409341501277 -0.5797684516790014 0 0 0 0 1
1685093654.379874468 0.001484268698256198 -0.6004899537141772 0 0 0 0 1
1685093654.413207769 0.0020193297303966722 -0.6214674983197906 0 0 0 0 1
1685093654.446541071 0.002616154729215186 -0.6425038476311158 0 0 0 0 1
1685093654.479874372 0.00295459298501798 -0.6635730081797658 0 0 0 0 1
1685093654.513207912 0.003749134606551115 -0.6843505177790763 0 0 0 0 1
1685093654.546541214 0.004516119009658853 -0.7054098261722088 0 0 0 0 1
1685093654.579874516 0.005330884623844834 -0.7267113808494029 0 0 0 0 1
1685093654.613207817 0.006199535235367747 -0.7481886886691312 0 0 0 0 1
1685093654.646541119 0.007178196259475939 -0.76997585143999 0 0 0 0 1
1685093654.679874420 0.007805562979577344 -0.7920082035776697 0 0 0 0 1
1685093654.713207722 0.008351046655452452 -0.8140853639500105 0 0 0 0 1
1685093654.746541262 0.008788184426842885 -0.8364687684441461 0 0 0 0 1
1685093654.779874563 0.009159003561690826 -0.8588099310509528 0 0 0 0 1
1685093654.813207865 0.008917507166087427 -0.879407880255086 0 0 0 0 1
1685093654.846541166 0.00843192665146084 -0.9018678131484426 0 0 0 0 1
1685093654.879874468 0.008028993245261355 -0.9242543461801008 0 0 0 0 1
1685093654.913207769 0.007904022861050113 -0.9458070655286642 0 0 0 0 1
1685093654.946541071 0.007403741738332891 -0.9681581578419823 0 0 0 0 1
1685093654.979874372 0.007157995127669214 -0.9904444907091341 0 0 0 0 1
1685093655.013207912 0.0067503198918060555 -1.0127248231641992 0 0 0 0 1
1685093655.046541214 0.00626363660576396 -1.0350309693180313 0 0 0 0 1
1685093655.079874516 0.005956704196102375 -1.0575956652085623 0 0 0 0 1
1685093655.113207817 0.005821898004534921 -1.0801935270552556 0 0 0 0 1
1685093655.146541119 0.005730791770790176 -1.1028313882058876 0 0 0 0 1
1685093655.179874420 0.005640838375901063 -1.1254483238382302 0 0 0 0 1
1685093655.213207722 0.005688008503991552 -1.1480839592237158 0 0 0 0 1
1685093655.246541262 0.005826963720722832 -1.1708226654986598 0 0 0 0 1
1685093655.279874563 0.006089169011658017 -1.1933966182988784 0 0 0 0 1
1685093655.313207865 0.0063171007369222515 -1.2158741761520893 0 0 0 0 1
1685093655.346541166 0.006449900244424717 -1.2380975925859907 0 0 0 0 1
1685093655.379874468 0.006418689805401718 -1.2600977876253998 0 0 0 0 1
1685093655.413207769 0.0063484805924802976 -1.28177480284318 0 0 0 0 1
1685093655.446541071 0.006374653507818538 -1.303247693865604 0 0 0 0 1
1685093655.479874372 0.006638579289416351 -1.3244846222703277 0 0 0 0 1
1685093655.513207912 0.006655713430939118 -1.3452821387931022 0 0 0 0 1
1685093655.546541214 0.006609404568933118 -1.3657796264258002 0 0 0 0 1
1685093655.579874516 0.006570494999354795 -1.3863035846976988 0 0 0 0 1
1685093655.613207817 0.006540348190212234 -1.4069941247789166 0 0 0 0 1
1685093655.646541119 0.006345751823523211 -1.4276737715019105 0 0 0 0 1
1685093655.679874420 0.0059899882893809705 -1.4480152153426047 0 0 0 0 1
