1685094289.906443834 5.708373225370758e-20 -1.8029248899055782e-19 0 0 0 0 1
1685094289.939777136 0.0006249703572313314 -0.014721978221862417 0 0 0 0 1
1685094289.973110437 0.0013953189512230658 -0.030267876724183584 0 0 0 0 1
1685094290.006443739 0.0022893754250212263 -0.046623912119391445 0 0 0 0 1
1685094290.039777040 0.003336771358715346 -0.06369527585062076 0 0 0 0 1
1685094290.073110342 0.004216347424060531 -0.08122989585268785 0 0 0 0 1
1685094290.106443644 0.005199878798911074 -0.098758992198658 0 0 0 0 1
1685094290.139777184 0.006400610931633189 -0.11754060634113754 0 0 0 0 1
1685094290.173110485 0.007472936904385874 -0.13652059309812214 0 0 0 0 1
1685094290.206443787 0.008113942609559806 -0.15594757527017897 0 0 0 0 1
1685094290.239777088 0.00817273473924007 -0.170471387849446 0 0 0 0 1
1685094290.273110390 0.00504074940109624 -0.1908975636927914 0 0 0 0 1
1685094290.306443691 0.0018280512251213966 -0.212352501746554 0 0 0 0 1
1685094290.339776993 -0.0015804508823507634 -0.23438138435876338 0 0 0 0 1
1685094290.373110294 -0.0052318490487366 -0.25725888037260936 0 0 0 0 1
1685094290.406443834 -0.008999507984662498 -0.28057203828934113 0 0 0 0 1
1685094290.439777136 -0.012707337827224776 -0.3042237175705464 0 0 0 0 1
1685094290.473110437 -0.016379864748737188 -0.3282720496421694 0 0 0 0 1
1685094290.506443739 -0.020104691556514488 -0.35231233655119676 0 0 0 0 1
1685094290.539777040 -0.024086857303545393 -0.37620840505697006 0 0 0 0 1
1685094290.573110342 -0.028085252535950598 -0.4004273348680403 0 0 0 0 1
1685094290.606443644 -0.03198029108150969 -0.4252595230872582 0 0 0 0 1
1685094290.639777184 -0.03585150719989574 -0.45117529846801235 0 0 0 0 1
1685094290.673110485 -0.03973310771398199 -0.47724286558723317 0 0 0 0 1
1685094290.706443787 -0.04424790618501785 -0.5034624484825901 0 0 0 0 1
1685094290.739777088 -0.048563283073189654 -0.5303728149264187 0 0 0 0 1
1685094290.773110390 -0.05307491599072378 -0.5580017732583761 0 0 0 0 1
1685094290.806443691 -0.057497502510277194 -0.5856451250553033 0 0 0 0 1
1685094290.839776993 -0.06167617278987104 -0.6140019471839989 0 0 0 0 1
1685094290.873110294 -0.06588792489121961 -0.6423090053498489 0 0 0 0 1
1685094290.906443834 -0.06147089477956145 -0.6463640655815075 0 0 0 0 1
1685094290.939777136 -0.07342055001467376 -0.6302972925962813 0 0 0 0 1
1685094290.973110437 -0.08547159405643102 -0.6041245319049978 0 0 0 0 1
1685094291.006443739 -0.09754982409435922 -0.5777434562576789 0 0 0 0 1
1685094291.039777040 -0.10981744496403607 -0.5508566801442879 0 0 0 0 1
1685094291.073110342 -0.1222420243864393 -0.5236562046378059 0 0 0 0 1
1685094291.106443644 -0.1345618390649076 -0.4964081183216895 0 0 0 0 1
1685094291.139777184 -0.146776706559449 -0.469112824703684 0 0 0 0 1
1685094291.173110485 -0.15888644598419932 -0.441770727990612 0 0 0 0 1
1685094291.206443787 -0.1708908780101004 -0.41438223308238725 0 0 0 0 1
1685094291.239777088 -0.18278982486755613 -0.38694774556601874 0 0 0 0 1
1685094291.273110390 -0.194568420996396 -0.3595949265795598 0 0 0 0 1
1685094291.306443691 -0.2063935703931556 -0.3322622012303265 0 0 0 0 1
1685094291.339776993 -0.21826523877935294 -0.30494964874981917 0 0 0 0 1
1685094291.373110294 -0.2302620297092417 -0.2806447491825968 0 0 0 0 1
1685094291.406443834 -0.2422249030251032 -0.25523378169137817 0 0 0 0 1
1685094291.439777136 -0.25671763420912164 -0.2278761871869379 0 0 0 0 1
1685094291.473110437 -0.2679092937564596 -0.19901056765750322 0 0 0 0 1
1685094291.506443739 -0.27564608799187 -0.16903358900386767 0 0 0 0 1
1685094291.539777040 -0.2798216993477871 -0.13835718921435625 0 0 0 0 1
1685094291.573110342 -0.2803787473602938 -0.10740291759066325 0 0 0 0 1
1685094291.606443644 -0.2753816477311927 -0.07846119250504147 0 0 0 0 1
1685094291.639777184 -0.2702768129333266 -0.04939040366593272 0 0 0 0 1
1685094291.673110485 -0.2652397889417497 -0.020263878360003356 0 0 0 0 1
1685094291.706443787 -0.26018419083546973 0.008859428713137272 0 0 0 0 1
1685094291.739777088 -0.2551100206706584 0.03797950570869487 0 0 0 0 1
1685094291.773110390 -0.24986620465498852 0.06674222680160538 0 0 0 0 1
1685094291.806443691 -0.24472954181648987 0.09563582014923147 0 0 0 0 1
1685094291.839776993 -0.23971578340780791 0.12493921448268573 0 0 0 0 1
1685094291.873110294 -0.23057204094115163 0.15252218489166997 0 0 0 0 1
1685094291.906443834 -0.23671424745412345 0.18092467742368978 0 0 0 0 1
1685094291.939777136 -0.2564379187872718 0.20226489935368333 0 0 0 0 1
1685094291.973110437 -0.2842696659748268 0.21062086317406103 0 0 0 0 1
1685094292.006443739 -0.3124860801553538 0.20367375919669128 0 0 0 0 1
1685094292.039777040 -0.3332570060083405 0.1833514334909763 0 0 0 0 1
1685094292.073110342 -0.3365360270583005 0.15304323328728825 0 0 0 0 1
1685094292.106443644 -0.33974556169282266 0.12272759596819634 0 0 0 0 1
1685094292.139777184 -0.3383878795243205 0.09619631707610618 0 0 0 0 1
1685094292.173110485 -0.3350271399932138 0.07098079684222085 0 0 0 0 1
1685094292.206443787 -0.3250940499942013 0.04756177137289482 0 0 0 0 1
1685094292.239777088 -0.3093011941817342 0.027619285666542977 0 0 0 0 1
1685094292.273110390 -0.2887815278298556 0.012583983086647687 0 0 0 0 1
1685094292.306443691 -0.2650071003570509 0.0035344731992685125 0 0 0 0 1
1685094292.339776993 -0.2434407729297613 -0.0008722864228371444 0 0 0 0 1
1685094292.373110294 -0.21377662944563802 -0.0032963330545128402 0 0 0 0 1
1685094292.406443834 -0.18439648365153533 -0.005920620280066909 0 0 0 0 1
1685094292.439777136 -0.15501341745105476 -0.008512004269967587 0 0 0 0 1
1685094292.473110437 -0.12597154861643237 -0.010876436617460867 0 0 0 0 1
1685094292.506443739 -0.09693462995922475 -0.013300903698696069 0 0 0 0 1
1685094292.539777040 -0.06881263978359796 -0.01571459084493425 0 0 0 0 1
1685094292.573110342 -0.04107144508747311 -0.017935044774053915 0 0 0 0 1
1685094292.606443644 -0.013149258757864775 -0.020054636717425696 0 0 0 0 1
1685094292.639777184 0.014767453046904192 -0.022245152967364568 0 0 0 0 1
1685094292.673110485 0.04267851017442599 -0.024506579388008837 0 0 0 0 1
1685094292.706443787 0.06260247318938292 -0.02875342075169492 0 0 0 0 1
