1685094339.549204350 5.102903942158987e-19 -6.553679486527822e-19 0 0 0 0 1
1685094339.582537889 0.00011533120661707514 -0.013588721225153507 0 0 0 0 1
1685094339.615871191 0.0002838459704903014 -0.027960164315584485 0 0 0 0 1
1685094339.649204493 0.0004492852089616959 -0.0433313649690245 0 0 0 0 1
1685094339.682537794 0.0006800840471555137 -0.06006950136203149 0 0 0 0 1
1685094339.715871096 0.0007675513026618189 -0.07773598630670091 0 0 0 0 1
1685094339.749204397 0.0010018396706696782 -0.09607546499896491 0 0 0 0 1
1685094339.782537699 0.0003158220901452281 -0.11867828444315133 0 0 0 0 1
1685094339.815871000 -0.000980752751521543 -0.1385066837295564 0 0 0 0 1
1685094339.849204540 -0.0023604370866568583 -0.15901908033361994 0 0 0 0 1
1685094339.882537842 -0.003952195583093206 -0.18033180113573344 0 0 0 0 1
1685094339.915871143 -0.0054941571149056696 -0.20213563226681205 0 0 0 0 1
1685094339.949204445 -0.006925701975615606 -0.22474583279120935 0 0 0 0 1
1685094339.982537746 -0.008439469864988794 -0.24800793161391027 0 0 0 0 1
1685094340.015871048 -0.010043773330730163 -0.2713561559633567 0 0 0 0 1
1685094340.049204350 -0.011708369323420495 -0.29505803317119683 0 0 0 0 1
1685094340.082537889 -0.013247962641511407 -0.31870399406680694 0 0 0 0 1
1685094340.115871191 -0.014755878870647186 -0.34233611606257297 0 0 0 0 1
1685094340.149204493 -0.016336095410657267 -0.36578806114195006 0 0 0 0 1
1685094340.182537794 -0.017780449882917264 -0.3894524661690084 0 0 0 0 1
1685094340.215871096 -0.01925398750833426 -0.41311851097647145 0 0 0 0 1
1685094340.249204397 -0.013233848072107023 -0.4354069446087761 0 0 0 0 1
1685094340.282537699 -0.017440588918845562 -0.458477433180389 0 0 0 0 1
1685094340.315871000 -0.021467624104012553 -0.4821563600042198 0 0 0 0 1
1685094340.349204540 -0.025346862808261546 -0.505859948234409 0 0 0 0 1
1685094340.382537842 -0.029021443485519393 -0.517637077761738 0 0 0 0 1
1685094340.415871143 -0.02929172756185441 -0.5299711877651084 0 0 0 0 1
1685094340.449204445 -0.01943602029214835 -0.5535097175297201 0 0 0 0 1
1685094340.482537746 -0.009263367003036923 -0.5770237225720336 0 0 0 0 1
1685094340.515871048 0.0009012865676935583 -0.6010816507938347 0 0 0 0 1
1685094340.549204350 0.01088903799439766 -0.6255598769044182 0 0 0 0 1
1685094340.582537889 0.020761426924922683 -0.6500265909354608 0 0 0 0 1
1685094340.615871191 0.03047726390780227 -0.6746277445729715 0 0 0 0 1
1685094340.649204493 0.04036118999323322 -0.6994288979086213 0 0 0 0 1
1685094340.682537794 0.050188199536345277 -0.7244989923257372 0 0 0 0 1
1685094340.715871096 0.0599765844538725 -0.7495841925710981 0 0 0 0 1
1685094340.749204397 0.06394802649019296 -0.7682081720017914 0 0 0 0 1
1685094340.782537699 0.0721417015122355 -0.7874505235905529 0 0 0 0 1
1685094340.815871000 0.0794104879057536 -0.8070609582975593 0 0 0 0 1
1685094340.849204540 0.08438724805754542 -0.8316054014407762 0 0 0 0 1
1685094340.882537842 0.08938189287413566 -0.8561462114106038 0 0 0 0 1
1685094340.915871143 0.10083019313027256 -0.8774116756950183 0 0 0 0 1
1685094340.949204445 0.08907525697855027 -0.9021436351053171 0 0 0 0 1
1685094340.982537746 0.07739712334399533 -0.9264123696908312 0 0 0 0 1
1685094341.015871048 0.06587159567980619 -0.9507168547010962 0 0 0 0 1
1685094341.049204350 0.05475475248721656 -0.9752282592843978 0 0 0 0 1
1685094341.082537889 0.04248634341934868 -0.9981608805614928 0 0 0 0 1
1685094341.115871191 0.06229940200347321 -1.0150090759911896 0 0 0 0 1
1685094341.149204493 0.08296255809706482 -0.9992149960893062 0 0 0 0 1
1685094341.182537794 0.07190443088419922 -0.9756748855917045 0 0 0 0 1
1685094341.215871096 0.0458818821994948 -0.9838115291659741 0 0 0 0 1
1685094341.249204397 0.019920092484965155 -0.9921400034272694 0 0 0 0 1
1685094341.282537699 0.026159521536589007 -0.973097339249156 0 0 0 0 1
1685094341.315871000 0.05343314876040191 -0.980078598172515 0 0 0 0 1
1685094341.349204540 0.08071854228945392 -0.9870137274476803 0 0 0 0 1
1685094341.382537842 0.10801562410174943 -0.9939027072437993 0 0 0 0 1
1685094341.415871143 0.13536538743696488 -1.0015368379152194 0 0 0 0 1
1685094341.449204445 0.16267614051056742 -1.0093093711028829 0 0 0 0 1
1685094341.482537746 0.19667461782342724 -1.018740681490459 0 0 0 0 1
1685094341.515871048 0.2306158681917551 -1.028375908454798 0 0 0 0 1
1685094341.549204350 0.25757774753552004 -1.035838561150546 0 0 0 0 1
1685094341.582537889 0.28453608857455437 -1.0433139856487408 0 0 0 0 1
1685094341.615871191 0.3117308441719155 -1.0504299974313864 0 0 0 0 1
1685094341.649204493 0.3164082583533805 -1.05333885706211 0 0 0 0 1
1685094341.682537794 0.32147510891291214 -1.0511786040251725 0 0 0 0 1
1685094341.715871096 0.3334177944148177 -1.0211510744286698 0 0 0 0 1
1685094341.749204397 0.34277763824882057 -1.0146845818985806 0 0 0 0 1
1685094341.782537699 0.36861019901809067 -1.0251100971416174 0 0 0 0 1
1685094341.815871000 0.39405643994783635 -1.0361183562775418 0 0 0 0 1
1685094341.849204540 0.4195864119689647 -1.0470181781768746 0 0 0 0 1
1685094341.882537842 0.4450789552329102 -1.0580052536190763 0 0 0 0 1
1685094341.915871143 0.4709651704946466 -1.068973658560567 0 0 0 0 1
1685094341.949204445 0.4962304612362807 -1.079981277272206 0 0 0 0 1
1685094341.982537746 0.5219755167478571 -1.0911440031993953 0 0 0 0 1
1685094342.015871048 0.5303013737908776 -1.0991322667692398 0 0 0 0 1
1685094342.049204350 0.5237632529265432 -1.108639381259214 0 0 0 0 1
1685094342.082537889 0.49630545825981415 -1.1063409654960514 0 0 0 0 1
1685094342.115871191 0.46883893460410353 -1.1041493265543245 0 0 0 0 1
1685094342.149204493 0.44136409718744957 -1.1020644975663634 0 0 0 0 1
1685094342.182537794 0.41474946161691006 -1.1002667085695728 0 0 0 0 1
1685094342.215871096 0.40923384424205433 -1.1159541947331346 0 0 0 0 1
1685094342.249204397 0.38872624381444043 -1.1314150398134466 0 0 0 0 1
1685094342.282537699 0.36816963136641817 -1.1464860738569558 0 0 0 0 1
1685094342.315871000 0.34783339306075517 -1.161428489236653 0 0 0 0 1
1685094342.349204540 0.3275890636461416 -1.1756118724233986 0 0 0 0 1
1685094342.382537842 0.32067027656941016 -1.1650176041848093 0 0 0 0 1
1685094342.415871143 0.29612985643749945 -1.1603611940384042 0 0 0 0 1
1685094342.449204445 0.2852200440498967 -1.160276492927003 0 0 0 0 1
1685094342.482537746 0.2715161860499121 -1.1428932290649436 0 0 0 0 1
1685094342.515871048 0.25632195105386957 -1.126057791175418 0 0 0 0 1
