1685094234.305970907 2.24719150667234e-19 1.2197384662082545e-18 0 0 0 0 1
1685094234.339304209 0.0007033827578733726 -0.014812364710445074 0 0 0 0 1
1685094234.372637510 0.0016936772754435972 -0.030918715418466854 0 0 0 0 1
1685094234.405970812 0.0023044458159717897 -0.04801445971315196 0 0 0 0 1
1685094234.439304352 0.0027370407224367637 -0.06622004161486784 0 0 0 0 1
1685094234.472637653 -0.0012756669790172691 -0.07817451810358222 0 0 0 0 1
1685094234.505970955 -0.00792365800806139 -0.08888971975797405 0 0 0 0 1
1685094234.539304256 -0.024313072417756463 -0.11285946343102335 0 0 0 0 1
1685094234.572637558 -0.03409627415290943 -0.13219431115350525 0 0 0 0 1
1685094234.605970860 -0.04436202572111271 -0.1521507183787542 0 0 0 0 1
1685094234.639304161 -0.05503496356541857 -0.17264894479924253 0 0 0 0 1
1685094234.672637463 -0.06577271337372106 -0.19311329471973399 0 0 0 0 1
1685094234.705971003 -0.0766618637107571 -0.214282513279997 0 0 0 0 1
1685094234.739304304 -0.08775283269177997 -0.2360558271464242 0 0 0 0 1
1685094234.772637606 -0.09891046549547515 -0.257795054820881 0 0 0 0 1
1685094234.805970907 -0.11030638571824787 -0.2801242321561558 0 0 0 0 1
1685094234.839304209 -0.12166694221842617 -0.30247142245382413 0 0 0 0 1
1685094234.872637510 -0.1331951951925449 -0.32483189787613403 0 0 0 0 1
1685094234.905970812 -0.14480083123599857 -0.3471523075895306 0 0 0 0 1
1685094234.939304352 -0.1566067331879985 -0.3698916903911833 0 0 0 0 1
1685094234.972637653 -0.16845688675106602 -0.3929840772524326 0 0 0 0 1
1685094235.005970955 -0.1800118248234549 -0.4164503995980812 0 0 0 0 1
1685094235.039304256 -0.19144925331716917 -0.44028004551527733 0 0 0 0 1
1685094235.072637558 -0.19386977922205098 -0.45429756392548526 0 0 0 0 1
1685094235.105970860 -0.21878347377061713 -0.4641571511077165 0 0 0 0 1
1685094235.139304161 -0.24364299397711855 -0.47415254457500006 0 0 0 0 1
1685094235.172637463 -0.2684475995584204 -0.4842834466779384 0 0 0 0 1
1685094235.205971003 -0.29319655186667126 -0.4945495557318688 0 0 0 0 1
1685094235.239304304 -0.3059348185632081 -0.4925686789681983 0 0 0 0 1
1685094235.272637606 -0.31547047050434607 -0.4838935044314861 0 0 0 0 1
1685094235.305970907 -0.3186436285205313 -0.4713987703651178 0 0 0 0 1
1685094235.339304209 -0.31440278653971543 -0.45922492255603553 0 0 0 0 1
1685094235.372637510 -0.3041532546884917 -0.45140607302329117 0 0 0 0 1
1685094235.405970812 -0.2912914742793454 -0.4505331950868952 0 0 0 0 1
1685094235.439304352 -0.2800795211775779 -0.45689553890255885 0 0 0 0 1
1685094235.472637653 -0.27423275929065827 -0.4683847811152816 0 0 0 0 1
1685094235.505970955 -0.2621742073920384 -0.4950048860266164 0 0 0 0 1
1685094235.539304256 -0.2497966962724977 -0.5214781910312398 0 0 0 0 1
1685094235.572637558 -0.23683502003641518 -0.5481483849208244 0 0 0 0 1
1685094235.605970860 -0.22384426329517795 -0.5748044261169033 0 0 0 0 1
1685094235.639304161 -0.2108244415019125 -0.6014462829108407 0 0 0 0 1
1685094235.672637463 -0.1977755701443196 -0.6280739236108736 0 0 0 0 1
1685094235.705971003 -0.18457032274542934 -0.6545452263994532 0 0 0 0 1
1685094235.739304304 -0.17183652340070588 -0.68124651446649 0 0 0 0 1
1685094235.772637606 -0.15957817594268997 -0.7081693922433754 0 0 0 0 1
1685094235.805970907 -0.14713488906777206 -0.7359770031106979 0 0 0 0 1
1685094235.839304209 -0.13469231802905032 -0.7639245576594423 0 0 0 0 1
1685094235.872637510 -0.12208535187388417 -0.7917983407480574 0 0 0 0 1
1685094235.905970812 -0.10949664892405207 -0.8198745566976068 0 0 0 0 1
1685094235.939304352 -0.09729553561302032 -0.8481213649770604 0 0 0 0 1
1685094235.972637653 -0.08548432300105942 -0.8765334152487302 0 0 0 0 1
1685094236.005970955 -0.07406524829583375 -0.905105325875801 0 0 0 0 1
1685094236.039304256 -0.06304047442864345 -0.933831684941686 0 0 0 0 1
1685094236.072637558 -0.05241208964473509 -0.9627070512751205 0 0 0 0 1
1685094236.105970860 -0.042182107107759166 -0.9917259554807931 0 0 0 0 1
1685094236.139304161 -0.032352464518448885 -1.0208829009753275 0 0 0 0 1
1685094236.172637463 -0.02292502374759276 -1.0501723650284105 0 0 0 0 1
1685094236.205971003 -0.014241096580704306 -1.0796017543252505 0 0 0 0 1
1685094236.239304304 -0.005666144591942896 -1.109063080565174 0 0 0 0 1
1685094236.272637606 0.002799714769045016 -1.1385559402214491 0 0 0 0 1
1685094236.305970907 0.011156365546835838 -1.168079929335436 0 0 0 0 1
1685094236.339304209 0.019403693281817215 -1.19763464352212 0 0 0 0 1
1685094236.372637510 0.027541585011755892 -1.2272196779756501 0 0 0 0 1
1685094236.405970812 0.05339578306484489 -1.2384500470857494 0 0 0 0 1
1685094236.439304352 0.0492481800069473 -1.2663311901073606 0 0 0 0 1
1685094236.472637653 0.02819574976876221 -1.2466475017089966 0 0 0 0 1
1685094236.505970955 0.007062978251996197 -1.2270500943315474 0 0 0 0 1
1685094236.539304256 -0.01414978093303868 -1.2075392958943933 0 0 0 0 1
1685094236.572637558 -0.03544217283761304 -1.188115432867705 0 0 0 0 1
1685094236.605970860 -0.05681384118051991 -1.168778830266981 0 0 0 0 1
1685094236.639304161 -0.07770427709787403 -1.148224178427509 0 0 0 0 1
1685094236.672637463 -0.09830634948839949 -1.1277104364568586 0 0 0 0 1
1685094236.705971003 -0.11883996573254059 -1.1071281722383328 0 0 0 0 1
1685094236.739304304 -0.13930489792737924 -1.0864776142147947 0 0 0 0 1
1685094236.772637606 -0.15663574665846644 -1.0772770620692484 0 0 0 0 1
1685094236.805970907 -0.18455886537897434 -1.0790107621196072 0 0 0 0 1
1685094236.839304209 -0.21249661340671802 -1.0811606706352335 0 0 0 0 1
1685094236.872637510 -0.23984920689934683 -1.0836217727721476 0 0 0 0 1
1685094236.905970812 -0.2664404599005432 -1.0863137562778107 0 0 0 0 1
1685094236.939304352 -0.2874408634713251 -1.0888772229422712 0 0 0 0 1
1685094236.972637653 -0.3128991691856836 -1.0930953380963826 0 0 0 0 1
1685094237.005970955 -0.3376229437762697 -1.0968311100207349 0 0 0 0 1
1685094237.039304256 -0.3536021039152015 -1.1045762972409956 0 0 0 0 1
1685094237.072637558 -0.3659021813812824 -1.0976714152864204 0 0 0 0 1
