1685094257.962796688 2.747611720402907e-20 -2.3235728759519414e-18 0 0 0 0 1
1685094257.996129990 0.00022291110470385326 -0.015948913072982424 0 0 0 0 1
1685094258.029463291 0.0006717120429971132 -0.032672361177915686 0 0 0 0 1
1685094258.062796593 0.001366532503490959 -0.04999884594061399 0 0 0 0 1
1685094258.096129894 0.0021385388009732354 -0.0681321872519885 0 0 0 0 1
1685094258.129463196 0.003145791766856941 -0.08701902827231915 0 0 0 0 1
1685094258.162796736 0.004343397466458418 -0.10634690378777062 0 0 0 0 1
1685094258.196130037 0.005447090949920753 -0.1259585753485762 0 0 0 0 1
1685094258.229463339 0.006637025772806365 -0.1461728225199671 0 0 0 0 1
1685094258.262796640 0.007209736010669127 -0.16772047208788657 0 0 0 0 1
1685094258.296129942 0.009100462443341341 -0.18962162853065526 0 0 0 0 1
1685094258.329463243 0.011110679328094819 -0.21207109014588724 0 0 0 0 1
1685094258.362796545 0.01305426934070454 -0.23528528981887156 0 0 0 0 1
1685094258.396130085 0.017279341432341572 -0.251295704533016 0 0 0 0 1
1685094258.429463387 0.01495175942962676 -0.27481366623512316 0 0 0 0 1
1685094258.462796688 0.0044672774120308205 -0.296683956565377 0 0 0 0 1
1685094258.496129990 -0.0060732075913440976 -0.3187873359124414 0 0 0 0 1
1685094258.529463291 -0.01664704110194231 -0.34095562691087544 0 0 0 0 1
1685094258.562796593 -0.027537783721167643 -0.3634016451638422 0 0 0 0 1
1685094258.596129894 -0.0384079083094322 -0.38634482054104696 0 0 0 0 1
1685094258.629463196 -0.03680450478190177 -0.38720392919190966 0 0 0 0 1
1685094258.662796736 -0.035313037807777024 -0.3861625374254839 0 0 0 0 1
1685094258.696130037 -0.02719436877716861 -0.41969930674020717 0 0 0 0 1
1685094258.729463339 -0.02134323534356752 -0.4463275764368781 0 0 0 0 1
1685094258.762796640 -0.015549245298177129 -0.47296833822873324 0 0 0 0 1
1685094258.796129942 -0.009812425310788322 -0.49962146948809455 0 0 0 0 1
1685094258.829463243 -0.004201220653236101 -0.5268426772335787 0 0 0 0 1
1685094258.862796545 0.001418821840222566 -0.5540620617086813 0 0 0 0 1
1685094258.896130085 0.0009476671445801195 -0.5722055978938195 0 0 0 0 1
1685094258.929463387 -0.010586823439618786 -0.5862186424956065 0 0 0 0 1
1685094258.962796688 -0.028301429344986584 -0.5901686589090096 0 0 0 0 1
1685094258.996129990 -0.0446965278297301 -0.582383375502209 0 0 0 0 1
1685094259.029463291 -0.06321897776543443 -0.5570301273256965 0 0 0 0 1
1685094259.062796593 -0.08329063494934494 -0.5362379184423156 0 0 0 0 1
1685094259.096129894 -0.10351108751808114 -0.5155245853295459 0 0 0 0 1
1685094259.129463196 -0.1238365226312571 -0.49491425883564627 0 0 0 0 1
1685094259.162796736 -0.11388058891845901 -0.47954651374478524 0 0 0 0 1
1685094259.196130037 -0.13185684077090198 -0.4830311334670582 0 0 0 0 1
1685094259.229463339 -0.1092314273850353 -0.4627058273597826 0 0 0 0 1
1685094259.262796640 -0.08656493926640521 -0.442426337336515 0 0 0 0 1
1685094259.296129942 -0.06385746919164495 -0.4221927464036213 0 0 0 0 1
1685094259.329463243 -0.04110911010513177 -0.4020051373795971 0 0 0 0 1
1685094259.362796545 -0.018319955118606523 -0.38186359289472843 0 0 0 0 1
1685094259.396130085 0.004509902489207469 -0.36176819539075383 0 0 0 0 1
1685094259.429463387 0.02738036927298621 -0.34171902712052665 0 0 0 0 1
1685094259.462796688 0.05029135162118753 -0.32171617014767856 0 0 0 0 1
1685094259.496129990 0.0732427557564342 -0.30175970634628346 0 0 0 0 1
1685094259.529463291 0.09654771558945946 -0.28115729487846725 0 0 0 0 1
1685094259.562796593 0.11947283894517799 -0.2604797290547721 0 0 0 0 1
1685094259.596129894 0.14228418651748134 -0.2396767141001141 0 0 0 0 1
1685094259.629463196 0.16498107184250935 -0.2187488760414257 0 0 0 0 1
1685094259.662796736 0.18833273897882596 -0.19798769324658302 0 0 0 0 1
1685094259.696130037 0.21194262377531134 -0.17752063657047806 0 0 0 0 1
1685094259.729463339 0.23580702182129343 -0.15735091731142217 0 0 0 0 1
1685094259.762796640 0.25992218877275847 -0.1374817001152372 0 0 0 0 1
1685094259.796129942 0.2842843409398416 -0.11791610247871999 0 0 0 0 1
1685094259.829463243 0.30274027108835333 -0.09704417727837521 0 0 0 0 1
1685094259.862796545 0.32591320612077185 -0.08157570284814002 0 0 0 0 1
1685094259.896130085 0.3522673336379603 -0.07253586977317122 0 0 0 0 1
1685094259.929463387 0.38005600412173257 -0.07052380318385229 0 0 0 0 1
1685094259.962796688 0.40743749210119773 -0.07567285506220198 0 0 0 0 1
1685094259.996129990 0.4325970585850778 -0.08764176618889803 0 0 0 0 1
1685094260.029463291 0.4538672249346594 -0.10563728348284258 0 0 0 0 1
1685094260.062796593 0.46696559122007186 -0.13322929761900046 0 0 0 0 1
1685094260.096129894 0.4799110552273247 -0.16064707827399527 0 0 0 0 1
1685094260.129463196 0.4927869495101182 -0.1880975988669971 0 0 0 0 1
1685094260.162796736 0.4984536486116379 -0.2041164892126713 0 0 0 0 1
1685094260.196130037 0.5006250751278587 -0.22096882535632076 0 0 0 0 1
1685094260.229463339 0.49920412159981653 -0.237900961006765 0 0 0 0 1
1685094260.262796640 0.49333238210689034 -0.26817183849513865 0 0 0 0 1
1685094260.296129942 0.4875096968010547 -0.29845218995310757 0 0 0 0 1
1685094260.329463243 0.4814240511156083 -0.32793610581221966 0 0 0 0 1
1685094260.362796545 0.47518502364298826 -0.35738794639972604 0 0 0 0 1
1685094260.396130085 0.4684564845702952 -0.38578799862706364 0 0 0 0 1
1685094260.429463387 0.4617259952562765 -0.4136890368817278 0 0 0 0 1
1685094260.462796688 0.4552954940059131 -0.44145573527003457 0 0 0 0 1
1685094260.496129990 0.4485052351537402 -0.4692145622086047 0 0 0 0 1
1685094260.529463291 0.44172111907342726 -0.49712762223738827 0 0 0 0 1
1685094260.562796593 0.4352030257098222 -0.5242106409203909 0 0 0 0 1
1685094260.596129894 0.4289833365739389 -0.55063222592745 0 0 0 0 1
1685094260.629463196 0.42337543097752034 -0.5769003404194298 0 0 0 0 1
1685094260.662796736 0.4179549392498961 -0.6032257191372415 0 0 0 0 1
