1685094322.003249884 7.549843897484995e-21 2.686146720715482e-19 0 0 0 0 1
1685094322.036583185 1.2570222038478746e-05 -0.01367404079639164 0 0 0 0 1
1685094322.069916487 -8.450896983270218e-05 -0.028304582798952663 0 0 0 0 1
1685094322.103249788 -8.844204799799932e-05 -0.04352439502875965 0 0 0 0 1
1685094322.136583090 -8.146443073198165e-05 -0.05917732135005947 0 0 0 0 1
1685094322.169916391 -0.00034364573571548485 -0.07328029985514499 0 0 0 0 1
1685094322.203249931 -0.0017138685983258664 -0.08989167417134868 0 0 0 0 1
1685094322.236583233 -0.0033425841368333042 -0.10681410909720677 0 0 0 0 1
1685094322.269916534 -0.0049787115749165235 -0.12406385821260799 0 0 0 0 1
1685094322.303249836 -0.006585255916137422 -0.14177166511888958 0 0 0 0 1
1685094322.336583138 -0.008264152766170261 -0.16011104229996073 0 0 0 0 1
1685094322.369916439 -0.007223572423585708 -0.17536139383400812 0 0 0 0 1
1685094322.403249741 -0.006876847912510522 -0.19554800885410695 0 0 0 0 1
1685094322.436583281 -0.0061626584084537445 -0.21644112277296612 0 0 0 0 1
1685094322.469916582 -0.00515694496320184 -0.2380555710176862 0 0 0 0 1
1685094322.503249884 -0.0037686905785164334 -0.26035803888854364 0 0 0 0 1
1685094322.536583185 -0.002181687168396879 -0.28307752640534894 0 0 0 0 1
1685094322.569916487 -0.0006625771380523284 -0.30629597971799155 0 0 0 0 1
1685094322.603249788 0.0007309525482453311 -0.3296234695188381 0 0 0 0 1
1685094322.636583090 0.0018961221670926386 -0.3535048295812057 0 0 0 0 1
1685094322.669916391 0.0026260850570777225 -0.37779362587766474 0 0 0 0 1
1685094322.703249931 0.0028312102774488666 -0.4021985118536068 0 0 0 0 1
1685094322.736583233 0.0031173712650178374 -0.4266025821646012 0 0 0 0 1
1685094322.769916534 0.0034845648646080135 -0.4510055677343052 0 0 0 0 1
1685094322.803249836 0.00393278702758695 -0.4754071994983364 0 0 0 0 1
1685094322.836583138 0.005116043880602033 -0.5009632746345365 0 0 0 0 1
1685094322.869916439 0.006221070133055596 -0.5271978061654253 0 0 0 0 1
1685094322.903249741 0.00770323505864531 -0.5537549213782659 0 0 0 0 1
1685094322.936583281 0.009144199610955006 -0.5805998405348094 0 0 0 0 1
1685094322.969916582 0.01066156950176078 -0.6074405493923795 0 0 0 0 1
1685094323.003249884 0.012255332437382591 -0.6342768304884517 0 0 0 0 1
1685094323.036583185 0.01382575262374315 -0.6621127701340802 0 0 0 0 1
1685094323.069916487 0.01591295986242849 -0.6900408823954295 0 0 0 0 1
1685094323.103249788 0.018094878242035317 -0.7178439306982751 0 0 0 0 1
1685094323.136583090 0.020814902154864548 -0.7455995018986533 0 0 0 0 1
1685094323.169916391 0.024072011075090938 -0.773297182383261 0 0 0 0 1
1685094323.203249931 0.026999142789454297 -0.8018406616546421 0 0 0 0 1
1685094323.236583233 0.03098128167839174 -0.8302561658531991 0 0 0 0 1
1685094323.269916534 0.03624923502581105 -0.8582227226250291 0 0 0 0 1
1685094323.303249836 0.041517215307986466 -0.8861892743232486 0 0 0 0 1
1685094323.336583138 0.04678522252491313 -0.9141558209478318 0 0 0 0 1
1685094323.369916439 0.05213549559012828 -0.9426123300852582 0 0 0 0 1
1685094323.403249741 0.057438988551514504 -0.9710775948226419 0 0 0 0 1
1685094323.436583281 0.06260913054690052 -0.9999807902595783 0 0 0 0 1
1685094323.469916582 0.06786208157132186 -1.029130913522606 0 0 0 0 1
1685094323.503249884 0.07315146117653891 -1.0582744487252302 0 0 0 0 1
1685094323.536583185 0.07847726110014747 -1.087411350343082 0 0 0 0 1
1685094323.569916487 0.08383947302285205 -1.1165415728621546 0 0 0 0 1
1685094323.603249788 0.08923808856847897 -1.1456650707788745 0 0 0 0 1
1685094323.636583090 0.09467309930398936 -1.1747817986001727 0 0 0 0 1
1685094323.669916391 0.10014449673949236 -1.2038917108435556 0 0 0 0 1
1685094323.703249931 0.10615333161563952 -1.233618633501273 0 0 0 0 1
1685094323.736583233 0.058259238877226956 -1.2402702605289713 0 0 0 0 1
1685094323.769916534 0.08413778528283472 -1.2811161795085229 0 0 0 0 1
1685094323.803249836 0.0574218533185634 -1.2656815490400908 0 0 0 0 1
1685094323.836583138 0.030974896345543772 -1.250224428945846 0 0 0 0 1
1685094323.869916439 0.0045980650131074215 -1.234647944631314 0 0 0 0 1
1685094323.903249741 -0.02170810195063296 -1.218952414235164 0 0 0 0 1
1685094323.936583281 -0.04794306726083378 -1.2031381583274958 0 0 0 0 1
1685094323.969916582 -0.07301332294528114 -1.1872911910885857 0 0 0 0 1
1685094324.003249884 -0.09277825230811988 -1.1816278551589192 0 0 0 0 1
1685094324.036583185 -0.08728475302359721 -1.1520979586711495 0 0 0 0 1
1685094324.069916487 -0.08194207540288238 -1.1225416299564146 0 0 0 0 1
1685094324.103249788 -0.07666448437866744 -1.092973609998469 0 0 0 0 1
1685094324.136583090 -0.07145200553360555 -1.0633940421256602 0 0 0 0 1
1685094324.169916391 -0.06630466413472427 -1.033803069722312 0 0 0 0 1
1685094324.203249931 -0.06167027567269763 -1.00452816170085 0 0 0 0 1
1685094324.236583233 -0.057282645296060586 -0.975215255059576 0 0 0 0 1
1685094324.269916534 -0.05314208432731196 -0.9458664296836583 0 0 0 0 1
1685094324.303249836 -0.0492488865582429 -0.916483768006864 0 0 0 0 1
1685094324.336583138 -0.04560332822909109 -0.8870693548638011 0 0 0 0 1
1685094324.369916439 -0.040893985046598996 -0.8516998530872425 0 0 0 0 1
1685094324.403249741 -0.036895734265504534 -0.8234674073059409 0 0 0 0 1
1685094324.436583281 -0.03292413007799507 -0.7952312006860635 0 0 0 0 1
1685094324.469916582 -0.02897917602155399 -0.7669912583774251 0 0 0 0 1
1685094324.503249884 -0.025268964388316842 -0.7392173858755865 0 0 0 0 1
1685094324.536583185 -0.02168515211573482 -0.7114269207174305 0 0 0 0 1
1685094324.569916487 -0.018619619753624077 -0.6836122136187982 0 0 0 0 1
1685094324.603249788 -0.015617863456698324 -0.65579055157679 0 0 0 0 1
1685094324.636583090 -0.012791803192865612 -0.6281051215760902 0 0 0 0 1
1685094324.669916391 0.007720864318335908 -0.6062352835007138 0 0 0 0 1
1685094324.703249931 0.028788286676090003 -0.623606020105728 0 0 0 0 1
1685094324.736583233 0.04992797151843462 -0.6408887426854353 0 0 0 0 1
1685094324.769916534 0.07113955114911683 -0.6580831506302296 0 0 0 0 1
1685094324.803249836 0.0926688519744309 -0.6725271138378978 0 0 0 0 1
1685094324.836583138 0.11342347459045342 -0.687809776421808 0 0 0 0 1
1685094324.869916439 0.13368547753615634 -0.703089817605767 0 0 0 0 1
