1685094292.809919119 1.0054422011417727e-20 -9.21107840933729e-20 0 0 0 0 1
1685094292.843252420 3.2986625273095066e-05 -0.014638570756938418 0 0 0 0 1
1685094292.876585722 0.00012812300182382896 -0.03004295598562868 0 0 0 0 1
1685094292.909919024 0.0003023697919445223 -0.04652188140575525 0 0 0 0 1
1685094292.943252325 0.0006221033311895853 -0.06380239820281569 0 0 0 0 1
1685094292.976585865 0.0010042525023372453 -0.08205287605309655 0 0 0 0 1
1685094293.009919167 -0.002455268206451564 -0.10001534120892437 0 0 0 0 1
1685094293.043252468 -0.004095657419433226 -0.1197135136810646 0 0 0 0 1
1685094293.076585770 -0.005637594312415325 -0.1397952923652822 0 0 0 0 1
1685094293.109919071 -0.007132799750845695 -0.16031014463093254 0 0 0 0 1
1685094293.143252373 -0.008573624501398846 -0.18108528822578926 0 0 0 0 1
1685094293.176585674 -0.010026344775069335 -0.20201098479656598 0 0 0 0 1
1685094293.209919214 -0.011354909422570569 -0.22350851405194394 0 0 0 0 1
1685094293.243252516 -0.0068417534006210935 -0.24302087727459665 0 0 0 0 1
1685094293.276585817 -0.009880086406088158 -0.26436950860043085 0 0 0 0 1
1685094293.309919119 -0.012885494560993114 -0.28572279988680954 0 0 0 0 1
1685094293.343252420 -0.015872196819310295 -0.30788780079489086 0 0 0 0 1
1685094293.376585722 -0.018799275542051623 -0.33006075426947246 0 0 0 0 1
1685094293.409919024 -0.021666709556443415 -0.35224149992439113 0 0 0 0 1
1685094293.443252325 -0.025001643080416424 -0.3757653555322553 0 0 0 0 1
1685094293.476585865 -0.028380696130261722 -0.3999842931380808 0 0 0 0 1
1685094293.509919167 -0.03181511992245077 -0.4247804749900592 0 0 0 0 1
1685094293.543252468 -0.03533623266005143 -0.45047964877565094 0 0 0 0 1
1685094293.576585770 -0.038582466323574184 -0.4762149889749712 0 0 0 0 1
1685094293.609919071 -0.04155345006032158 -0.5019835555592599 0 0 0 0 1
1685094293.643252373 -0.04459976678337636 -0.5281474847840749 0 0 0 0 1
1685094293.676585674 -0.047434050098839574 -0.5543741011300308 0 0 0 0 1
1685094293.709919214 -0.05062414312368189 -0.5804862772261596 0 0 0 0 1
1685094293.743252516 -0.05384898102440263 -0.6065941851181463 0 0 0 0 1
1685094293.776585817 -0.052671765263646565 -0.6217727243816429 0 0 0 0 1
1685094293.809919119 -0.06463744380984669 -0.6311852919404913 0 0 0 0 1
1685094293.843252420 -0.08902060435062054 -0.6180602724560675 0 0 0 0 1
1685094293.876585722 -0.11342209479414449 -0.6049693626879015 0 0 0 0 1
1685094293.909919024 -0.1378418674242085 -0.5919125882347821 0 0 0 0 1
1685094293.943252325 -0.15428584408803198 -0.5868203685580742 0 0 0 0 1
1685094293.976585865 -0.15286707918417888 -0.603976189025304 0 0 0 0 1
1685094294.009919167 -0.1374830175245496 -0.5962518303717363 0 0 0 0 1
1685094294.043252468 -0.1503947350199185 -0.5848666373089901 0 0 0 0 1
1685094294.076585770 -0.15613285529342258 -0.6010965185618837 0 0 0 0 1
1685094294.109919071 -0.13893436713066495 -0.6003568735986018 0 0 0 0 1
1685094294.143252373 -0.15268077516578574 -0.6199936307075007 0 0 0 0 1
1685094294.176585674 -0.17376243404827937 -0.6085861935551818 0 0 0 0 1
1685094294.209919214 -0.1648440348118334 -0.5863369661825002 0 0 0 0 1
1685094294.243252516 -0.14171993182075907 -0.5926490042432312 0 0 0 0 1
1685094294.276585817 -0.14534257262924397 -0.6163437808236218 0 0 0 0 1
1685094294.309919119 -0.16929631344888244 -0.6154581938050218 0 0 0 0 1
1685094294.343252420 -0.17115943028798122 -0.5915606048206538 0 0 0 0 1
1685094294.376585722 -0.14763237052519254 -0.5869732937847534 0 0 0 0 1
1685094294.409919024 -0.13503160416463075 -0.5846458634941619 0 0 0 0 1
1685094294.443252325 -0.1390437316635532 -0.5968154599362556 0 0 0 0 1
1685094294.476585865 -0.14778965116759674 -0.587450357872753 0 0 0 0 1
1685094294.509919167 -0.18954337375883235 -0.5845998300440104 0 0 0 0 1
1685094294.543252468 -0.22892033750552052 -0.5987756399051891 0 0 0 0 1
1685094294.576585770 -0.2592761355894428 -0.627585783636459 0 0 0 0 1
1685094294.609919071 -0.2754885784720964 -0.6661688829793706 0 0 0 0 1
1685094294.643252373 -0.27482200408663277 -0.7080144865443443 0 0 0 0 1
1685094294.676585674 -0.2573888891445658 -0.7460616331199414 0 0 0 0 1
1685094294.709919214 -0.24092749623690196 -0.7725810985871384 0 0 0 0 1
1685094294.743252516 -0.2244411357196641 -0.7990850496514986 0 0 0 0 1
1685094294.776585817 -0.2079298222147316 -0.8255734628064647 0 0 0 0 1
1685094294.809919119 -0.19139357036611507 -0.85204631455926 0 0 0 0 1
1685094294.843252420 -0.20753764259616828 -0.8394135902556819 0 0 0 0 1
1685094294.876585722 -0.1819958502439999 -0.823925391028039 0 0 0 0 1
1685094294.909919024 -0.15675193623189318 -0.8082549353758484 0 0 0 0 1
1685094294.943252325 -0.13148493593054214 -0.7931894526362889 0 0 0 0 1
1685094294.976585865 -0.10622191804510384 -0.7781172928134744 0 0 0 0 1
1685094295.009919167 -0.08067445245900136 -0.7627620169670294 0 0 0 0 1
1685094295.043252468 -0.05510199141179147 -0.7474484043892462 0 0 0 0 1
1685094295.076585770 -0.03040151166106972 -0.7322361082732435 0 0 0 0 1
1685094295.109919071 -0.005724923575068523 -0.7166562313471393 0 0 0 0 1
1685094295.143252373 0.0190356334836112 -0.7008821314481238 0 0 0 0 1
1685094295.176585674 0.04350188473285354 -0.6850824615960049 0 0 0 0 1
1685094295.209919214 0.06800192612509323 -0.6693199958985133 0 0 0 0 1
1685094295.243252516 0.09254005379541311 -0.6534714928241472 0 0 0 0 1
1685094295.276585817 0.10273153854757469 -0.6405265886468587 0 0 0 0 1
1685094295.309919119 0.11182744378691954 -0.6267897253407914 0 0 0 0 1
1685094295.343252420 0.12419558648894202 -0.6147705067733507 0 0 0 0 1
1685094295.376585722 0.14567835195279177 -0.5961488999663731 0 0 0 0 1
1685094295.409919024 0.16701249187544406 -0.577771385994106 0 0 0 0 1
1685094295.443252325 0.1882761577679861 -0.5593123757592497 0 0 0 0 1
1685094295.476585865 0.2094690383172665 -0.5407721395130711 0 0 0 0 1
1685094295.509919167 0.2305908232464751 -0.522150948696036 0 0 0 0 1
1685094295.543252468 0.2511458834516254 -0.5045543422928443 0 0 0 0 1
1685094295.576585770 0.26519850988062044 -0.49227965463133394 0 0 0 0 1
1685094295.609919071 0.2754027965862844 -0.4751050027024893 0 0 0 0 1
1685094295.643252373 0.28665479564340185 -0.4518921332371692 0 0 0 0 1
