1685094131.875847816 5.823379825907866e-20 4.034306738960604e-20 0 0 0 0 1
1685094131.909181118 -0.0003245989013115752 -0.018038602538324965 0 0 0 0 1
1685094131.942514420 -0.0005441958360174096 -0.03539089873204966 0 0 0 0 1
1685094131.975847721 -0.000496305919255573 -0.05237179290936608 0 0 0 0 1
1685094132.009181023 -0.0005393745449374556 -0.07039907140805321 0 0 0 0 1
1685094132.042514563 -0.0006347505100776216 -0.08987660177543626 0 0 0 0 1
1685094132.075847864 -0.0007113519545310488 -0.1102541888955836 0 0 0 0 1
1685094132.109181166 -0.0036009108004789185 -0.11990057303269759 0 0 0 0 1
1685094132.142514467 0.011834717711390002 -0.13542930055345553 0 0 0 0 1
1685094132.175847769 0.028077641060453518 -0.1513525098912633 0 0 0 0 1
1685094132.209181070 0.044838339908200166 -0.16807975202485498 0 0 0 0 1
1685094132.242514372 0.06160504232059483 -0.1848009764260422 0 0 0 0 1
1685094132.275847912 0.07934168401314284 -0.2026699012112475 0 0 0 0 1
1685094132.309181213 0.09698528268599403 -0.2211348534202311 0 0 0 0 1
1685094132.342514515 0.11884289047891168 -0.23727760254414992 0 0 0 0 1
1685094132.375847816 0.14113094675436047 -0.25367335148499415 0 0 0 0 1
1685094132.409181118 0.16365709127304243 -0.26974042492704386 0 0 0 0 1
1685094132.442514420 0.18641647755024546 -0.28547536605034746 0 0 0 0 1
1685094132.475847721 0.1805811141508801 -0.29303183987821074 0 0 0 0 1
1685094132.509181023 0.18991617979339737 -0.29102976291572175 0 0 0 0 1
1685094132.542514563 0.1775020256477038 -0.31722855181718546 0 0 0 0 1
1685094132.575847864 0.18066128056163064 -0.316826463418558 0 0 0 0 1
1685094132.609181166 0.1661983959497375 -0.3419775331786718 0 0 0 0 1
1685094132.642514467 0.15583204939642506 -0.34772017010425504 0 0 0 0 1
1685094132.675847769 0.17947064010283031 -0.3304553248355415 0 0 0 0 1
1685094132.709181070 0.20273058806781596 -0.31322417217767234 0 0 0 0 1
1685094132.742514372 0.2190263431949833 -0.31423413560731106 0 0 0 0 1
1685094132.775847912 0.2333428817303114 -0.33575042420476525 0 0 0 0 1
1685094132.809181213 0.1986824973586589 -0.33521858050240416 0 0 0 0 1
1685094132.842514515 0.17559918861273327 -0.33407282764990337 0 0 0 0 1
1685094132.875847816 0.14517805136509052 -0.3323535742325505 0 0 0 0 1
1685094132.909181118 0.11457548937294691 -0.32978487514824933 0 0 0 0 1
1685094132.942514420 0.09539373728574378 -0.3274222875604001 0 0 0 0 1
1685094132.975847721 0.07606778400726032 -0.3272521020056219 0 0 0 0 1
1685094133.009181023 0.05684739969200957 -0.32927651797553625 0 0 0 0 1
1685094133.042514563 0.027033748252311574 -0.33699668732223137 0 0 0 0 1
1685094133.075847864 0.04056322032373286 -0.36504613008867937 0 0 0 0 1
1685094133.109181166 0.018992001753370485 -0.38750721606930966 0 0 0 0 1
1685094133.142514467 0.033239530821719356 -0.3646926924359203 0 0 0 0 1
1685094133.175847769 0.011724159808276374 -0.366015108102623 0 0 0 0 1
1685094133.209181070 0.00011915335415809882 -0.34784965192223716 0 0 0 0 1
1685094133.242514372 0.010362500692823302 -0.3288830020245587 0 0 0 0 1
1685094133.275847912 -0.007294117250707453 -0.3550076029022804 0 0 0 0 1
1685094133.309181213 -0.02365894223455079 -0.3819602174595408 0 0 0 0 1
1685094133.342514515 -0.038693223184245756 -0.4096770232738785 0 0 0 0 1
1685094133.375847816 -0.05236135968603154 -0.4380923883567455 0 0 0 0 1
1685094133.409181118 -0.036205182924675346 -0.4607387364610955 0 0 0 0 1
1685094133.442514420 -0.008693528385401729 -0.456617086970995 0 0 0 0 1
1685094133.475847721 0.0001167793091401061 -0.43023039319676326 0 0 0 0 1
1685094133.509181023 0.00828072790212899 -0.40057736381101 0 0 0 0 1
1685094133.542514563 0.017489316762726564 -0.3712319365764681 0 0 0 0 1
1685094133.575847864 0.027234547078313187 -0.3410013687292384 0 0 0 0 1
1685094133.609181166 0.03716988617964793 -0.31014424800875534 0 0 0 0 1
1685094133.642514467 0.04434959134407179 -0.2932119448262158 0 0 0 0 1
1685094133.675847769 0.04079367234723688 -0.2779011277950676 0 0 0 0 1
1685094133.709181070 0.012284232786052524 -0.26425970529834053 0 0 0 0 1
1685094133.742514372 -0.015667216119578747 -0.2510186027801709 0 0 0 0 1
1685094133.775847912 -0.043662386252140556 -0.23787019066806733 0 0 0 0 1
1685094133.809181213 -0.07170097023999805 -0.2248146133243933 0 0 0 0 1
1685094133.842514515 -0.10064089367767083 -0.21119682640943507 0 0 0 0 1
1685094133.875847816 -0.12950168731729406 -0.19741212911385933 0 0 0 0 1
1685094133.909181118 -0.15185126234185548 -0.1943572569708473 0 0 0 0 1
1685094133.942514420 -0.1739563391853575 -0.19885184542047443 0 0 0 0 1
1685094133.975847721 -0.19333834586154125 -0.21039193054984065 0 0 0 0 1
1685094134.009181023 -0.20782403958436357 -0.22768355930358264 0 0 0 0 1
1685094134.042514563 -0.23088803388626308 -0.23606728540768512 0 0 0 0 1
1685094134.075847864 -0.24929644316177776 -0.21983875606914646 0 0 0 0 1
1685094134.109181166 -0.24387048542413692 -0.19590564763802115 0 0 0 0 1
1685094134.142514467 -0.22026318907803066 -0.18920264414900348 0 0 0 0 1
1685094134.175847769 -0.2030697911774982 -0.20671326278972066 0 0 0 0 1
1685094134.209181070 -0.2046912679362036 -0.2077872340283627 0 0 0 0 1
1685094134.242514372 -0.1780784543206662 -0.22690916491282062 0 0 0 0 1
1685094134.275847912 -0.1640010221054096 -0.2550394183547518 0 0 0 0 1
1685094134.309181213 -0.15234964645999666 -0.27709586659040447 0 0 0 0 1
1685094134.342514515 -0.14836332919880132 -0.3017200566866421 0 0 0 0 1
1685094134.375847816 -0.15246070451869984 -0.3263260108175112 0 0 0 0 1
1685094134.409181118 -0.1413407044803079 -0.33979834964500444 0 0 0 0 1
1685094134.442514420 -0.1539930785673611 -0.3518430889239545 0 0 0 0 1
1685094134.475847721 -0.11756087494158185 -0.32313277820114095 0 0 0 0 1
1685094134.509181023 -0.12073728863380301 -0.3694090982675272 0 0 0 0 1
1685094134.542514563 -0.15290492588076066 -0.3359900839675977 0 0 0 0 1
1685094134.575847864 -0.10654111987076488 -0.3345812209159749 0 0 0 0 1
1685094134.609181166 -0.1366202638880501 -0.3698917363188709 0 0 0 0 1
1685094134.642514467 -0.1564127054106538 -0.3440879574238019 0 0 0 0 1
1685094134.675847769 -0.17439858654814666 -0.319890673025481 0 0 0 0 1
1685094134.709181070 -0.19182079247017764 -0.2952844292374585 0 0 0 0 1
1685094134.742514372 -0.20867002793600573 -0.27028235418832863 0 0 0 0 1
1685094134.775847912 -0.22493730340087104 -0.2448977871938842 0 0 0 0 1
1685094134.809181213 -0.24274419589309876 -0.21674591951375988 0 0 0 0 1
1685094134.842514515 -0.26108076298812954 -0.18893614818642931 0 0 0 0 1
1685094134.875847816 -0.2799404345165755 -0.16147843772200587 0 0 0 0 1
1685094134.909181118 -0.2993164528756693 -0.13438262648378968 0 0 0 0 1
1685094134.942514420 -0.3192018754505788 -0.1076584231630869 0 0 0 0 1
1685094134.975847721 -0.34077019457025653 -0.09761989535552622 0 0 0 0 1
1685094135.009181023 -0.36221111103527853 -0.10792773369978509 0 0 0 0 1
1685094135.042514563 -0.3678410541215196 -0.13104197543593366 0 0 0 0 1
1685094135.075847864 -0.3535418411612795 -0.15005504827829996 0 0 0 0 1
1685094135.109181166 -0.3791647490110843 -0.13985099424101538 0 0 0 0 1
1685094135.142514467 -0.3880421934153612 -0.17119098782565287 0 0 0 0 1
1685094135.175847769 -0.39504007291079424 -0.19697471376428452 0 0 0 0 1
1685094135.209181070 -0.4058441871919654 -0.22451752671445183 0 0 0 0 1
1685094135.242514372 -0.4175287977984263 -0.22481320229798338 0 0 0 0 1
1685094135.275847912 -0.40930727767852354 -0.21650512454236812 0 0 0 0 1
1685094135.309181213 -0.39171867108995556 -0.22924852018321729 0 0 0 0 1
1685094135.342514515 -0.37893474058960136 -0.2116893534846309 0 0 0 0 1
1685094135.375847816 -0.39646437398139744 -0.19886495613676855 0 0 0 0 1
1685094135.409181118 -0.41743795477122503 -0.21348609526788664 0 0 0 0 1
1685094135.442514420 -0.41735293829665093 -0.1879192891936428 0 0 0 0 1
1685094135.475847721 -0.39647705865681315 -0.2026795889840247 0 0 0 0 1
1685094135.509181023 -0.4205526893985478 -0.2112838207932324 0 0 0 0 1
1685094135.542514563 -0.41376079262232857 -0.1866355158044482 0 0 0 0 1
1685094135.575847864 -0.4275661882935337 -0.19815982998702233 0 0 0 0 1
1685094135.609181166 -0.42514825475178886 -0.20159446468777611 0 0 0 0 1
1685094135.642514467 -0.42560461040057324 -0.19741895781294772 0 0 0 0 1
1685094135.675847769 -0.40495912576794774 -0.1718328353096653 0 0 0 0 1
1685094135.709181070 -0.3842973717967898 -0.1466508886918237 0 0 0 0 1
1685094135.742514372 -0.3832330306205437 -0.14672200950009828 0 0 0 0 1
1685094135.775847912 -0.3821676391193555 -0.1467751250158965 0 0 0 0 1
1685094135.809181213 -0.36801232395192374 -0.1277844813902517 0 0 0 0 1
1685094135.842514515 -0.3607011331848398 -0.11519844830500442 0 0 0 0 1
1685094135.875847816 -0.34946953954332277 -0.10999359787210972 0 0 0 0 1
1685094135.909181118 -0.34044988835291334 -0.07857938258408978 0 0 0 0 1
1685094135.942514420 -0.3317426918783144 -0.04675385950900443 0 0 0 0 1
1685094135.975847721 -0.3229016489051558 -0.014170560730590864 0 0 0 0 1
1685094136.009181023 -0.31410326582228193 0.018424283267557125 0 0 0 0 1
1685094136.042514563 -0.30524797694126354 0.05088772362282435 0 0 0 0 1
1685094136.075847864 -0.2965565784581017 0.08339542568361563 0 0 0 0 1
1685094136.109181166 -0.29311134201315425 0.10145936553273363 0 0 0 0 1
1685094136.142514467 -0.2735933848907504 0.1280308646949276 0 0 0 0 1
1685094136.175847769 -0.25355598836108856 0.15421288062708158 0 0 0 0 1
1685094136.209181070 -0.23235466275363464 0.1802641452755569 0 0 0 0 1
1685094136.242514372 -0.21162693035804497 0.20670036893824079 0 0 0 0 1
1685094136.275847912 -0.19285214894894986 0.2345575115563796 0 0 0 0 1
1685094136.309181213 -0.17612736113755725 0.26369158584183655 0 0 0 0 1
1685094136.342514515 -0.161539013580462 0.29395200433464697 0 0 0 0 1
1685094136.375847816 -0.1956321845427979 0.2549742176471314 0 0 0 0 1
1685094136.409181118 -0.17639579205068864 0.2807907151534927 0 0 0 0 1
1685094136.442514420 -0.15775980013253005 0.3070528510718131 0 0 0 0 1
1685094136.475847721 -0.15771452269022868 0.32852161850247713 0 0 0 0 1
1685094136.509181023 -0.15439306346661671 0.3533781266170008 0 0 0 0 1
1685094136.542514563 -0.17935568248815603 0.3840088257241291 0 0 0 0 1
1685094136.575847864 -0.2164172340699038 0.3977133312080709 0 0 0 0 1
1685094136.609181166 -0.24376484165514342 0.41429445552962196 0 0 0 0 1
1685094136.642514467 -0.2710439733378125 0.43098799616792255 0 0 0 0 1
1685094136.675847769 -0.2982541670169811 0.44779367033902095 0 0 0 0 1
1685094136.709181070 -0.326365277937184 0.4519656508123197 0 0 0 0 1
1685094136.742514372 -0.35134518729850206 0.4384141156026886 0 0 0 0 1
1685094136.775847912 -0.35216628278000023 0.43843156730643473 0 0 0 0 1
1685094136.809181213 -0.32114531071237734 0.4349386711106954 0 0 0 0 1
1685094136.842514515 -0.29164981230359144 0.4314318840872737 0 0 0 0 1
1685094136.875847816 -0.2846887496861195 0.43285960106453547 0 0 0 0 1
1685094136.909181118 -0.3018107818327563 0.4571667193372182 0 0 0 0 1
1685094136.942514420 -0.3188016733871128 0.4815656862772496 0 0 0 0 1
1685094136.975847721 -0.3364861204742847 0.5065126285264556 0 0 0 0 1
1685094137.009181023 -0.35391642102188303 0.5303350465474118 0 0 0 0 1
1685094137.042514563 -0.3730134265940325 0.5539607855613806 0 0 0 0 1
1685094137.075847864 -0.3924003305753509 0.5769224405457285 0 0 0 0 1
1685094137.109181166 -0.4114553765969348 0.5995932161181953 0 0 0 0 1
1685094137.142514467 -0.4097531885933265 0.5773015233932768 0 0 0 0 1
1685094137.175847769 -0.40754774065405913 0.5550539840253155 0 0 0 0 1
1685094137.209181070 -0.4048401589404953 0.5328619582095819 0 0 0 0 1
1685094137.242514372 -0.42461213157261446 0.55408401846808 0 0 0 0 1
1685094137.275847912 -0.44455278362310724 0.5754574509390586 0 0 0 0 1
1685094137.309181213 -0.4641939343128143 0.596691578067889 0 0 0 0 1
1685094137.342514515 -0.47008194103005313 0.59480822621631 0 0 0 0 1
1685094137.375847816 -0.4698987737346121 0.6009873917781781 0 0 0 0 1
1685094137.409181118 -0.4730609610637002 0.601188013615675 0 0 0 0 1
1685094137.442514420 -0.44663920600116735 0.5896340662525884 0 0 0 0 1
1685094137.475847721 -0.47021984212230084 0.6044157858911519 0 0 0 0 1
1685094137.509181023 -0.45953993974191154 0.6318100557073189 0 0 0 0 1
1685094137.542514563 -0.44898335877770645 0.659252084275954 0 0 0 0 1
1685094137.575847864 -0.4385503127906252 0.686741316441423 0 0 0 0 1
1685094137.609181166 -0.428241012842479 0.7142771960931567 0 0 0 0 1
1685094137.642514467 -0.41675461958160875 0.7470814043426658 0 0 0 0 1
1685094137.675847769 -0.4097949682969171 0.7811345475605249 0 0 0 0 1
1685094137.709181070 -0.4074890971582527 0.8158150358401383 0 0 0 0 1
1685094137.742514372 -0.4098790964424672 0.8504898280160401 0 0 0 0 1
1685094137.775847912 -0.41556987611565527 0.8791857373908177 0 0 0 0 1
1685094137.809181213 -0.42165830534132237 0.9077999160038456 0 0 0 0 1
1685094137.842514515 -0.4255033294053543 0.943319610865589 0 0 0 0 1
1685094137.875847816 -0.4041775340653812 0.969449635836486 0 0 0 0 1
1685094137.909181118 -0.3869812635925386 0.9936239879700537 0 0 0 0 1
1685094137.942514420 -0.37035191385688143 1.0181917665961744 0 0 0 0 1
1685094137.975847721 -0.3542984821578873 1.0431396793332877 0 0 0 0 1
1685094138.009181023 -0.33882965419493316 1.0684542281285043 0 0 0 0 1
1685094138.042514563 -0.32571545327169527 1.085953225686336 0 0 0 0 1
1685094138.075847864 -0.31863895322622565 1.0888473473323577 0 0 0 0 1
1685094138.109181166 -0.2906449824086641 1.0901526806715012 0 0 0 0 1
1685094138.142514467 -0.274179075454293 1.0905767972089386 0 0 0 0 1
1685094138.175847769 -0.2877640874883536 1.0998909485230286 0 0 0 0 1
1685094138.209181070 -0.2778534037650751 1.0752554504478553 0 0 0 0 1
1685094138.242514372 -0.2685992353227245 1.0511828569210888 0 0 0 0 1
1685094138.275847912 -0.2725671544128822 1.0318609932373133 0 0 0 0 1
