1685094383.450484753 -8.49732863380994e-19 -5.098799198854231e-18 0 0 0 0 1
1685094383.483818054 -2.355619481933582e-05 -0.014090498933215774 0 0 0 0 1
1685094383.517151356 -0.00026566110082568476 -0.02879309522587891 0 0 0 0 1
1685094383.550484657 -0.0007187545167979627 -0.04405494010373917 0 0 0 0 1
1685094383.583817959 -0.0014202112691409988 -0.06001124672239889 0 0 0 0 1
1685094383.617151499 -0.0033763398979417846 -0.07431381228698165 0 0 0 0 1
1685094383.650484800 -0.006640255949956425 -0.0905663020578422 0 0 0 0 1
1685094383.683818102 -0.00990328262041171 -0.10717562493121276 0 0 0 0 1
1685094383.717151403 -0.01295602012501792 -0.1242912741661968 0 0 0 0 1
1685094383.750484705 -0.016623183383933825 -0.14166867350834095 0 0 0 0 1
1685094383.783818007 -0.01990595413423217 -0.1590849378000471 0 0 0 0 1
1685094383.817151308 -0.02317395779341374 -0.17663918616666618 0 0 0 0 1
1685094383.850484848 -0.026129382617170377 -0.19445132858235795 0 0 0 0 1
1685094383.883818150 -0.029308149332639633 -0.21263989047703485 0 0 0 0 1
1685094383.917151451 -0.04190374789936064 -0.24173922626535846 0 0 0 0 1
1685094383.950484753 -0.04980725081808668 -0.25919936419129963 0 0 0 0 1
1685094383.983818054 -0.05764417604090491 -0.2783775047763566 0 0 0 0 1
1685094384.017151356 -0.06865045574905251 -0.2953184505070286 0 0 0 0 1
1685094384.050484657 -0.0799273421541662 -0.3129499032469994 0 0 0 0 1
1685094384.083817959 -0.09178637528328662 -0.3307710632147119 0 0 0 0 1
1685094384.117151499 -0.10296587953878962 -0.35013940860141224 0 0 0 0 1
1685094384.150484800 -0.11411263298228184 -0.36970419189253256 0 0 0 0 1
1685094384.183818102 -0.1252416794876418 -0.3894801193649473 0 0 0 0 1
1685094384.217151403 -0.11941289095308401 -0.397756903625929 0 0 0 0 1
1685094384.250484705 -0.09849012488658124 -0.40604101870004516 0 0 0 0 1
1685094384.283818007 -0.078364871929582 -0.41430478838742046 0 0 0 0 1
1685094384.317151308 -0.05755650600067399 -0.42320032256142986 0 0 0 0 1
1685094384.350484848 -0.03681546306092904 -0.4322517179590448 0 0 0 0 1
1685094384.383818150 -0.015764866673707533 -0.4410535249983123 0 0 0 0 1
1685094384.417151451 0.005355950214719945 -0.4508807300209402 0 0 0 0 1
1685094384.450484753 0.02675929110602235 -0.4613520264261401 0 0 0 0 1
1685094384.483818054 0.040585198328386786 -0.4694101437686797 0 0 0 0 1
1685094384.517151356 0.02149711007706039 -0.4526432725479601 0 0 0 0 1
1685094384.550484657 0.0019080795589451708 -0.4353590291811112 0 0 0 0 1
1685094384.583817959 -0.018096433280394907 -0.4174630176633017 0 0 0 0 1
1685094384.617151499 -0.03812149937148847 -0.39959000755777596 0 0 0 0 1
1685094384.650484800 -0.04093611548362021 -0.4033210932359038 0 0 0 0 1
1685094384.683818102 -0.029470709195207428 -0.42760904114552833 0 0 0 0 1
1685094384.717151403 -0.017726884085287938 -0.4517635961363915 0 0 0 0 1
1685094384.750484705 -0.005706191823472324 -0.4757815667535301 0 0 0 0 1
1685094384.783818007 -0.01022388327933803 -0.4954168833646379 0 0 0 0 1
1685094384.817151308 -0.021866537721138862 -0.5118608425003712 0 0 0 0 1
1685094384.850484848 -0.03062776944057719 -0.5376891324358437 0 0 0 0 1
1685094384.883818150 -0.039850067371648076 -0.5633564066016582 0 0 0 0 1
1685094384.917151451 -0.049530474514657745 -0.5888544351485496 0 0 0 0 1
1685094384.950484753 -0.05966850091157391 -0.6155482973193578 0 0 0 0 1
1685094384.983818054 -0.06936977887003609 -0.6426122671450736 0 0 0 0 1
1685094385.017151356 -0.0790123955445965 -0.6696971928496438 0 0 0 0 1
1685094385.050484657 -0.08622283188685337 -0.6474104152773646 0 0 0 0 1
1685094385.083817959 -0.10350144764355698 -0.6632262391362149 0 0 0 0 1
1685094385.117151499 -0.08193775045310751 -0.6723748898717379 0 0 0 0 1
1685094385.150484800 -0.09540876489859686 -0.6998192482161065 0 0 0 0 1
1685094385.183818102 -0.10933507326567309 -0.6957037364307239 0 0 0 0 1
1685094385.217151403 -0.13240018242216914 -0.6762471204271707 0 0 0 0 1
1685094385.250484705 -0.1561844901999423 -0.6564514049553354 0 0 0 0 1
1685094385.283818007 -0.18000718358798903 -0.6367019004742399 0 0 0 0 1
1685094385.317151308 -0.19678483362040916 -0.6183542674810766 0 0 0 0 1
1685094385.350484848 -0.2249628807846844 -0.6045643633243625 0 0 0 0 1
1685094385.383818150 -0.2530713110475327 -0.5906331054198487 0 0 0 0 1
1685094385.417151451 -0.2811094153205875 -0.5765608452098898 0 0 0 0 1
1685094385.450484753 -0.3097950765727439 -0.5620146711600319 0 0 0 0 1
1685094385.483818054 -0.3378365364895541 -0.5472988575671761 0 0 0 0 1
1685094385.517151356 -0.3554342117050883 -0.5353452971422199 0 0 0 0 1
1685094385.550484657 -0.37724022259614787 -0.5121793223903823 0 0 0 0 1
1685094385.583817959 -0.3938578101823417 -0.48406321916111344 0 0 0 0 1
1685094385.617151499 -0.40350278228244696 -0.45286011048309993 0 0 0 0 1
1685094385.650484800 -0.41125006683739435 -0.4215886122003361 0 0 0 0 1
1685094385.683818102 -0.4180745284843141 -0.3901028416673803 0 0 0 0 1
1685094385.717151403 -0.4245541344273679 -0.38515769399596134 0 0 0 0 1
1685094385.750484705 -0.444561877564479 -0.3780321473669247 0 0 0 0 1
1685094385.783818007 -0.4644985685810561 -0.3514140363577409 0 0 0 0 1
1685094385.817151308 -0.48434331268344377 -0.3247273053121736 0 0 0 0 1
1685094385.850484848 -0.5074903106189954 -0.28811626544896496 0 0 0 0 1
1685094385.883818150 -0.5282139865794206 -0.25008100538700173 0 0 0 0 1
1685094385.917151451 -0.533564104842488 -0.227789706386853 0 0 0 0 1
1685094385.950484753 -0.5343711869860275 -0.20487956900279494 0 0 0 0 1
1685094385.983818054 -0.5306029480241067 -0.18226704699244198 0 0 0 0 1
1685094386.017151356 -0.5224101254533347 -0.16085668887150703 0 0 0 0 1
1685094386.050484657 -0.5101204494354553 -0.1415049540676607 0 0 0 0 1
1685094386.083817959 -0.49501410494587655 -0.11438822172464515 0 0 0 0 1
1685094386.117151499 -0.4786136756598259 -0.08420426240607676 0 0 0 0 1
1685094386.150484800 -0.46215768673807217 -0.05405055766654502 0 0 0 0 1
1685094386.183818102 -0.446259082282528 -0.024746349052284084 0 0 0 0 1
1685094386.217151403 -0.4305875302128151 0.0061626670065727815 0 0 0 0 1
1685094386.250484705 -0.4128205256002665 0.0359166308617983 0 0 0 0 1
1685094386.283818007 -0.393042764756902 0.06437370369129132 0 0 0 0 1
1685094386.317151308 -0.3713485293829842 0.09139822902553993 0 0 0 0 1
1685094386.350484848 -0.3478412371208412 0.116861379429655 0 0 0 0 1
1685094386.383818150 -0.32263294855713887 0.1406417706310105 0 0 0 0 1
1685094386.417151451 -0.33360518103172543 0.12956231537783955 0 0 0 0 1
1685094386.450484753 -0.3245709151348426 0.14227161330840238 0 0 0 0 1
1685094386.483818054 -0.3314289664204783 0.1282676372034892 0 0 0 0 1
1685094386.517151356 -0.3269279875215186 0.14319698424662905 0 0 0 0 1
1685094386.550484657 -0.3289531960251387 0.12773597701229103 0 0 0 0 1
1685094386.583817959 -0.3323996213162984 0.09459980358264322 0 0 0 0 1
1685094386.617151499 -0.3361303016735094 0.06149442847648316 0 0 0 0 1
1685094386.650484800 -0.3399849345334943 0.028563321923904816 0 0 0 0 1
1685094386.683818102 -0.34403033438787983 -0.0043448945771558285 0 0 0 0 1
1685094386.717151403 -0.34857395901774035 -0.039138412498506955 0 0 0 0 1
1685094386.750484705 -0.340608301273429 -0.031666856777787605 0 0 0 0 1
1685094386.783818007 -0.3328289390118263 -0.02400152110411531 0 0 0 0 1
1685094386.817151308 -0.3252405849293841 -0.016147049097238964 0 0 0 0 1
1685094386.850484848 -0.33657676161904415 -0.014648750535832708 0 0 0 0 1
1685094386.883818150 -0.34639176064271515 -0.02051557205038745 0 0 0 0 1
1685094386.917151451 -0.32081081113125237 -0.017455336851206146 0 0 0 0 1
1685094386.950484753 -0.3045141310621281 0.0024988165035949765 0 0 0 0 1
1685094386.983818054 -0.28439928767104566 -0.020312948081565516 0 0 0 0 1
1685094387.017151356 -0.3140013845185725 -0.027291442931187213 0 0 0 0 1
1685094387.050484657 -0.29455307275605525 0.0026928155437874537 0 0 0 0 1
1685094387.083817959 -0.31507694907065625 0.029786476894013342 0 0 0 0 1
1685094387.117151499 -0.3174045659370673 0.024999857772030294 0 0 0 0 1
1685094387.150484800 -0.3424700313882296 0.006517092037300207 0 0 0 0 1
1685094387.183818102 -0.3567161794414331 -0.011682403670944575 0 0 0 0 1
1685094387.217151403 -0.37060272396255733 -0.03015774560691542 0 0 0 0 1
1685094387.250484705 -0.373222658351511 -0.05007560124139119 0 0 0 0 1
1685094387.283818007 -0.36388287238255623 -0.08130859375712525 0 0 0 0 1
1685094387.317151308 -0.35157462753026597 -0.10293812789160535 0 0 0 0 1
1685094387.350484848 -0.34611923341208406 -0.12303669859956735 0 0 0 0 1
1685094387.383818150 -0.35379600433878444 -0.1083939901552972 0 0 0 0 1
1685094387.417151451 -0.337263306060564 -0.10828624004504005 0 0 0 0 1
1685094387.450484753 -0.3447485683549649 -0.12302776543520752 0 0 0 0 1
1685094387.483818054 -0.3544165798369669 -0.10961615567243814 0 0 0 0 1
1685094387.517151356 -0.338064845245953 -0.10717433292908167 0 0 0 0 1
1685094387.550484657 -0.3409916816771215 -0.11340956711772548 0 0 0 0 1
1685094387.583817959 -0.3362751013226884 -0.10838976765537411 0 0 0 0 1
1685094387.617151499 -0.32902397064488964 -0.12437433269780479 0 0 0 0 1
1685094387.650484800 -0.3498363679379301 -0.10166886595659638 0 0 0 0 1
1685094387.683818102 -0.36872067279774706 -0.0773362308551328 0 0 0 0 1
1685094387.717151403 -0.38774245277461705 -0.05132129063270197 0 0 0 0 1
1685094387.750484705 -0.40864894231975435 -0.025786955889011066 0 0 0 0 1
1685094387.783818007 -0.44049992623555967 -0.017149920547013534 0 0 0 0 1
1685094387.817151308 -0.4329663750353846 -0.021122050399909685 0 0 0 0 1
1685094387.850484848 -0.43475528114681194 -0.029448635785193696 0 0 0 0 1
1685094387.883818150 -0.4432555206906106 -0.029976022694369543 0 0 0 0 1
1685094387.917151451 -0.44605997050351504 -0.021934426428650452 0 0 0 0 1
1685094387.950484753 -0.46458700903448785 -0.028523670807677287 0 0 0 0 1
1685094387.983818054 -0.4660974753923852 -0.008917860709740866 0 0 0 0 1
1685094388.017151356 -0.44677976774990147 -0.012591478770210888 0 0 0 0 1
1685094388.050484657 -0.43315601453052754 -0.03135458339481456 0 0 0 0 1
1685094388.083817959 -0.4219772959758859 -0.05166952859317377 0 0 0 0 1
1685094388.117151499 -0.41169655683588513 -0.08141936925246067 0 0 0 0 1
1685094388.150484800 -0.40142456988677566 -0.11141384780577955 0 0 0 0 1
1685094388.183818102 -0.3912206591374909 -0.14083162379473727 0 0 0 0 1
1685094388.217151403 -0.3810654967683038 -0.1702662635236573 0 0 0 0 1
1685094388.250484705 -0.37095911064930337 -0.19971768621135688 0 0 0 0 1
1685094388.283818007 -0.3563892993668155 -0.21862281343311396 0 0 0 0 1
1685094388.317151308 -0.34842819700269734 -0.1961216115712986 0 0 0 0 1
1685094388.350484848 -0.37164539566391946 -0.20165739718884879 0 0 0 0 1
1685094388.383818150 -0.35254593986642835 -0.2282248959137723 0 0 0 0 1
1685094388.417151451 -0.3280532594047055 -0.24992120444907562 0 0 0 0 1
1685094388.450484753 -0.2993756153201725 -0.2656760110178654 0 0 0 0 1
1685094388.483818054 -0.2719427485645255 -0.27792230949826824 0 0 0 0 1
1685094388.517151356 -0.26451704420803857 -0.2699962914780219 0 0 0 0 1
1685094388.550484657 -0.26447416149312286 -0.25913530589106976 0 0 0 0 1
1685094388.583817959 -0.24674078093075938 -0.22573671821052588 0 0 0 0 1
1685094388.617151499 -0.22921397660918955 -0.19222926268943333 0 0 0 0 1
1685094388.650484800 -0.21189441685484298 -0.15861421702324074 0 0 0 0 1
1685094388.683818102 -0.18872455727777748 -0.1465847320212867 0 0 0 0 1
1685094388.717151403 -0.16360485729400423 -0.1394747689441393 0 0 0 0 1
1685094388.750484705 -0.1396362284429555 -0.11983571002830096 0 0 0 0 1
1685094388.783818007 -0.11534730138587071 -0.10056525875063631 0 0 0 0 1
1685094388.817151308 -0.09456373248450307 -0.0830638335805221 0 0 0 0 1
1685094388.850484848 -0.08684263208522051 -0.0643521341161389 0 0 0 0 1
1685094388.883818150 -0.10489975311789353 -0.05520426724825116 0 0 0 0 1
1685094388.917151451 -0.11541937251039044 -0.07249821694339605 0 0 0 0 1
1685094388.950484753 -0.11084113023599956 -0.09961819795832602 0 0 0 0 1
1685094388.983818054 -0.11247441639819782 -0.12707336229739988 0 0 0 0 1
1685094389.017151356 -0.11401641413839221 -0.1587473007856847 0 0 0 0 1
1685094389.050484657 -0.11528340267987308 -0.19094424278219563 0 0 0 0 1
1685094389.083817959 -0.1165694838082835 -0.22314042779256726 0 0 0 0 1
1685094389.117151499 -0.11748489164340364 -0.2547586584369063 0 0 0 0 1
1685094389.150484800 -0.12797373117137373 -0.2418861454140572 0 0 0 0 1
1685094389.183818102 -0.1202328774233263 -0.21068367483694284 0 0 0 0 1
1685094389.217151403 -0.12736607853088197 -0.19958291475263418 0 0 0 0 1
1685094389.250484705 -0.11111853065469063 -0.1909488540726999 0 0 0 0 1
1685094389.283818007 -0.09700709689231146 -0.20275551545447512 0 0 0 0 1
1685094389.317151308 -0.10263871530602427 -0.22027164201990757 0 0 0 0 1
1685094389.350484848 -0.12145592940132843 -0.24648440462968735 0 0 0 0 1
1685094389.383818150 -0.13997548329761975 -0.27279239137464 0 0 0 0 1
1685094389.417151451 -0.15889273329174947 -0.2759633965273402 0 0 0 0 1
1685094389.450484753 -0.17774534903712325 -0.27242835754931805 0 0 0 0 1
1685094389.483818054 -0.194228737825096 -0.26261940678568463 0 0 0 0 1
1685094389.517151356 -0.20632792740313852 -0.247735615851469 0 0 0 0 1
1685094389.550484657 -0.23710639092298785 -0.23453291538613252 0 0 0 0 1
1685094389.583817959 -0.267902951713606 -0.22137248379405108 0 0 0 0 1
1685094389.617151499 -0.29871755172607023 -0.20825434588152958 0 0 0 0 1
1685094389.650484800 -0.3287229982497707 -0.1958417418555274 0 0 0 0 1
1685094389.683818102 -0.3573320838916212 -0.18538389633756927 0 0 0 0 1
1685094389.717151403 -0.36119829524926694 -0.19114501353189084 0 0 0 0 1
1685094389.750484705 -0.3638423572402842 -0.19755960609700002 0 0 0 0 1
1685094389.783818007 -0.3880845945465746 -0.19176987890484867 0 0 0 0 1
1685094389.817151308 -0.41136431578917737 -0.18286698109341987 0 0 0 0 1
1685094389.850484848 -0.44084550843904424 -0.17212168872980277 0 0 0 0 1
1685094389.883818150 -0.46565344465226866 -0.1584579952492544 0 0 0 0 1
1685094389.917151451 -0.47863443080904255 -0.17546002992322704 0 0 0 0 1
1685094389.950484753 -0.5018694538217429 -0.19213062465613256 0 0 0 0 1
1685094389.983818054 -0.5233435528905921 -0.20782730343397993 0 0 0 0 1
1685094390.017151356 -0.5448284468099681 -0.2235092034702265 0 0 0 0 1
