1685093610.742982626 9.853904434259372e-18 -7.068002989064685e-17 0 0 0 0 1
1685093610.776315928 -3.1299386205045964e-05 -0.006829473001722349 0 0 0 0 1
1685093610.809649229 -6.58275457429586e-05 -0.013228423554350067 0 0 0 0 1
1685093610.842982531 0.00018621195201404272 -0.021250689588254906 0 0 0 0 1
1685093610.876316071 0.00042013535488714596 -0.029989434422190618 0 0 0 0 1
1685093610.909649372 0.0006422287456738066 -0.03933781197415589 0 0 0 0 1
1685093610.942982674 0.0006813905615091568 -0.04920315156389485 0 0 0 0 1
1685093610.976315975 0.0005524693557237 -0.05943357291143265 0 0 0 0 1
1685093611.009649277 0.0006044520564171265 -0.07005571803991555 0 0 0 0 1
1685093611.042982578 0.0006892826912783039 -0.08126968423750014 0 0 0 0 1
1685093611.076315880 0.0007261360659057929 -0.09321197514747613 0 0 0 0 1
1685093611.109649181 0.0006803702413360469 -0.10587525586758623 0 0 0 0 1
1685093611.142982721 0.000581594169596739 -0.11900678300242451 0 0 0 0 1
1685093611.176316023 0.00040401360750217665 -0.13253025876311783 0 0 0 0 1
1685093611.209649324 -0.00015838056317142007 -0.14567546242347187 0 0 0 0 1
1685093611.242982626 -0.0002800441009111672 -0.15993791994438297 0 0 0 0 1
1685093611.276315928 -0.0009314529806976913 -0.1753401440595921 0 0 0 0 1
1685093611.309649229 -0.0015584652609783207 -0.19052773072622456 0 0 0 0 1
1685093611.342982531 -0.0009984661597662269 -0.20557227602488348 0 0 0 0 1
1685093611.376316071 -0.00040308314418566904 -0.2206113623941355 0 0 0 0 1
1685093611.409649372 0.0007762316933741463 -0.2367731349745154 0 0 0 0 1
1685093611.442982674 0.0017141162410972564 -0.25155872600316465 0 0 0 0 1
1685093611.476315975 0.002894493503210846 -0.26651152981828935 0 0 0 0 1
1685093611.509649277 0.004155206763635988 -0.28154917469291785 0 0 0 0 1
1685093611.542982578 0.005457073001081739 -0.29667858705001876 0 0 0 0 1
1685093611.576315880 0.006871400756095538 -0.31173746898816507 0 0 0 0 1
1685093611.609649181 0.008396403142112041 -0.3264905066910384 0 0 0 0 1
1685093611.642982721 0.010018867004064375 -0.3410686177031706 0 0 0 0 1
1685093611.676316023 0.011914818598501974 -0.35555436232712995 0 0 0 0 1
1685093611.709649324 0.013834584397842365 -0.36984372974444674 0 0 0 0 1
1685093611.742982626 0.015924089307196083 -0.38315222777216285 0 0 0 0 1
1685093611.776315928 0.017709091041207572 -0.39702901384944195 0 0 0 0 1
1685093611.809649229 0.01953004519061624 -0.41092295765987186 0 0 0 0 1
1685093611.842982531 0.021471897916523677 -0.42476036486798313 0 0 0 0 1
1685093611.876316071 0.025296318423414954 -0.43783558824727153 0 0 0 0 1
1685093611.909649372 0.02853305824307892 -0.4521115102449561 0 0 0 0 1
1685093611.942982674 0.03154116668861263 -0.46687461645313355 0 0 0 0 1
1685093611.976315975 0.0350986632548466 -0.48078460089909214 0 0 0 0 1
1685093612.009649277 0.03681907095484434 -0.4969131063253819 0 0 0 0 1
1685093612.042982578 0.03827060477608158 -0.5133090928353389 0 0 0 0 1
1685093612.076315880 0.039857353652426 -0.5295465981291182 0 0 0 0 1
1685093612.109649181 0.04151840617357953 -0.5455751279452558 0 0 0 0 1
1685093612.142982721 0.042834890706286696 -0.5615223219448874 0 0 0 0 1
1685093612.176316023 0.04469187438968581 -0.5781132326237621 0 0 0 0 1
1685093612.209649324 0.04604492570824489 -0.592947312147401 0 0 0 0 1
1685093612.242982626 0.04755795015171245 -0.6087108498737664 0 0 0 0 1
1685093612.276315928 0.04921954562402679 -0.6246893512566062 0 0 0 0 1
1685093612.309649229 0.051122433653028515 -0.6392471675176139 0 0 0 0 1
1685093612.342982531 0.05433934264834137 -0.6551720234751214 0 0 0 0 1
1685093612.376316071 0.05767263026057477 -0.6710450892979997 0 0 0 0 1
1685093612.409649372 0.06121848688617745 -0.686738809423118 0 0 0 0 1
1685093612.442982674 0.06492219362507606 -0.7023431234208611 0 0 0 0 1
1685093612.476315975 0.06874068789292666 -0.7179933626172077 0 0 0 0 1
1685093612.509649277 0.07254080083610813 -0.7337293828156983 0 0 0 0 1
1685093612.542982578 0.07623401871869352 -0.7497376240047168 0 0 0 0 1
1685093612.576315880 0.08004310829720628 -0.7669399029865505 0 0 0 0 1
1685093612.609649181 0.08440129073904533 -0.783622179674415 0 0 0 0 1
1685093612.642982721 0.08889198458320063 -0.8008351390512594 0 0 0 0 1
1685093612.676316023 0.09347148413391497 -0.8183293769469492 0 0 0 0 1
1685093612.709649324 0.09808157579009646 -0.836425328553484 0 0 0 0 1
1685093612.742982626 0.10192212127663336 -0.8545475871819865 0 0 0 0 1
1685093612.776315928 0.10584917649051323 -0.872724924735417 0 0 0 0 1
1685093612.809649229 0.10962517678572743 -0.8909049589025837 0 0 0 0 1
1685093612.842982531 0.11325103324631197 -0.9086397427585479 0 0 0 0 1
1685093612.876316071 0.11721212351421592 -0.9238487036608699 0 0 0 0 1
1685093612.909649372 0.12224314251521037 -0.9401461383512223 0 0 0 0 1
1685093612.942982674 0.1268413867165879 -0.9566683631195738 0 0 0 0 1
1685093612.976315975 0.13144247804337977 -0.9732772208356781 0 0 0 0 1
1685093613.009649277 0.13598627873060368 -0.989755381840406 0 0 0 0 1
1685093613.042982578 0.14058536088947057 -1.006117779103768 0 0 0 0 1
1685093613.076315880 0.14544281574994875 -1.0224439825707012 0 0 0 0 1
1685093613.109649181 0.1504343649265843 -1.038501061436921 0 0 0 0 1
1685093613.142982721 0.1556094351147456 -1.0543499691108638 0 0 0 0 1
1685093613.176316023 0.1610364392955709 -1.0700444018748703 0 0 0 0 1
1685093613.209649324 0.16648495448805148 -1.0860097038200234 0 0 0 0 1
1685093613.242982626 0.17216098742373026 -1.1024526916086104 0 0 0 0 1
1685093613.276315928 0.1778404767413909 -1.119324559143066 0 0 0 0 1
1685093613.309649229 0.18346859665162463 -1.1365780994539154 0 0 0 0 1
1685093613.342982531 0.1892907457031247 -1.1544812394735662 0 0 0 0 1
1685093613.376316071 0.19501018964309785 -1.172647486925273 0 0 0 0 1
1685093613.409649372 0.2007216299921176 -1.190713389636223 0 0 0 0 1
1685093613.442982674 0.20643380488301122 -1.2087508437217425 0 0 0 0 1
1685093613.476315975 0.21225757354695962 -1.2264717039262265 0 0 0 0 1
1685093613.509649277 0.21793855769224263 -1.2419293844121102 0 0 0 0 1
1685093613.542982578 0.22301519887997096 -1.2593213606179008 0 0 0 0 1
1685093613.576315880 0.22789767831243934 -1.2766399280912355 0 0 0 0 1
1685093613.609649181 0.232954736795773 -1.293503622790064 0 0 0 0 1
1685093613.642982721 0.23752494123929174 -1.3107969041431875 0 0 0 0 1
1685093613.676316023 0.2420109860077484 -1.3282170593332778 0 0 0 0 1
1685093613.709649324 0.24619981070982977 -1.344300731059224 0 0 0 0 1
1685093613.742982626 0.24975321181350207 -1.361618676195393 0 0 0 0 1
1685093613.776315928 0.2533066400726129 -1.378628213139564 0 0 0 0 1
1685093613.809649229 0.25693508923791747 -1.394995194729983 0 0 0 0 1
1685093613.842982531 0.26057825345766095 -1.4110260418946667 0 0 0 0 1
1685093613.876316071 0.2645158057393759 -1.4267534521981664 0 0 0 0 1
