1685093637.905323982 -1.4126671052451154e-20 7.287792413144596e-20 0 0 0 0 1
1685093637.938657284 -7.275235592012345e-19 3.753213092769467e-18 0 0 0 0 1
1685093637.971990585 0.0003241159412189064 -0.02289305940278246 0 0 0 0 1
1685093638.005323887 0.00044501490912927125 -0.04588630800532769 0 0 0 0 1
1685093638.038657188 -0.0011520639588883327 -0.06472479392748626 0 0 0 0 1
1685093638.071990490 -0.002568148593621553 -0.08880475621015586 0 0 0 0 1
1685093638.105323792 -0.00400183858997539 -0.11288367670551595 0 0 0 0 1
1685093638.138657093 -0.005453133181555517 -0.13696154254192197 0 0 0 0 1
1685093638.171990633 -0.00680944788534348 -0.1640993057272035 0 0 0 0 1
1685093638.205323935 -0.008495240239485807 -0.1920160381437467 0 0 0 0 1
1685093638.238657236 0.01159489002339865 -0.20361095979956112 0 0 0 0 1
1685093638.271990538 0.0359734049093093 -0.18625450887954897 0 0 0 0 1
1685093638.305323839 0.06047025433285773 -0.169065479095953 0 0 0 0 1
1685093638.338657141 0.08508428853804575 -0.15204467721333917 0 0 0 0 1
1685093638.371990442 0.11050355404334766 -0.13469023252121548 0 0 0 0 1
1685093638.405323982 0.13587992051280687 -0.11699075064308984 0 0 0 0 1
1685093638.438657284 0.16125351777458097 -0.09928729911680047 0 0 0 0 1
1685093638.471990585 0.16424174867499666 -0.10238404298962953 0 0 0 0 1
1685093638.505323887 0.16380334031104177 -0.09810302154206384 0 0 0 0 1
1685093638.538657188 0.18162383902011 -0.11647624603595547 0 0 0 0 1
1685093638.571990490 0.1980256156368319 -0.13655200146044133 0 0 0 0 1
1685093638.605323792 0.2136679868725277 -0.16272534035986808 0 0 0 0 1
1685093638.638657093 0.22933375442095214 -0.18888468236493972 0 0 0 0 1
1685093638.671990633 0.250415627908553 -0.22502635986701572 0 0 0 0 1
1685093638.705323935 0.24947821644705473 -0.266856821281673 0 0 0 0 1
1685093638.738657236 0.23270277583554896 -0.29282022426988086 0 0 0 0 1
1685093638.771990538 0.21608967408420277 -0.31954457113369134 0 0 0 0 1
1685093638.805323839 0.199828866140447 -0.3464847268517664 0 0 0 0 1
1685093638.838657141 0.18392315497911438 -0.3736360475848376 0 0 0 0 1
1685093638.871990442 0.16771936062056828 -0.39987689811890376 0 0 0 0 1
1685093638.905323982 0.15152171408179 -0.42612154395324586 0 0 0 0 1
