1685094342.573391199 -8.069740370949738e-20 -3.592543849297524e-19 0 0 0 0 1
1685094342.606724739 -0.000760029925791135 -0.011470404272222488 0 0 0 0 1
1685094342.640058041 -0.0010382336724262034 -0.02527104032603063 0 0 0 0 1
1685094342.673391342 -0.001530375160247158 -0.03953912609630634 0 0 0 0 1
1685094342.706724644 -0.0020489027606116297 -0.05455856341247098 0 0 0 0 1
1685094342.740057945 -0.002190508655713714 -0.07057122427155949 0 0 0 0 1
1685094342.773391247 -0.002319005727921876 -0.08740631829960548 0 0 0 0 1
1685094342.806724548 -0.002467329289264299 -0.10431235948088573 0 0 0 0 1
1685094342.840057850 -0.0028381391649179243 -0.121621044033513 0 0 0 0 1
1685094342.873391390 -0.003055445469465055 -0.13950686470179738 0 0 0 0 1
1685094342.906724691 -0.003221478581373759 -0.15789740316259568 0 0 0 0 1
1685094342.940057993 -0.0034328438853703067 -0.17676486343668107 0 0 0 0 1
1685094342.973391294 -0.0035327079630576705 -0.19634162758354315 0 0 0 0 1
1685094343.006724596 -0.0036564294164589104 -0.21662033919803544 0 0 0 0 1
1685094343.040057898 -0.0040003695884580645 -0.2371167834939742 0 0 0 0 1
1685094343.073391199 -0.0043904355278694155 -0.25816705181387634 0 0 0 0 1
1685094343.106724739 -0.0008381628869175126 -0.28277370687113035 0 0 0 0 1
1685094343.140058041 0.002752997894549804 -0.30416190798830295 0 0 0 0 1
1685094343.173391342 0.006259747484668652 -0.32629846774098004 0 0 0 0 1
1685094343.206724644 0.01008326722659272 -0.3485258696347531 0 0 0 0 1
1685094343.240057945 0.013027079840534589 -0.35050706856435326 0 0 0 0 1
1685094343.273391247 -0.004239547342159523 -0.3606298899444036 0 0 0 0 1
1685094343.306724548 -0.021089599309065184 -0.377730108451939 0 0 0 0 1
1685094343.340057850 -0.038809813162480035 -0.3956448628476417 0 0 0 0 1
1685094343.373391390 -0.056588307334342926 -0.41381169995211337 0 0 0 0 1
1685094343.406724691 -0.07442101499381956 -0.4321243940012414 0 0 0 0 1
1685094343.440057993 -0.09227489580955044 -0.4503298467389415 0 0 0 0 1
1685094343.473391294 -0.1101485828972908 -0.4685158545322011 0 0 0 0 1
1685094343.506724596 -0.12804205507925637 -0.48668239583318024 0 0 0 0 1
1685094343.540057898 -0.13202951631075535 -0.5069389262838464 0 0 0 0 1
1685094343.573391199 -0.14392156281738247 -0.5238151255851018 0 0 0 0 1
1685094343.606724739 -0.16949684765425782 -0.5223427950146855 0 0 0 0 1
1685094343.640058041 -0.19540613024031878 -0.520805968024141 0 0 0 0 1
1685094343.673391342 -0.22134183216823597 -0.519622156825393 0 0 0 0 1
1685094343.706724644 -0.24705346069339626 -0.5180794480358589 0 0 0 0 1
1685094343.740057945 -0.2727607404009783 -0.5164658923779147 0 0 0 0 1
1685094343.773391247 -0.2984634760770074 -0.514781502104456 0 0 0 0 1
1685094343.806724548 -0.32562183420608426 -0.5133364875211175 0 0 0 0 1
1685094343.840057850 -0.3529250973338611 -0.5117940629006926 0 0 0 0 1
1685094343.873391390 -0.38012617108204777 -0.5081139514442143 0 0 0 0 1
1685094343.906724691 -0.4072413781456804 -0.5038469643007228 0 0 0 0 1
1685094343.940057993 -0.4342580579213532 -0.4989950938072795 0 0 0 0 1
1685094343.973391294 -0.4622744709003184 -0.49568950222281144 0 0 0 0 1
1685094344.006724596 -0.49028025095238353 -0.49229500437974366 0 0 0 0 1
1685094344.040057898 -0.5182751159464052 -0.48881163447435844 0 0 0 0 1
1685094344.073391199 -0.5469481568726708 -0.48613095232860487 0 0 0 0 1
1685094344.106724739 -0.5678269139716869 -0.46629646633258875 0 0 0 0 1
1685094344.140058041 -0.565240748815919 -0.4643077901687287 0 0 0 0 1
1685094344.173391342 -0.5450581952182183 -0.46963182764629935 0 0 0 0 1
1685094344.206724644 -0.5280280258789858 -0.48170055488092106 0 0 0 0 1
1685094344.240057945 -0.5063812538323099 -0.5001521545156115 0 0 0 0 1
1685094344.273391247 -0.48458933544633465 -0.5185404913374495 0 0 0 0 1
1685094344.306724548 -0.46231911190167796 -0.5371293250679897 0 0 0 0 1
1685094344.340057850 -0.4444621597279159 -0.5504500296589631 0 0 0 0 1
1685094344.373391390 -0.42345526113402593 -0.5699492079663256 0 0 0 0 1
1685094344.406724691 -0.40244480256842824 -0.5894445503346863 0 0 0 0 1
1685094344.440057993 -0.3814307847315797 -0.6089360561140997 0 0 0 0 1
1685094344.473391294 -0.36041320832405593 -0.6284237246547485 0 0 0 0 1
1685094344.506724596 -0.3393920740465511 -0.6479075553069433 0 0 0 0 1
1685094344.540057898 -0.31877914136785845 -0.6675246376878088 0 0 0 0 1
1685094344.573391199 -0.2983404379103072 -0.6873231809606926 0 0 0 0 1
1685094344.606724739 -0.2872780356035565 -0.7075654753410229 0 0 0 0 1
1685094344.640058041 -0.2879992977288996 -0.7363577598443432 0 0 0 0 1
1685094344.673391342 -0.2886289548499496 -0.765152193297417 0 0 0 0 1
1685094344.706724644 -0.2890140422724354 -0.7946006768516937 0 0 0 0 1
1685094344.740057945 -0.28938904762056045 -0.8240492905195446 0 0 0 0 1
1685094344.773391247 -0.28975397085036964 -0.8534980308492396 0 0 0 0 1
1685094344.806724548 -0.28998953955002343 -0.8824523350154294 0 0 0 0 1
1685094344.840057850 -0.2901969357759195 -0.9114068546827626 0 0 0 0 1
1685094344.873391390 -0.2903761593317121 -0.940361562439491 0 0 0 0 1
1685094344.906724691 -0.29052721004772736 -0.9693164308736885 0 0 0 0 1
1685094344.940057993 -0.29062275575808316 -0.9986532255788598 0 0 0 0 1
1685094344.973391294 -0.2907000299527243 -1.0279900741017491 0 0 0 0 1
1685094345.006724596 -0.29095445355160704 -1.0574128480008442 0 0 0 0 1
1685094345.040057898 -0.291174471704385 -1.0868358992922615 0 0 0 0 1
1685094345.073391199 -0.2913600841102141 -1.116259187744094 0 0 0 0 1
1685094345.106724739 -0.2916114582123193 -1.1453411497734092 0 0 0 0 1
1685094345.140058041 -0.2919525876750547 -1.1744221974695186 0 0 0 0 1
1685094345.173391342 -0.29243194499900993 -1.2026727970054805 0 0 0 0 1
1685094345.206724644 -0.2928616089545963 -1.2309241960234159 0 0 0 0 1
1685094345.240057945 -0.293241578212407 -1.2591763071117654 0 0 0 0 1
1685094345.273391247 -0.2936554801367636 -1.286895152685712 0 0 0 0 1
1685094345.306724548 -0.31205406454723505 -1.2873173747555764 0 0 0 0 1
1685094345.340057850 -0.3325936958402063 -1.2899568541578217 0 0 0 0 1
1685094345.373391390 -0.35104410715499373 -1.2993603443333495 0 0 0 0 1
1685094345.406724691 -0.365249095088444 -1.3144289083982037 0 0 0 0 1
1685094345.440057993 -0.3735485967399918 -1.3334015618104715 0 0 0 0 1
1685094345.473391294 -0.37309886249778695 -1.3443887227634017 0 0 0 0 1
1685094345.506724596 -0.3712838724583 -1.3552342646055948 0 0 0 0 1
