1685093641.912189960 -2.7554457205745803e-19 -7.160912390244275e-18 0 0 0 0 1
1685093641.945523262 -0.00012184067711777927 -0.017950897990143468 0 0 0 0 1
1685093641.978856564 -0.0011671012675669224 -0.030723086855614545 0 0 0 0 1
1685093642.012189865 -0.002464830105173288 -0.04761233821702291 0 0 0 0 1
1685093642.045523167 -0.002682510345703624 -0.06341742148988765 0 0 0 0 1
1685093642.078856468 -0.003572163574649275 -0.08186690589791601 0 0 0 0 1
1685093642.112189770 -0.00547531439888631 -0.0997068162341418 0 0 0 0 1
1685093642.145523310 -0.005963839655722482 -0.11951803251311773 0 0 0 0 1
1685093642.178856611 -0.006257906428480204 -0.13950149900777842 0 0 0 0 1
1685093642.212189913 -0.00654386603735775 -0.1598216792305182 0 0 0 0 1
1685093642.245523214 -0.006868924261309113 -0.1805638724081618 0 0 0 0 1
1685093642.278856516 -0.007346309421824304 -0.20158362949911313 0 0 0 0 1
1685093642.312189817 -0.008106390429867539 -0.22278880860757602 0 0 0 0 1
1685093642.345523119 -0.009046553385782063 -0.24494371823506644 0 0 0 0 1
1685093642.378856659 -0.009811689115714646 -0.26721684373238214 0 0 0 0 1
1685093642.412189960 -0.01057609295473463 -0.2896826791823743 0 0 0 0 1
1685093642.445523262 -0.011218225419729727 -0.3121612794332471 0 0 0 0 1
1685093642.478856564 -0.011724308480396404 -0.3348484286398021 0 0 0 0 1
1685093642.512189865 -0.012206027223214932 -0.35781056447257986 0 0 0 0 1
1685093642.545523167 -0.01247790378409451 -0.3805140242524961 0 0 0 0 1
1685093642.578856468 -0.01269994632189168 -0.4032180261013781 0 0 0 0 1
1685093642.612189770 -0.013172612933698202 -0.4262005279927862 0 0 0 0 1
1685093642.645523310 -0.013563929305809443 -0.44918455893627857 0 0 0 0 1
1685093642.678856611 -0.015802535154633673 -0.45641539872687775 0 0 0 0 1
1685093642.712189913 -0.020152442918106965 -0.48001755720963846 0 0 0 0 1
1685093642.745523214 -0.024766005581237333 -0.5038809976965739 0 0 0 0 1
1685093642.778856516 -0.02932370662873308 -0.5282266889679861 0 0 0 0 1
1685093642.812189817 -0.030873816880400234 -0.5439269033376273 0 0 0 0 1
1685093642.845523119 -0.02765694145756826 -0.5653098196671866 0 0 0 0 1
1685093642.878856659 -0.02297284341510832 -0.5902707901293145 0 0 0 0 1
1685093642.912189960 -0.017840463920595774 -0.6151482079665141 0 0 0 0 1
1685093642.945523262 -0.012264360913139193 -0.6399288656612704 0 0 0 0 1
1685093642.978856564 -0.005248916005123942 -0.6707337908222827 0 0 0 0 1
1685093643.012189865 0.00017123823822267454 -0.6951350743641355 0 0 0 0 1
1685093643.045523167 0.005301751034773556 -0.7197625332504616 0 0 0 0 1
1685093643.078856468 0.005570854409216598 -0.7394609064428078 0 0 0 0 1
1685093643.112189770 0.007460487820979923 -0.7612378851163788 0 0 0 0 1
1685093643.145523310 0.009029685274199176 -0.7862808233596703 0 0 0 0 1
1685093643.178856611 0.010448910893840598 -0.8112606763708823 0 0 0 0 1
1685093643.212189913 0.011658685495501272 -0.8362515487693076 0 0 0 0 1
1685093643.245523214 0.013150006118257175 -0.8615504783530313 0 0 0 0 1
1685093643.278856516 0.014949244645698806 -0.8871610802194373 0 0 0 0 1
1685093643.312189817 0.016634409053775445 -0.912810506691807 0 0 0 0 1
1685093643.345523119 0.018208949999590003 -0.9384669615960547 0 0 0 0 1
1685093643.378856659 0.019672838203071884 -0.9641299678262579 0 0 0 0 1
1685093643.412189960 0.01952291578943888 -0.9895885806194408 0 0 0 0 1
1685093643.445523262 0.019700712538484034 -1.015047014004065 0 0 0 0 1
1685093643.478856564 0.020206198989505646 -1.0405010495491642 0 0 0 0 1
1685093643.512189865 0.022290867993328543 -1.0665130063227604 0 0 0 0 1
1685093643.545523167 0.024380420700821984 -1.0928884029350043 0 0 0 0 1
1685093643.578856468 0.026781532790124678 -1.11870978762916 0 0 0 0 1
1685093643.612189770 0.029002306835164682 -1.1445788198035491 0 0 0 0 1
1685093643.645523310 0.031330837434448915 -1.1710297877659137 0 0 0 0 1
1685093643.678856611 0.033909588245503754 -1.1969730060036723 0 0 0 0 1
1685093643.712189913 0.05540811569792266 -1.1758591101383051 0 0 0 0 1
1685093643.745523214 0.0337988454383667 -1.16073620351239 0 0 0 0 1
1685093643.778856516 0.012250017493533825 -1.1454425200953384 0 0 0 0 1
1685093643.812189817 -0.003825442564030643 -1.1320390606380202 0 0 0 0 1
1685093643.845523119 -0.02323482750684683 -1.114116181335004 0 0 0 0 1
1685093643.878856659 -0.042052545090875144 -1.0960074780826945 0 0 0 0 1
1685093643.912189960 -0.06063819310343344 -1.0781147101610535 0 0 0 0 1
1685093643.945523262 -0.06985239343505946 -1.0659040270710476 0 0 0 0 1
1685093643.978856564 -0.08254524714858 -1.0435308534088898 0 0 0 0 1
1685093644.012189865 -0.09547529656190094 -1.0212858451890223 0 0 0 0 1
1685093644.045523167 -0.10843778492862993 -0.9993479779262857 0 0 0 0 1
1685093644.078856468 -0.12163408431851556 -0.977025286293948 0 0 0 0 1
1685093644.112189770 -0.13306970424099615 -0.9586183144904468 0 0 0 0 1
1685093644.145523310 -0.14757220670610502 -0.9368543294856684 0 0 0 0 1
1685093644.178856611 -0.16212881116911768 -0.9148597464948394 0 0 0 0 1
1685093644.212189913 -0.1768701786535997 -0.8928895980895 0 0 0 0 1
1685093644.245523214 -0.19127020586203727 -0.8707663417511838 0 0 0 0 1
1685093644.278856516 -0.20568283697173542 -0.8486512944053072 0 0 0 0 1
1685093644.312189817 -0.22030565450844874 -0.8264428354471193 0 0 0 0 1
1685093644.345523119 -0.23559150846398544 -0.8052190903078953 0 0 0 0 1
1685093644.378856659 -0.25044008711746796 -0.7832565279446113 0 0 0 0 1
1685093644.412189960 -0.2505183260019965 -0.8000206467903601 0 0 0 0 1
1685093644.445523262 -0.27479686626786154 -0.8091128626649602 0 0 0 0 1
1685093644.478856564 -0.31045055660536763 -0.8299779362290657 0 0 0 0 1
1685093644.512189865 -0.32020472021223023 -0.8554298964235597 0 0 0 0 1
1685093644.545523167 -0.33032411130218614 -0.8809075040114214 0 0 0 0 1
1685093644.578856468 -0.3404815241276587 -0.9062127182034424 0 0 0 0 1
1685093644.612189770 -0.35087584341066447 -0.9318900802834802 0 0 0 0 1
1685093644.645523310 -0.3612419060259268 -0.9575587948001684 0 0 0 0 1
1685093644.678856611 -0.3717867851234396 -0.983158892741352 0 0 0 0 1
1685093644.712189913 -0.3814523944266848 -1.00918341339276 0 0 0 0 1
1685093644.745523214 -0.39119249748547047 -1.0352307027956358 0 0 0 0 1
1685093644.778856516 -0.39760148594224026 -1.055565035830916 0 0 0 0 1
1685093644.812189817 -0.40223442490997735 -1.0828452188687008 0 0 0 0 1
1685093644.845523119 -0.4129570537727624 -1.1011159322769877 0 0 0 0 1
1685093644.878856659 -0.4342057294576248 -1.1131576247870762 0 0 0 0 1
1685093644.912189960 -0.4557079599018308 -1.1306596543436855 0 0 0 0 1
1685093644.945523262 -0.47728061546966033 -1.1478301949643255 0 0 0 0 1
1685093644.978856564 -0.499320376582275 -1.1644861302575984 0 0 0 0 1
1685093645.012189865 -0.5214396383473824 -1.1811472343216 0 0 0 0 1
1685093645.045523167 -0.5436509513049762 -1.1980907884713479 0 0 0 0 1
1685093645.078856468 -0.5663618023409939 -1.2146345940805519 0 0 0 0 1
1685093645.112189770 -0.5888328959068378 -1.232013844412925 0 0 0 0 1
1685093645.145523310 -0.6112606791711238 -1.2491709946755214 0 0 0 0 1
1685093645.178856611 -0.6259742684292362 -1.2591891485173325 0 0 0 0 1
1685093645.212189913 -0.6258021396579505 -1.2769886846613094 0 0 0 0 1
1685093645.245523214 -0.6020316989823663 -1.2910787049222399 0 0 0 0 1
1685093645.278856516 -0.5782576676102288 -1.3051626657707198 0 0 0 0 1
1685093645.312189817 -0.5540648928635497 -1.3185293972066263 0 0 0 0 1
1685093645.345523119 -0.5303330485697083 -1.330138975492015 0 0 0 0 1
1685093645.378856659 -0.5065790376817393 -1.3438194225095652 0 0 0 0 1
1685093645.412189960 -0.482497025254519 -1.3574792350322065 0 0 0 0 1
1685093645.445523262 -0.4579561382063448 -1.3711579994285024 0 0 0 0 1
1685093645.478856564 -0.4414992503179725 -1.3796627060596802 0 0 0 0 1
1685093645.512189865 -0.41748086720924726 -1.3931829679643262 0 0 0 0 1
1685093645.545523167 -0.3971344204624857 -1.4048282776358005 0 0 0 0 1
1685093645.578856468 -0.370517302367833 -1.4127469525611203 0 0 0 0 1
1685093645.612189770 -0.34488387563733774 -1.4230564578396063 0 0 0 0 1
1685093645.645523310 -0.3191459124367897 -1.433238438065864 0 0 0 0 1
1685093645.678856611 -0.29483754440547 -1.445370951598111 0 0 0 0 1
1685093645.712189913 -0.27747416022038807 -1.4349118121721247 0 0 0 0 1
1685093645.745523214 -0.268632794882258 -1.4166714457599967 0 0 0 0 1
1685093645.778856516 -0.27117906101917755 -1.396561815314587 0 0 0 0 1
1685093645.812189817 -0.2842876774537039 -1.3811007389269794 0 0 0 0 1
1685093645.845523119 -0.27382771285016105 -1.3772137483674574 0 0 0 0 1
1685093645.878856659 -0.2595790136421181 -1.3631899311186533 0 0 0 0 1
1685093645.912189960 -0.24430903939262244 -1.3760942236513294 0 0 0 0 1
1685093645.945523262 -0.2557604350354042 -1.3924819756991733 0 0 0 0 1
1685093645.978856564 -0.27312818818978757 -1.3825797522257537 0 0 0 0 1
1685093646.012189865 -0.2648583878153107 -1.364378013816595 0 0 0 0 1
1685093646.045523167 -0.24403115475828877 -1.34728434810127 0 0 0 0 1
1685093646.078856468 -0.22330267188688344 -1.329800560080957 0 0 0 0 1
1685093646.112189770 -0.2024421972147108 -1.3123926180329177 0 0 0 0 1
1685093646.145523310 -0.1815527521125791 -1.295019450986542 0 0 0 0 1
1685093646.178856611 -0.1612787744637406 -1.279134109875663 0 0 0 0 1
1685093646.212189913 -0.13977462875417174 -1.268574779494348 0 0 0 0 1
1685093646.245523214 -0.12216883024268625 -1.2618183054121508 0 0 0 0 1
1685093646.278856516 -0.09301287187251787 -1.2441700478570237 0 0 0 0 1
1685093646.312189817 -0.06954156469882579 -1.2304604675002868 0 0 0 0 1
1685093646.345523119 -0.04640760068158148 -1.216746449894851 0 0 0 0 1
1685093646.378856659 -0.016682435775616747 -1.2061143679910644 0 0 0 0 1
1685093646.412189960 0.008609056492427977 -1.1974166915496625 0 0 0 0 1
1685093646.445523262 0.018801093939392634 -1.202500258524088 0 0 0 0 1
1685093646.478856564 0.04349198577117839 -1.1927715610210026 0 0 0 0 1
1685093646.512189865 0.0683181760325736 -1.1825810526128198 0 0 0 0 1
1685093646.545523167 0.09310739249728794 -1.1723009294823419 0 0 0 0 1
1685093646.578856468 0.11785931168565267 -1.161931325777045 0 0 0 0 1
1685093646.612189770 0.14257361060469953 -1.1514723768120556 0 0 0 0 1
1685093646.645523310 0.16743731349793095 -1.1409138658039624 0 0 0 0 1
1685093646.678856611 0.19227462186029354 -1.1302934143265608 0 0 0 0 1
1685093646.712189913 0.21745900564505666 -1.1194771995073198 0 0 0 0 1
1685093646.745523214 0.24280825251728919 -1.1087444210877324 0 0 0 0 1
1685093646.778856516 0.2680670582195449 -1.0993922317124647 0 0 0 0 1
1685093646.812189817 0.2927537191804507 -1.0892481548118844 0 0 0 0 1
1685093646.845523119 0.3143965419303087 -1.0823628829124547 0 0 0 0 1
1685093646.878856659 0.3364040715980614 -1.0767515209000875 0 0 0 0 1
1685093646.912189960 0.3616426274473394 -1.0695195873892922 0 0 0 0 1
1685093646.945523262 0.35451145642881327 -1.0592199214058031 0 0 0 0 1
1685093646.978856564 0.34200767589050673 -1.0584503814674169 0 0 0 0 1
1685093647.012189865 0.33366732962534146 -1.0677978593970003 0 0 0 0 1
1685093647.045523167 0.33585120643547917 -1.0801334745638678 0 0 0 0 1
1685093647.078856468 0.34689376645991393 -1.08604943497395 0 0 0 0 1
1685093647.112189770 0.3499699664779073 -1.109992452237764 0 0 0 0 1
1685093647.145523310 0.3690407985479616 -1.121391422746935 0 0 0 0 1
1685093647.178856611 0.34735314080761065 -1.1349274467433788 0 0 0 0 1
1685093647.212189913 0.32507261101756135 -1.148806035329624 0 0 0 0 1
1685093647.245523214 0.31026523504664194 -1.1637413449198992 0 0 0 0 1
1685093647.278856516 0.2886075031612158 -1.1780900667449914 0 0 0 0 1
1685093647.312189817 0.2668931223800749 -1.192371996601919 0 0 0 0 1
1685093647.345523119 0.24503546765191866 -1.201688290330738 0 0 0 0 1
1685093647.378856659 0.22657652849956986 -1.208159940334394 0 0 0 0 1
1685093647.412189960 0.20526944264857946 -1.2118648627186563 0 0 0 0 1
1685093647.445523262 0.18483783081279823 -1.2189548271139725 0 0 0 0 1
1685093647.478856564 0.18005734087279252 -1.196639444541079 0 0 0 0 1
1685093647.512189865 0.20573843462436606 -1.1924486005992994 0 0 0 0 1
1685093647.545523167 0.22330937529192788 -1.1889573817945291 0 0 0 0 1
1685093647.578856468 0.24886496515104975 -1.185967474638202 0 0 0 0 1
1685093647.612189770 0.274308526497728 -1.1832844858804812 0 0 0 0 1
1685093647.645523310 0.2994343437369418 -1.1803228462762276 0 0 0 0 1
1685093647.678856611 0.3243466779746641 -1.1770878198968278 0 0 0 0 1
1685093647.712189913 0.34614638416839727 -1.1722500081968992 0 0 0 0 1
1685093647.745523214 0.3706057840063898 -1.1676984332630427 0 0 0 0 1
1685093647.778856516 0.39524378098644947 -1.1629565453319095 0 0 0 0 1
1685093647.812189817 0.41989086107242907 -1.1586360748373372 0 0 0 0 1
1685093647.845523119 0.4451877164383529 -1.1596126576766246 0 0 0 0 1
1685093647.878856659 0.4704893331069031 -1.1604569321605496 0 0 0 0 1
1685093647.912189960 0.494893498987198 -1.1608600216659972 0 0 0 0 1
1685093647.945523262 0.5192997634426295 -1.1611050702201433 0 0 0 0 1
1685093647.978856564 0.5437071030134935 -1.1611920675470475 0 0 0 0 1
1685093648.012189865 0.5681144941950014 -1.1611210099985374 0 0 0 0 1
1685093648.045523167 0.5925209134802005 -1.1608919005543619 0 0 0 0 1
1685093648.078856468 0.6048537683608655 -1.164720220733889 0 0 0 0 1
1685093648.112189770 0.6276438546943538 -1.1707219897077206 0 0 0 0 1
1685093648.145523310 0.649603198863697 -1.1760869739158686 0 0 0 0 1
1685093648.178856611 0.6575277867613927 -1.179971125140821 0 0 0 0 1
1685093648.212189913 0.6775555188111245 -1.1762416017141715 0 0 0 0 1
1685093648.245523214 0.696764948395421 -1.1726189896379011 0 0 0 0 1
