1685094138.246202707 -4.718547579846613e-20 1.1385498649257987e-18 0 0 0 0 1
1685094138.279536009 0.0027232180388496556 -0.013281373503859866 0 0 0 0 1
1685094138.312869310 0.004005394462634066 -0.02037036240904399 0 0 0 0 1
1685094138.346202612 0.004445651275853703 -0.03615759151117717 0 0 0 0 1
1685094138.379535913 0.01280844558466504 -0.05652723576428399 0 0 0 0 1
1685094138.412869215 0.02121362038083937 -0.06719650907365446 0 0 0 0 1
1685094138.446202517 0.02828665075124354 -0.08035605809752851 0 0 0 0 1
1685094138.479536057 0.03022900710102115 -0.08810741723964251 0 0 0 0 1
1685094138.512869358 0.03030513187749487 -0.08109781228755103 0 0 0 0 1
1685094138.546202660 0.046908942982276214 -0.08322031725155525 0 0 0 0 1
1685094138.579535961 0.05488192105151416 -0.08875379978183134 0 0 0 0 1
1685094138.612869263 0.06616775559520569 -0.09309055293926206 0 0 0 0 1
1685094138.646202564 0.07380127234825251 -0.09384393462687779 0 0 0 0 1
1685094138.679535866 0.08485279259311607 -0.10292408454358723 0 0 0 0 1
1685094138.712869406 0.09185670553301024 -0.11195933411219941 0 0 0 0 1
1685094138.746202707 0.10022262899851116 -0.11478807883888555 0 0 0 0 1
1685094138.779536009 0.11476623653623774 -0.1192303535693726 0 0 0 0 1
1685094138.812869310 0.12233630608819879 -0.12412603266316667 0 0 0 0 1
1685094138.846202612 0.1376778107229447 -0.12902468666206063 0 0 0 0 1
1685094138.879535913 0.1539684395125674 -0.1323687778285142 0 0 0 0 1
1685094138.912869215 0.16819630399716115 -0.1335957989691831 0 0 0 0 1
1685094138.946202517 0.18853821489694372 -0.13562185209251676 0 0 0 0 1
1685094138.979536057 0.20301807108432698 -0.1331046772060499 0 0 0 0 1
1685094139.012869358 0.21760113088586036 -0.13357961637523455 0 0 0 0 1
1685094139.046202660 0.23935644566345937 -0.13147608381534137 0 0 0 0 1
1685094139.079535961 0.2538662508593751 -0.13159635784110743 0 0 0 0 1
1685094139.112869263 0.27394501256936105 -0.12640663363629562 0 0 0 0 1
1685094139.146202564 0.2780850381242965 -0.11758572284725324 0 0 0 0 1
1685094139.179535866 0.2899662501621531 -0.09565763569914473 0 0 0 0 1
1685094139.212869406 0.30766425992159074 -0.09163565585644529 0 0 0 0 1
1685094139.246202707 0.327545653182637 -0.09861129686169326 0 0 0 0 1
1685094139.279536009 0.3274486457386761 -0.09839648977989468 0 0 0 0 1
1685094139.312869310 0.328759808935245 -0.10150066053231332 0 0 0 0 1
1685094139.346202612 0.3270534800142129 -0.12025574367279154 0 0 0 0 1
