1685094153.382761717 2.2650912895087245e-17 -1.136025008799015e-16 0 0 0 0 1
1685094153.416095018 0.0006193128701987838 -0.016594885737296824 0 0 0 0 1
1685094153.449428320 0.0012889954481406457 -0.0340585282426076 0 0 0 0 1
1685094153.482761860 0.0019486625999285009 -0.05245727943674828 0 0 0 0 1
1685094153.516095161 0.0027293282610654523 -0.07176082211857998 0 0 0 0 1
1685094153.549428463 0.003563935480095657 -0.0916443621307023 0 0 0 0 1
1685094153.582761765 0.004625630937078367 -0.11201018632559946 0 0 0 0 1
1685094153.616095066 0.005964219412070935 -0.13305856318361967 0 0 0 0 1
1685094153.649428368 0.0072875185743551665 -0.15452102631966885 0 0 0 0 1
1685094153.682761669 0.008393860802158218 -0.17612572821809808 0 0 0 0 1
1685094153.716094971 0.008205638286661618 -0.19668552951316062 0 0 0 0 1
1685094153.749428511 0.010355015964605425 -0.21730169684752845 0 0 0 0 1
1685094153.782761812 0.012425919062838799 -0.24077270537621692 0 0 0 0 1
1685094153.816095114 0.014518773889407833 -0.26451953513027826 0 0 0 0 1
1685094153.849428415 0.01666765807359053 -0.28852297261051746 0 0 0 0 1
1685094153.882761717 0.01873512858298676 -0.3123108895440221 0 0 0 0 1
1685094153.916095018 0.020794935332105104 -0.3358612855846643 0 0 0 0 1
1685094153.949428320 0.022897696413606675 -0.3597589905239185 0 0 0 0 1
1685094153.982761860 0.025141413640403655 -0.3840639195758 0 0 0 0 1
1685094154.016095161 0.027456284083840196 -0.4077413180173573 0 0 0 0 1
1685094154.049428463 0.030362226997186086 -0.4322743884342784 0 0 0 0 1
1685094154.082761765 0.03331856278838754 -0.4571501107077049 0 0 0 0 1
1685094154.116095066 0.036668265922860495 -0.4823978985811951 0 0 0 0 1
1685094154.149428368 0.04005793614504968 -0.5076860516164493 0 0 0 0 1
1685094154.182761669 0.043472039788519164 -0.532720011368989 0 0 0 0 1
1685094154.216094971 0.0469761051168256 -0.5579546052669702 0 0 0 0 1
1685094154.249428511 0.05055696402230697 -0.5831914814700703 0 0 0 0 1
1685094154.282761812 0.05406195841465449 -0.6085063687512439 0 0 0 0 1
1685094154.316095114 0.0576885082826906 -0.6338532312391298 0 0 0 0 1
1685094154.349428415 0.06146856112899092 -0.6591286460950686 0 0 0 0 1
1685094154.382761717 0.06525624891244763 -0.6843461193791065 0 0 0 0 1
1685094154.416095018 0.0691042330979983 -0.7098001792827058 0 0 0 0 1
1685094154.449428320 0.07281615894811214 -0.7354291213727775 0 0 0 0 1
1685094154.482761860 0.0766961503713028 -0.7614550521118212 0 0 0 0 1
1685094154.516095161 0.0813147310108917 -0.78563313022201 0 0 0 0 1
1685094154.549428463 0.08667058672110145 -0.8119968573724057 0 0 0 0 1
1685094154.582761765 0.09202821391955239 -0.8384804471152449 0 0 0 0 1
1685094154.616095066 0.09769153150547343 -0.8640915820804146 0 0 0 0 1
1685094154.649428368 0.10338090359680152 -0.8907490865097827 0 0 0 0 1
1685094154.682761669 0.10915117081549132 -0.9178350242575001 0 0 0 0 1
1685094154.716094971 0.11527817069082337 -0.9450552961488553 0 0 0 0 1
1685094154.749428511 0.12159911359826038 -0.9710031270248829 0 0 0 0 1
1685094154.782761812 0.12814383381399774 -0.9976864597237007 0 0 0 0 1
1685094154.816095114 0.13470640227880593 -1.0244012598897279 0 0 0 0 1
1685094154.849428415 0.14129664492932556 -1.0513632310540306 0 0 0 0 1
1685094154.882761717 0.14820894748879185 -1.0782135973727516 0 0 0 0 1
1685094154.916095018 0.15503980413756532 -1.1050548160364797 0 0 0 0 1
1685094154.949428320 0.161939929841326 -1.1321407678510056 0 0 0 0 1
1685094154.982761860 0.1689196367778795 -1.1592239509941547 0 0 0 0 1
1685094155.016095161 0.17532786438353157 -1.1969186762095878 0 0 0 0 1
1685094155.049428463 0.17771118017505436 -1.2247299957591857 0 0 0 0 1
1685094155.082761765 0.1800533406709666 -1.252930621871932 0 0 0 0 1
1685094155.116095066 0.18228841971165008 -1.2812293700664437 0 0 0 0 1
1685094155.149428368 0.18459737039740073 -1.3094437877870453 0 0 0 0 1
1685094155.182761669 0.1871561044328074 -1.3376694187001121 0 0 0 0 1
1685094155.216094971 0.1896251351341527 -1.3662480850388024 0 0 0 0 1
1685094155.249428511 0.19185473081635598 -1.3949945543224214 0 0 0 0 1
1685094155.282761812 0.1941077551017413 -1.4236413399509642 0 0 0 0 1
1685094155.316095114 0.19694126482017627 -1.4592500191394993 0 0 0 0 1
1685094155.349428415 0.19953299971599828 -1.4877297268304877 0 0 0 0 1
1685094155.382761717 0.20211087851381157 -1.5163228903972912 0 0 0 0 1
1685094155.416095018 0.20416196070800005 -1.544547612979393 0 0 0 0 1
1685094155.449428320 0.206430995761513 -1.573112616193801 0 0 0 0 1
1685094155.482761860 0.2086614316849883 -1.6018638320429306 0 0 0 0 1
1685094155.516095161 0.2109516047081312 -1.6303911885219304 0 0 0 0 1
1685094155.549428463 0.2130304682544422 -1.6586683224419103 0 0 0 0 1
1685094155.582761765 0.21492338754962634 -1.686887861786774 0 0 0 0 1
1685094155.616095066 0.2169278362590482 -1.715297058303098 0 0 0 0 1
1685094155.649428368 0.22084986052332556 -1.7405272818784772 0 0 0 0 1
1685094155.682761669 0.22701884414338433 -1.7682136113594438 0 0 0 0 1
1685094155.716094971 0.23282569108910528 -1.7955423928091465 0 0 0 0 1
1685094155.749428511 0.23829898340882713 -1.8231262918053963 0 0 0 0 1
1685094155.782761812 0.2428122802768685 -1.8516387113002808 0 0 0 0 1
1685094155.816095114 0.24693103732000019 -1.8804223906310196 0 0 0 0 1
1685094155.849428415 0.25021624520036667 -1.9087116056925812 0 0 0 0 1
1685094155.882761717 0.25333748082048013 -1.938224646329209 0 0 0 0 1
1685094155.916095018 0.2564762591746175 -1.9676892657993112 0 0 0 0 1
1685094155.949428320 0.2595562489037887 -1.9967365868456708 0 0 0 0 1
1685094155.982761860 0.26291698348051107 -2.0255592970305396 0 0 0 0 1
1685094156.016095161 0.26625113714990556 -2.0544293098748523 0 0 0 0 1
1685094156.049428463 0.2694487542990859 -2.0831821283093177 0 0 0 0 1
1685094156.082761765 0.27277313505383166 -2.112034218214805 0 0 0 0 1
1685094156.116095066 0.2760273338001086 -2.1408147464632084 0 0 0 0 1
1685094156.149428368 0.27936022713980874 -2.1699584619703067 0 0 0 0 1
1685094156.182761669 0.28250619104865426 -2.1991889372898648 0 0 0 0 1
1685094156.216094971 0.2853977513092591 -2.2283955220192793 0 0 0 0 1
1685094156.249428511 0.2882161345927403 -2.2581395560089983 0 0 0 0 1
1685094156.282761812 0.2910557294512366 -2.2882280626946723 0 0 0 0 1
1685094156.316095114 0.29323618844941757 -2.3155204025148204 0 0 0 0 1
1685094156.349428415 0.29261965497853976 -2.34510729752188 0 0 0 0 1
1685094156.382761717 0.2919344440751773 -2.374965897478632 0 0 0 0 1
1685094156.416095018 0.29130714062900803 -2.4050323121346473 0 0 0 0 1
1685094156.449428320 0.29093937172040363 -2.4349753411535504 0 0 0 0 1
1685094156.482761860 0.2899924988132033 -2.4627626395146978 0 0 0 0 1
1685094156.516095161 0.284524881241727 -2.4913146906120014 0 0 0 0 1
1685094156.549428463 0.27897344284016207 -2.518457168219142 0 0 0 0 1
1685094156.582761765 0.2699869381042289 -2.5459014191624125 0 0 0 0 1
1685094156.616095066 0.2614830429363989 -2.573018100077756 0 0 0 0 1
1685094156.649428368 0.25331779218670647 -2.600263192950662 0 0 0 0 1
1685094156.682761669 0.24513453224832546 -2.62720312729984 0 0 0 0 1
1685094156.716094971 0.23727721123986953 -2.654017107391421 0 0 0 0 1
1685094156.749428511 0.22986387610694992 -2.6805969138874945 0 0 0 0 1
1685094156.782761812 0.22257846107072496 -2.707546750632917 0 0 0 0 1
1685094156.816095114 0.2152786124012507 -2.7343695453782866 0 0 0 0 1
1685094156.849428415 0.20914501205206917 -2.761052974294428 0 0 0 0 1
1685094156.882761717 0.2023560615954911 -2.7875739143875538 0 0 0 0 1
1685094156.916095018 0.19582148412165268 -2.814032830597891 0 0 0 0 1
1685094156.949428320 0.19036846208025515 -2.838521123497662 0 0 0 0 1
1685094156.982761860 0.18449483781924414 -2.8642742318673693 0 0 0 0 1
