1685094330.691796064 -1.7222350927751149e-19 -1.2628910456636944e-19 0 0 0 0 1
1685094330.725129366 0.0005593494422621157 -0.014610968040281865 0 0 0 0 1
1685094330.758462906 0.0008552047303274476 -0.03027824888015657 0 0 0 0 1
1685094330.791796207 0.0009015868908468636 -0.04756322517998452 0 0 0 0 1
1685094330.825129509 0.000973348829477416 -0.0648050139311965 0 0 0 0 1
1685094330.858462811 0.0007906080673032436 -0.08240846802213704 0 0 0 0 1
1685094330.891796112 0.0007062643871528535 -0.10025763290302021 0 0 0 0 1
1685094330.925129414 -0.001999063118970105 -0.1107501579482959 0 0 0 0 1
1685094330.958462715 -0.003664968756948947 -0.12907837975291844 0 0 0 0 1
1685094330.991796255 -0.013574674030357064 -0.14152615892633463 0 0 0 0 1
1685094331.025129557 -0.00700384143267929 -0.16428896453799846 0 0 0 0 1
1685094331.058462858 -0.001496329998249921 -0.183159129721052 0 0 0 0 1
1685094331.091796160 0.0044751389001841495 -0.20309812393643917 0 0 0 0 1
1685094331.125129461 0.01482609127652525 -0.22520691330160753 0 0 0 0 1
1685094331.158462763 0.02264102629687747 -0.24576091846578874 0 0 0 0 1
1685094331.191796064 0.03004494597949303 -0.2633687610518846 0 0 0 0 1
1685094331.225129366 0.029746602092229853 -0.2860458678450659 0 0 0 0 1
1685094331.258462906 0.0325698996959196 -0.30426117723559704 0 0 0 0 1
1685094331.291796207 0.033296141360485795 -0.32673739895107823 0 0 0 0 1
1685094331.325129509 0.03387761091878693 -0.3489905455884601 0 0 0 0 1
1685094331.358462811 0.033836528377055176 -0.3714357253845974 0 0 0 0 1
1685094331.391796112 0.043013700880312165 -0.3796945357679558 0 0 0 0 1
1685094331.425129414 0.02139823410437868 -0.38981644018620404 0 0 0 0 1
1685094331.458462715 -0.0008956594911722004 -0.4002752426542918 0 0 0 0 1
1685094331.491796255 -0.02240282513986594 -0.4115912488951888 0 0 0 0 1
1685094331.525129557 -0.046901974145573934 -0.41907942294673767 0 0 0 0 1
1685094331.558462858 -0.071680402969253 -0.4268061789191963 0 0 0 0 1
1685094331.591796160 -0.09720014941773308 -0.43474046318033227 0 0 0 0 1
1685094331.625129461 -0.11917786183418982 -0.44349677229713497 0 0 0 0 1
1685094331.658462763 -0.14443658049306896 -0.4537698584227353 0 0 0 0 1
1685094331.691796064 -0.1699634574067262 -0.46481839890436966 0 0 0 0 1
1685094331.725129366 -0.1957534345279225 -0.47635814475350624 0 0 0 0 1
1685094331.758462906 -0.22147500033318532 -0.48804958207746385 0 0 0 0 1
1685094331.791796207 -0.2471272626129831 -0.49989230533282036 0 0 0 0 1
1685094331.825129509 -0.27027811561768705 -0.526363158115746 0 0 0 0 1
1685094331.858462811 -0.24211308366683074 -0.5244471237725316 0 0 0 0 1
1685094331.891796112 -0.2139415720474006 -0.5226288428609431 0 0 0 0 1
1685094331.925129414 -0.1853588121908627 -0.5209677021285105 0 0 0 0 1
1685094331.958462715 -0.15677479475897857 -0.5193283434114486 0 0 0 0 1
1685094331.991796255 -0.14001739035761868 -0.5155936755811806 0 0 0 0 1
1685094332.025129557 -0.12368624293697891 -0.5102972645323208 0 0 0 0 1
1685094332.058462858 -0.10792655496933475 -0.5034862013821477 0 0 0 0 1
1685094332.091796160 -0.09287844800256342 -0.4952210442275764 0 0 0 0 1
1685094332.125129461 -0.0786757168202378 -0.4855752797148097 0 0 0 0 1
1685094332.158462763 -0.06720176110337137 -0.4792652019703031 0 0 0 0 1
1685094332.191796064 -0.055746702904048435 -0.472920883048271 0 0 0 0 1
1685094332.225129366 -0.042374840076935746 -0.46061997622426837 0 0 0 0 1
1685094332.258462906 -0.02966585119138618 -0.4476353458611471 0 0 0 0 1
1685094332.291796207 -0.017654649486859297 -0.43400266242122665 0 0 0 0 1
1685094332.325129509 -0.006374231291000039 -0.4197593766526113 0 0 0 0 1
1685094332.358462811 0.004144414625548906 -0.4049446167071319 0 0 0 0 1
1685094332.391796112 0.0252631737398417 -0.3827213763361182 0 0 0 0 1
1685094332.425129414 0.046297163993497634 -0.36041788662879914 0 0 0 0 1
1685094332.458462715 0.06724608044878058 -0.338034470927326 0 0 0 0 1
1685094332.491796255 0.08810961940130162 -0.3155714537325675 0 0 0 0 1
1685094332.525129557 0.10888747838442177 -0.2930291606994054 0 0 0 0 1
1685094332.558462858 0.12957935617363717 -0.27040791863201324 0 0 0 0 1
1685094332.591796160 0.15018495279094596 -0.2477080554791189 0 0 0 0 1
1685094332.625129461 0.13886429867980732 -0.2614670792048521 0 0 0 0 1
1685094332.658462763 0.12695732126614287 -0.2482121996407137 0 0 0 0 1
1685094332.691796064 0.14184701096241886 -0.23842623601223326 0 0 0 0 1
1685094332.725129366 0.14929090504843068 -0.25461439168931915 0 0 0 0 1
1685094332.758462906 0.17966980461638085 -0.24768816292099427 0 0 0 0 1
1685094332.791796207 0.21004959412810045 -0.24076583866288648 0 0 0 0 1
1685094332.825129509 0.24043027308175424 -0.23384741902934364 0 0 0 0 1
1685094332.858462811 0.27081184097549243 -0.2269329041346493 0 0 0 0 1
1685094332.891796112 0.28939788127888966 -0.21919466181669006 0 0 0 0 1
1685094332.925129414 0.301139266461524 -0.20284042192839277 0 0 0 0 1
1685094332.958462715 0.30252840303401396 -0.18275581120490778 0 0 0 0 1
1685094332.991796255 0.29315030363995004 -0.16494085849416457 0 0 0 0 1
1685094333.025129557 0.2758065593919416 -0.15471756040643223 0 0 0 0 1
1685094333.058462858 0.2556783992045964 -0.15514000070225145 0 0 0 0 1
1685094333.091796160 0.22836008684681838 -0.1667872791210507 0 0 0 0 1
1685094333.125129461 0.20097517418344765 -0.17827709387420118 0 0 0 0 1
1685094333.158462763 0.17724067920894193 -0.1843333439842945 0 0 0 0 1
1685094333.191796064 0.14783667811619441 -0.18725772864247694 0 0 0 0 1
1685094333.225129366 0.11832918911261399 -0.1902350140071455 0 0 0 0 1
1685094333.258462906 0.08865730581741875 -0.1929773228468777 0 0 0 0 1
1685094333.291796207 0.05950476385108407 -0.19592429139158776 0 0 0 0 1
1685094333.325129509 0.030775389518994768 -0.19872375282705268 0 0 0 0 1
1685094333.358462811 0.00204492563721389 -0.2015120101644683 0 0 0 0 1
1685094333.391796112 -0.024917325922879537 -0.2047000253828787 0 0 0 0 1
1685094333.425129414 -0.04669419775146975 -0.21278811042105814 0 0 0 0 1
1685094333.458462715 -0.06658390857213561 -0.2247901381536521 0 0 0 0 1
1685094333.491796255 -0.0838905912545858 -0.24028620219432537 0 0 0 0 1
