1685093615.319907188 7.076490204087569e-22 -5.807454700762024e-20 0 0 0 0 1
1685093615.353240490 -0.00022172465273230502 -0.00205344848593414 0 0 0 0 1
1685093615.386573792 -0.0004476174298016914 -0.005081906475626198 0 0 0 0 1
1685093615.419907093 -0.0009528038136347607 -0.008766398374207717 0 0 0 0 1
1685093615.453240633 -0.0013238348537882292 -0.013169284440112798 0 0 0 0 1
1685093615.486573935 -0.0015484967699898437 -0.018346182299561774 0 0 0 0 1
1685093615.519907236 -0.0016799183792921089 -0.024560460334233834 0 0 0 0 1
1685093615.553240538 -0.0015742167214312223 -0.031848459078103776 0 0 0 0 1
1685093615.586573839 -0.0014748459818633727 -0.04009088777360718 0 0 0 0 1
1685093615.619907141 -0.001372801472857303 -0.04902655077763464 0 0 0 0 1
1685093615.653240442 -0.001253887241778286 -0.0584723643994216 0 0 0 0 1
1685093615.686573744 -0.001255576268805712 -0.06831060451217061 0 0 0 0 1
1685093615.719907284 -0.00120708257374271 -0.07873201649442108 0 0 0 0 1
1685093615.753240585 -0.0009264084856251577 -0.08963346414382223 0 0 0 0 1
1685093615.786573887 -0.00017446149869387336 -0.10106745399960193 0 0 0 0 1
1685093615.819907188 0.0008677086076055037 -0.11128124332089799 0 0 0 0 1
1685093615.853240490 0.0020601493800763786 -0.12369032385096324 0 0 0 0 1
1685093615.886573792 0.003161870130966391 -0.13679156105054177 0 0 0 0 1
1685093615.919907093 0.0038124473195326977 -0.15073767773352245 0 0 0 0 1
1685093615.953240633 0.004233501757544416 -0.16558848083871144 0 0 0 0 1
1685093615.986573935 0.004463906828816264 -0.18041841640682485 0 0 0 0 1
1685093616.019907236 0.004369583836052983 -0.1953752871297521 0 0 0 0 1
1685093616.053240538 0.004208884316714539 -0.21239287758427133 0 0 0 0 1
1685093616.086573839 0.0039681285003133155 -0.2294791829979754 0 0 0 0 1
1685093616.119907141 0.0037279720191647314 -0.24647374001743558 0 0 0 0 1
1685093616.153240442 0.00362551448296613 -0.2629179122797132 0 0 0 0 1
1685093616.186573744 0.0035496334680531504 -0.27875932275789195 0 0 0 0 1
1685093616.219907284 0.0035152397329157687 -0.2943628540399946 0 0 0 0 1
1685093616.253240585 0.0033723160560835577 -0.30980809953941446 0 0 0 0 1
1685093616.286573887 0.003087817247152206 -0.32516947212832886 0 0 0 0 1
1685093616.319907188 0.002643653377169371 -0.3405675676563254 0 0 0 0 1
1685093616.353240490 0.002186860591455553 -0.3559688052004277 0 0 0 0 1
1685093616.386573792 0.0018090018242087167 -0.3715928812580973 0 0 0 0 1
1685093616.419907093 0.00123104476677675 -0.38686356025605195 0 0 0 0 1
1685093616.453240633 0.0002207385449329165 -0.40163953507274613 0 0 0 0 1
1685093616.486573935 -0.0006339119811990788 -0.4159266490210902 0 0 0 0 1
1685093616.519907236 -0.0014682834927122951 -0.4304363819382936 0 0 0 0 1
