1685094336.555824995 -1.2032217671075506e-18 1.8007988287237205e-17 0 0 0 0 1
1685094336.589158297 0.00037496029696945416 -0.012861177759636543 0 0 0 0 1
1685094336.622491598 0.0008114585545059728 -0.026375909309778532 0 0 0 0 1
1685094336.655824900 0.001327953276882285 -0.040392287294063925 0 0 0 0 1
1685094336.689158201 0.0018151175555094158 -0.055209099531142634 0 0 0 0 1
1685094336.722491503 0.0023889941795343286 -0.07059733435187958 0 0 0 0 1
1685094336.755824804 0.003166183425234173 -0.08513316950128712 0 0 0 0 1
1685094336.789158106 0.004576922517655667 -0.101646830036359 0 0 0 0 1
1685094336.822491646 0.006082762303878158 -0.11893267152168165 0 0 0 0 1
1685094336.855824947 0.007788086770052321 -0.1366405606956622 0 0 0 0 1
1685094336.889158249 0.009495534803152994 -0.15470758086959857 0 0 0 0 1
1685094336.922491550 0.011371573850667546 -0.1732652905654923 0 0 0 0 1
1685094336.955824852 0.01332904981960919 -0.1928686658601369 0 0 0 0 1
1685094336.989158154 0.015326804414738196 -0.21246797737073095 0 0 0 0 1
1685094337.022491455 0.01733437518835232 -0.23355714319684792 0 0 0 0 1
1685094337.055824995 0.019248166746706336 -0.255160224383442 0 0 0 0 1
1685094337.089158297 0.020949157179802676 -0.27774106028804296 0 0 0 0 1
1685094337.122491598 0.022781525098838053 -0.3009552545276775 0 0 0 0 1
1685094337.155824900 0.02461814984228522 -0.3243066149270873 0 0 0 0 1
1685094337.189158201 0.0259103590997171 -0.34794792588716117 0 0 0 0 1
1685094337.222491503 0.02598240140074576 -0.3223781079787207 0 0 0 0 1
1685094337.255824804 0.04505431676689499 -0.3086672875402825 0 0 0 0 1
1685094337.289158106 0.06446037299402484 -0.29483857125779916 0 0 0 0 1
1685094337.322491646 0.08417445099881847 -0.28095070157428653 0 0 0 0 1
1685094337.355824947 0.1043494046640211 -0.2664490999163696 0 0 0 0 1
1685094337.389158249 0.12459493706797677 -0.2518744409904748 0 0 0 0 1
1685094337.422491550 0.14481900090092256 -0.23727000648561608 0 0 0 0 1
1685094337.455824852 0.1656212371103984 -0.222164084529546 0 0 0 0 1
1685094337.489158154 0.18676969178343122 -0.20661133079484612 0 0 0 0 1
1685094337.522491455 0.20790504985424177 -0.1907866748031374 0 0 0 0 1
1685094337.555824995 0.2288514898947455 -0.17503417862011128 0 0 0 0 1
1685094337.589158297 0.24977101372880525 -0.15924595487825646 0 0 0 0 1
1685094337.622491598 0.2711557026717708 -0.14303009976572423 0 0 0 0 1
1685094337.655824900 0.2863635129710386 -0.1262511146916263 0 0 0 0 1
1685094337.689158201 0.31055174449438494 -0.11530515298206447 0 0 0 0 1
1685094337.722491503 0.3346753429743292 -0.10421747430920324 0 0 0 0 1
1685094337.755824804 0.3592198458291811 -0.09239657172133396 0 0 0 0 1
1685094337.789158106 0.3729678073498336 -0.08498320509320355 0 0 0 0 1
1685094337.822491646 0.3871809004726609 -0.07850613518326292 0 0 0 0 1
1685094337.855824947 0.4017954483142537 -0.07299438027922224 0 0 0 0 1
1685094337.889158249 0.41674597541118186 -0.06847263390636646 0 0 0 0 1
1685094337.922491550 0.44522783872100624 -0.06368213378637057 0 0 0 0 1
1685094337.955824852 0.4735592883893653 -0.05886454221864855 0 0 0 0 1
1685094337.989158154 0.49518800830173126 -0.057261953049273416 0 0 0 0 1
1685094338.022491455 0.494167110833054 -0.049632544878137556 0 0 0 0 1
1685094338.055824995 0.5147110195229064 -0.029271229848425902 0 0 0 0 1
1685094338.089158297 0.5354018086404866 -0.009059189385177665 0 0 0 0 1
1685094338.122491598 0.5562383935664172 0.01100251698842467 0 0 0 0 1
1685094338.155824900 0.5772196820386473 0.030912837629771085 0 0 0 0 1
1685094338.189158201 0.5983445742097081 0.050670728831951804 0 0 0 0 1
1685094338.222491503 0.6196119627043684 0.07027515487846869 0 0 0 0 1
1685094338.255824804 0.6410207326776828 0.08972508809752804 0 0 0 0 1
1685094338.289158106 0.6625697618734329 0.10901950891591142 0 0 0 0 1
1685094338.322491646 0.6842579206829561 0.1281574059124222 0 0 0 0 1
1685094338.355824947 0.7057167787179371 0.14727526283184764 0 0 0 0 1
1685094338.389158249 0.7050648516386904 0.16013312057729598 0 0 0 0 1
1685094338.422491550 0.7171609209972458 0.16454159205750982 0 0 0 0 1
1685094338.455824852 0.7249351723495777 0.15427950013482616 0 0 0 0 1
1685094338.489158154 0.7174166841432512 0.14382857434759702 0 0 0 0 1
1685094338.522491455 0.708005071107273 0.1192496083109774 0 0 0 0 1
1685094338.555824995 0.6851099280977778 0.13223099721752593 0 0 0 0 1
1685094338.589158297 0.701369148070771 0.15292741713107894 0 0 0 0 1
1685094338.622491598 0.6722399451255926 0.1553627468458636 0 0 0 0 1
1685094338.655824900 0.6429903189702546 0.157719326442846 0 0 0 0 1
1685094338.689158201 0.6137210990205302 0.15981857896662713 0 0 0 0 1
1685094338.722491503 0.5844345490979956 0.1616603420509681 0 0 0 0 1
1685094338.755824804 0.5551329343646104 0.1632444732450959 0 0 0 0 1
1685094338.789158106 0.5259419440058066 0.16555837134610865 0 0 0 0 1
1685094338.822491646 0.49685462189928975 0.16893412833105015 0 0 0 0 1
1685094338.855824947 0.4684554890772146 0.17272549306038654 0 0 0 0 1
1685094338.889158249 0.4400630950656384 0.17656699717311766 0 0 0 0 1
1685094338.922491550 0.41167752838683347 0.18045862869213888 0 0 0 0 1
1685094338.955824852 0.38329887754178593 0.18440037548405752 0 0 0 0 1
1685094338.989158154 0.35492723100991946 0.18839222525923066 0 0 0 0 1
1685094339.022491455 0.3685809349668766 0.2026493232795289 0 0 0 0 1
1685094339.055824995 0.3985105771586236 0.1958986894343711 0 0 0 0 1
1685094339.089158297 0.3723442700769639 0.1831116577538353 0 0 0 0 1
1685094339.122491598 0.34619482112572464 0.17029018650294991 0 0 0 0 1
1685094339.155824900 0.3208843875198047 0.1537731121650311 0 0 0 0 1
1685094339.189158201 0.2937345113995888 0.14049470786854484 0 0 0 0 1
1685094339.222491503 0.265884185107909 0.13466523696141647 0 0 0 0 1
1685094339.255824804 0.23804550738913247 0.12934152314948735 0 0 0 0 1
1685094339.289158106 0.2105756630589546 0.12384543058594005 0 0 0 0 1
1685094339.322491646 0.18321136097809068 0.11854207309698277 0 0 0 0 1
1685094339.355824947 0.1557927153218721 0.11352724514308667 0 0 0 0 1
1685094339.389158249 0.12882983166917844 0.10876558166248705 0 0 0 0 1
1685094339.422491550 0.10450222448371459 0.11236497543715336 0 0 0 0 1
1685094339.455824852 0.081159613175491 0.10462478136797572 0 0 0 0 1
1685094339.489158154 0.06933669879801785 0.08132668941888709 0 0 0 0 1
