1685094298.321157217 2.9213302222431144e-19 2.7252349240295307e-18 0 0 0 0 1
1685094298.354490519 -0.0001053169899369436 -0.017043725793895587 0 0 0 0 1
1685094298.387823820 -0.0003005453464479144 -0.03445566724246505 0 0 0 0 1
1685094298.421157360 -0.0008530463158141612 -0.04819964140694997 0 0 0 0 1
1685094298.454490662 -0.0022515865833807945 -0.06544650891061425 0 0 0 0 1
1685094298.487823963 -0.004044408763734117 -0.08338306917743844 0 0 0 0 1
1685094298.521157265 -0.0058414056866957845 -0.10222515139168521 0 0 0 0 1
1685094298.554490566 -0.007168388108620043 -0.1209587520945107 0 0 0 0 1
1685094298.587823868 -0.008489521655986898 -0.1411255369951233 0 0 0 0 1
1685094298.621157169 -0.008814448088727058 -0.16467817454250272 0 0 0 0 1
1685094298.654490471 -0.00620770902421653 -0.18538606117155576 0 0 0 0 1
1685094298.687824011 -0.0034705920600869855 -0.20629958310138535 0 0 0 0 1
1685094298.721157312 -0.0011890802054822847 -0.22686985586172959 0 0 0 0 1
1685094298.754490614 0.0002958209086731771 -0.2487770882650954 0 0 0 0 1
1685094298.787823915 -0.001468691415750824 -0.26694778744197717 0 0 0 0 1
1685094298.821157217 -0.007887744346305646 -0.2840382400923462 0 0 0 0 1
1685094298.854490519 -0.01930375047358591 -0.30465915208019795 0 0 0 0 1
1685094298.887823820 -0.03000900754648177 -0.32225111536457574 0 0 0 0 1
1685094298.921157360 -0.04421874458825298 -0.34253851694879156 0 0 0 0 1
1685094298.954490662 -0.04689564759104548 -0.3523103529862313 0 0 0 0 1
1685094298.987823963 -0.058985462662673876 -0.3652799025729256 0 0 0 0 1
1685094299.021157265 -0.07648570097914971 -0.38399270952840436 0 0 0 0 1
1685094299.054490566 -0.09977838906326068 -0.38145352411667455 0 0 0 0 1
1685094299.087823868 -0.07774865840021057 -0.3734730637507372 0 0 0 0 1
1685094299.121157169 -0.07304081552795512 -0.40010639440791956 0 0 0 0 1
1685094299.154490471 -0.0652708792451349 -0.3956456760757996 0 0 0 0 1
1685094299.187824011 -0.055094212497308524 -0.3851189174089772 0 0 0 0 1
1685094299.221157312 -0.02781781287786753 -0.3897402992112723 0 0 0 0 1
1685094299.254490614 -0.0005392580283893286 -0.3943489423180916 0 0 0 0 1
1685094299.287823915 0.026741446101867534 -0.39894484572432304 0 0 0 0 1
1685094299.321157217 0.01907888729248415 -0.39916279904404417 0 0 0 0 1
1685094299.354490519 0.011413277640045577 -0.3991355995352658 0 0 0 0 1
1685094299.387823820 0.040080468529026296 -0.4061759427173504 0 0 0 0 1
1685094299.421157360 0.06910789827623928 -0.413207194514354 0 0 0 0 1
1685094299.454490662 0.09812827659339823 -0.42031038090779277 0 0 0 0 1
1685094299.487823963 0.12771836689056307 -0.4257859471585028 0 0 0 0 1
1685094299.521157265 0.15743166933470662 -0.43054776691812546 0 0 0 0 1
1685094299.554490566 0.18725097011988628 -0.43459308152186965 0 0 0 0 1
1685094299.587823868 0.21715899403214586 -0.4379195473978388 0 0 0 0 1
1685094299.621157169 0.24644421159334198 -0.44127689497187794 0 0 0 0 1
1685094299.654490471 0.2753782236353064 -0.44449949835966523 0 0 0 0 1
1685094299.687824011 0.3043105063361077 -0.44773759087848375 0 0 0 0 1
1685094299.721157312 0.3336410490905379 -0.45116803999895233 0 0 0 0 1
1685094299.754490614 0.33059337855379733 -0.48038458809158885 0 0 0 0 1
1685094299.787823915 0.32712256583008004 -0.5096813242719549 0 0 0 0 1
1685094299.821157217 0.32375637032323534 -0.5389064441148448 0 0 0 0 1
1685094299.854490519 0.3194577703789785 -0.568583746483874 0 0 0 0 1
1685094299.887823820 0.3148372347821003 -0.5987916792180312 0 0 0 0 1
1685094299.921157360 0.3098393801167739 -0.6289394817584762 0 0 0 0 1
1685094299.954490662 0.30536738648275275 -0.6588446712890889 0 0 0 0 1
1685094299.987823963 0.31496797675753024 -0.6889055350324053 0 0 0 0 1
1685094300.021157265 0.3406085327114291 -0.7073008809925488 0 0 0 0 1
1685094300.054490566 0.3721606950388497 -0.7067643038010036 0 0 0 0 1
1685094300.087823868 0.39716094159560367 -0.6875077585573756 0 0 0 0 1
1685094300.121157169 0.4057338437712252 -0.6571378357569203 0 0 0 0 1
1685094300.154490471 0.39449299162660967 -0.6276510572675484 0 0 0 0 1
1685094300.187824011 0.37568995996162713 -0.6022402913029168 0 0 0 0 1
1685094300.221157312 0.3565302471904433 -0.5770973711616652 0 0 0 0 1
1685094300.254490614 0.34969499163306156 -0.5747143437382392 0 0 0 0 1
1685094300.287823915 0.34264374031465594 -0.5794774529203408 0 0 0 0 1
1685094300.321157217 0.3375493818145905 -0.5726616722820904 0 0 0 0 1
1685094300.354490519 0.34411414390613476 -0.56724768549624 0 0 0 0 1
1685094300.387823820 0.3498354088232502 -0.5735464537872731 0 0 0 0 1
1685094300.421157360 0.34381700281288086 -0.579561945731436 0 0 0 0 1
1685094300.454490662 0.3375210061239664 -0.5738376309314694 0 0 0 0 1
1685094300.487823963 0.36460927127579107 -0.55402814893783 0 0 0 0 1
1685094300.521157265 0.37118773761396784 -0.5302646008458123 0 0 0 0 1
1685094300.554490566 0.34677009841797884 -0.5268351208008685 0 0 0 0 1
1685094300.587823868 0.3277526445557629 -0.5517934099855417 0 0 0 0 1
1685094300.621157169 0.31452659937699595 -0.5659475283092168 0 0 0 0 1
1685094300.654490471 0.3006304583722971 -0.5794443650411664 0 0 0 0 1
1685094300.687824011 0.2860968467109572 -0.5922522324931954 0 0 0 0 1
1685094300.721157312 0.27095988620713324 -0.6043410605297361 0 0 0 0 1
1685094300.754490614 0.2618998713460853 -0.6281439156058021 0 0 0 0 1
1685094300.787823915 0.23990917075722834 -0.6313415026702224 0 0 0 0 1
1685094300.821157217 0.22288000483193735 -0.6170648439815724 0 0 0 0 1
1685094300.854490519 0.22344421804470907 -0.6208130048253304 0 0 0 0 1
1685094300.887823820 0.20010987126757787 -0.6254915248801693 0 0 0 0 1
1685094300.921157360 0.17705248079426422 -0.6313853380753844 0 0 0 0 1
1685094300.954490662 0.15433529553330255 -0.6384782770458035 0 0 0 0 1
1685094300.987823963 0.13202063117364246 -0.6467508850949415 0 0 0 0 1
1685094301.021157265 0.1101696992459943 -0.656180469566817 0 0 0 0 1
1685094301.054490566 0.08884243921299938 -0.6667411640943546 0 0 0 0 1
1685094301.087823868 0.0680973540488201 -0.6784039995536199 0 0 0 0 1
1685094301.121157169 0.04799134975917311 -0.6911369835292496 0 0 0 0 1
1685094301.154490471 0.025311560963589674 -0.6829196606231903 0 0 0 0 1
1685094301.187824011 0.02403877323775883 -0.6588307165417305 0 0 0 0 1
1685094301.221157312 0.04846348232539902 -0.6202459742275095 0 0 0 0 1
1685094301.254490614 0.07601326985683048 -0.5838267765366806 0 0 0 0 1
1685094301.287823915 0.10649715989588006 -0.5498255824170938 0 0 0 0 1
1685094301.321157217 0.1170058861277818 -0.5595637919241363 0 0 0 0 1
1685094301.354490519 0.12787963312648826 -0.5385543275872294 0 0 0 0 1
1685094301.387823820 0.1069998821654563 -0.5496751173667785 0 0 0 0 1
1685094301.421157360 0.13678287867730826 -0.566077558308328 0 0 0 0 1
1685094301.454490662 0.13134616815770317 -0.5661068882745969 0 0 0 0 1
1685094301.487823963 0.15627162820541504 -0.5473470255746865 0 0 0 0 1
1685094301.521157265 0.1810008140500372 -0.528329181991049 0 0 0 0 1
1685094301.554490566 0.20553105567866195 -0.5090554108823413 0 0 0 0 1
1685094301.587823868 0.22985970455841045 -0.4895277932397439 0 0 0 0 1
1685094301.621157169 0.2385887981786112 -0.4850950124754463 0 0 0 0 1
1685094301.654490471 0.24825961607860322 -0.4866187912913347 0 0 0 0 1
1685094301.687824011 0.25520272316136927 -0.49352095651478467 0 0 0 0 1
1685094301.721157312 0.2567836699857846 -0.5031825934295588 0 0 0 0 1
1685094301.754490614 0.2524025919050306 -0.5119377505146655 0 0 0 0 1
1685094301.787823915 0.24372181798357082 -0.516464425327269 0 0 0 0 1
1685094301.821157217 0.2089688447836355 -0.518512716060594 0 0 0 0 1
1685094301.854490519 0.17424910260233611 -0.5210630383986026 0 0 0 0 1
1685094301.887823820 0.13956984326565222 -0.5241148596618265 0 0 0 0 1
1685094301.921157360 0.10493831014401254 -0.5276675424239681 0 0 0 0 1
1685094301.954490662 0.07036173663939035 -0.5317203446450371 0 0 0 0 1
1685094301.987823963 0.056944261829056236 -0.5356594870675436 0 0 0 0 1
1685094302.021157265 0.0450008420805567 -0.5429327392989661 0 0 0 0 1
1685094302.054490566 0.030833089791000183 -0.5566934123333195 0 0 0 0 1
1685094302.087823868 0.04568267245088338 -0.5263323864097947 0 0 0 0 1
1685094302.121157169 0.06055457821145563 -0.49598228889182444 0 0 0 0 1
1685094302.154490471 0.07539242081367166 -0.4659611824546188 0 0 0 0 1
1685094302.187824011 0.06530175906577991 -0.4672596631355319 0 0 0 0 1
1685094302.221157312 0.03408758212834786 -0.4795005377009605 0 0 0 0 1
1685094302.254490614 0.0029243167754102457 -0.4918704505765741 0 0 0 0 1
1685094302.287823915 -0.030855356444032117 -0.5007930625380791 0 0 0 0 1
1685094302.321157217 -0.06579350963395211 -0.5007239343558268 0 0 0 0 1
1685094302.354490519 -0.09852503375658234 -0.4954387621537368 0 0 0 0 1
1685094302.387823820 -0.1308485582364712 -0.49035615123803694 0 0 0 0 1
1685094302.421157360 -0.16335120700405636 -0.4865850782324649 0 0 0 0 1
1685094302.454490662 -0.1959797861457211 -0.4841317148842261 0 0 0 0 1
1685094302.487823963 -0.22856955314671984 -0.48276323970029666 0 0 0 0 1
1685094302.521157265 -0.2614387889417002 -0.48132599133472026 0 0 0 0 1
1685094302.554490566 -0.2943956342097636 -0.4794091329315981 0 0 0 0 1
1685094302.587823868 -0.3273556142991898 -0.4775469544585948 0 0 0 0 1
1685094302.621157169 -0.36031863848853185 -0.47573946104130593 0 0 0 0 1
1685094302.654490471 -0.39345861664481335 -0.4739696917780689 0 0 0 0 1
1685094302.687824011 -0.4265723330785964 -0.47176242664063717 0 0 0 0 1
1685094302.721157312 -0.4147799991754434 -0.4646356124701158 0 0 0 0 1
1685094302.754490614 -0.4284796953021594 -0.46316287857010624 0 0 0 0 1
1685094302.787823915 -0.42155000908330303 -0.48992895232579253 0 0 0 0 1
1685094302.821157217 -0.4436320668887078 -0.5082974973951283 0 0 0 0 1
1685094302.854490519 -0.42397857293454083 -0.48735087713602726 0 0 0 0 1
1685094302.887823820 -0.4281614601020183 -0.4955563273281274 0 0 0 0 1
1685094302.921157360 -0.43053490492290747 -0.5044553563534242 0 0 0 0 1
1685094302.954490662 -0.4309938381274582 -0.5136540159418992 0 0 0 0 1
1685094302.987823963 -0.4267607748782909 -0.5264159049579514 0 0 0 0 1
1685094303.021157265 -0.44069607749178447 -0.5377914166431106 0 0 0 0 1
1685094303.054490566 -0.43383006270490354 -0.5211645478466366 0 0 0 0 1
1685094303.087823868 -0.40890095760530587 -0.49812828752583693 0 0 0 0 1
1685094303.121157169 -0.38301803212362523 -0.475991843706279 0 0 0 0 1
1685094303.154490471 -0.35637775894207724 -0.4547728941262652 0 0 0 0 1
1685094303.187824011 -0.3290126445839441 -0.43449733019741305 0 0 0 0 1
1685094303.221157312 -0.30095608002539714 -0.41518989220997493 0 0 0 0 1
1685094303.254490614 -0.2722422999517503 -0.39687413914467845 0 0 0 0 1
1685094303.287823915 -0.28622559255655006 -0.3881193730004197 0 0 0 0 1
1685094303.321157217 -0.284218585731076 -0.40449466920887367 0 0 0 0 1
1685094303.354490519 -0.2727634442022529 -0.39262209009282906 0 0 0 0 1
1685094303.387823820 -0.28920006233446394 -0.391202235632689 0 0 0 0 1
1685094303.421157360 -0.2799506136800669 -0.4048633520549211 0 0 0 0 1
1685094303.454490662 -0.2612237983963406 -0.42156166571512216 0 0 0 0 1
1685094303.487823963 -0.2401118503115557 -0.44454257345412407 0 0 0 0 1
1685094303.521157265 -0.21917723206577336 -0.467574038468797 0 0 0 0 1
1685094303.554490566 -0.19840271329197057 -0.4912457933978538 0 0 0 0 1
1685094303.587823868 -0.1749145875018225 -0.5133769080295022 0 0 0 0 1
1685094303.621157169 -0.14831933343356454 -0.531657245800391 0 0 0 0 1
1685094303.654490471 -0.12030624125384731 -0.5483204114089293 0 0 0 0 1
1685094303.687824011 -0.09211549628734064 -0.5646812280083623 0 0 0 0 1
1685094303.721157312 -0.08535630880321725 -0.5692155565814385 0 0 0 0 1
1685094303.754490614 -0.060597738187390636 -0.5866394900425476 0 0 0 0 1
1685094303.787823915 -0.03562501159639656 -0.6036497467628069 0 0 0 0 1
1685094303.821157217 -0.010169886643714947 -0.6211810796724402 0 0 0 0 1
1685094303.854490519 0.014724998587417586 -0.6379936108199613 0 0 0 0 1
1685094303.887823820 0.03966353849592353 -0.6547413193644005 0 0 0 0 1
1685094303.921157360 0.06464556429373683 -0.6714240919545612 0 0 0 0 1
1685094303.954490662 0.08974883089039369 -0.688635228455463 0 0 0 0 1
1685094303.987823963 0.11295133365379119 -0.6904043577572013 0 0 0 0 1
1685094304.021157265 0.11588335681046881 -0.6706046159881395 0 0 0 0 1
1685094304.054490566 0.13663918762166047 -0.6489883374717186 0 0 0 0 1
1685094304.087823868 0.1579421797200436 -0.6277564146630159 0 0 0 0 1
1685094304.121157169 0.17837510268091253 -0.6301310985453072 0 0 0 0 1
1685094304.154490471 0.19673307829478295 -0.620850570778733 0 0 0 0 1
1685094304.187824011 0.18624613357826428 -0.5925021883732243 0 0 0 0 1
1685094304.221157312 0.18117312029755459 -0.5984864587173044 0 0 0 0 1
1685094304.254490614 0.1734990404760363 -0.5968569022775765 0 0 0 0 1
1685094304.287823915 0.17129559324638574 -0.5893275081715784 0 0 0 0 1
1685094304.321157217 0.17992821579766458 -0.6191110327899306 0 0 0 0 1
1685094304.354490519 0.18783047338566364 -0.6485222800734279 0 0 0 0 1
1685094304.387823820 0.19564978496679772 -0.6779556881016406 0 0 0 0 1
1685094304.421157360 0.2033860883962993 -0.7074110229495896 0 0 0 0 1
1685094304.454490662 0.21103932218911658 -0.73688805051803 0 0 0 0 1
1685094304.487823963 0.21860942552040202 -0.7663865365353119 0 0 0 0 1
1685094304.521157265 0.2255913784744646 -0.7948945043848392 0 0 0 0 1
1685094304.554490566 0.2326997290833036 -0.8234665924358728 0 0 0 0 1
1685094304.587823868 0.25723937132980174 -0.7998030740802088 0 0 0 0 1
1685094304.621157169 0.26249037105796813 -0.7716138634146142 0 0 0 0 1
1685094304.654490471 0.2607896110036449 -0.738604895548528 0 0 0 0 1
1685094304.687824011 0.24407093803025162 -0.7604230140081217 0 0 0 0 1
