1685093673.687089920 4.9484805675206766e-20 -8.075838281830175e-19 0 0 0 0 1
1685093673.720423222 -0.00010326513160565194 -0.009233345913214891 0 0 0 0 1
1685093673.753756523 -0.00025063150629482043 -0.0188568543537154 0 0 0 0 1
1685093673.787089825 -0.0004944101607282057 -0.02896261081377928 0 0 0 0 1
1685093673.820423126 -0.0006538682318155062 -0.03971174670986767 0 0 0 0 1
1685093673.853756428 -0.0007752961761193331 -0.05075081746145338 0 0 0 0 1
1685093673.887089968 -0.000677516536513274 -0.06210804287489332 0 0 0 0 1
1685093673.920423269 0.001998324476677022 -0.06814600353971967 0 0 0 0 1
1685093673.953756571 0.005341926780172277 -0.07384138919425819 0 0 0 0 1
1685093673.987089872 0.009310111735831482 -0.07912065072173924 0 0 0 0 1
1685093674.020423174 0.013851634965069944 -0.08391561275246998 0 0 0 0 1
1685093674.053756475 0.01730424989885524 -0.09448982728944208 0 0 0 0 1
1685093674.087089777 0.023845791540064446 -0.10630947340315008 0 0 0 0 1
1685093674.120423317 0.037332703160496764 -0.11717013595574448 0 0 0 0 1
1685093674.153756618 0.052978466993848644 -0.11710701250248683 0 0 0 0 1
1685093674.187089920 0.05273295320961737 -0.11291743635115738 0 0 0 0 1
1685093674.220423222 0.05249395162391126 -0.10872748365595115 0 0 0 0 1
1685093674.253756523 0.05016775082559393 -0.1241462627469316 0 0 0 0 1
1685093674.287089825 0.047844240843243804 -0.1398987294309003 0 0 0 0 1
1685093674.320423126 0.04548842194851437 -0.15588209181956753 0 0 0 0 1
1685093674.353756428 0.043171796157949985 -0.1720977786600382 0 0 0 0 1
1685093674.387089968 0.04096171183624035 -0.18864719267459937 0 0 0 0 1
1685093674.420423269 0.03875188739996129 -0.2059166032662551 0 0 0 0 1
1685093674.453756571 0.03637969288254745 -0.22323126300702337 0 0 0 0 1
1685093674.487089872 0.03517316252038612 -0.24311028057359116 0 0 0 0 1
1685093674.520423174 0.035249678371756056 -0.2606605680427858 0 0 0 0 1
1685093674.553756475 0.035290618584859844 -0.27844254886706993 0 0 0 0 1
1685093674.587089777 0.03574246525034605 -0.29670359548696773 0 0 0 0 1
1685093674.620423317 0.03627952793199461 -0.315336674598094 0 0 0 0 1
1685093674.653756618 0.03668617738174236 -0.33411499451940885 0 0 0 0 1
1685093674.687089920 0.03714467051297703 -0.3528786688860854 0 0 0 0 1
1685093674.720423222 0.03786408106164267 -0.3719407585177245 0 0 0 0 1
1685093674.753756523 0.03862250655800009 -0.3911484952611182 0 0 0 0 1
1685093674.787089825 0.038979701554786625 -0.41051578389191534 0 0 0 0 1
1685093674.820423126 0.03865236741828981 -0.43947854883176013 0 0 0 0 1
1685093674.853756428 0.03865716062981365 -0.4593975838304826 0 0 0 0 1
1685093674.887089968 0.03866657421301443 -0.47962640779603016 0 0 0 0 1
1685093674.920423269 0.04005029958078506 -0.499465775635649 0 0 0 0 1
1685093674.953756571 0.04047096399761533 -0.5148803421437825 0 0 0 0 1
1685093674.987089872 0.03448811394655936 -0.535101087347538 0 0 0 0 1
1685093675.020423174 0.028840698271996753 -0.5553788079501366 0 0 0 0 1
1685093675.053756475 0.023311779372255245 -0.5754781710037671 0 0 0 0 1
1685093675.087089777 0.017840337884073975 -0.5958670670901614 0 0 0 0 1
1685093675.120423317 0.012176471845064697 -0.616456054488839 0 0 0 0 1
1685093675.153756618 0.006390272827636221 -0.6373229667653045 0 0 0 0 1
1685093675.187089920 0.0009166442671965263 -0.6584622479384001 0 0 0 0 1
1685093675.220423222 -0.005323192990210529 -0.6795914411552278 0 0 0 0 1
1685093675.253756523 -0.011575507527213017 -0.7007169455970953 0 0 0 0 1
1685093675.287089825 -0.01784029716313767 -0.7218387538958793 0 0 0 0 1
1685093675.320423126 -0.020479985078098662 -0.7370463263139108 0 0 0 0 1
1685093675.353756428 -0.013128285689184983 -0.7576968977096644 0 0 0 0 1
1685093675.387089968 0.006991847670329749 -0.7489978278472357 0 0 0 0 1
1685093675.420423269 -0.0030166317766830365 -0.7294959325025571 0 0 0 0 1
1685093675.453756571 -0.021815186987008024 -0.7407701466605566 0 0 0 0 1
1685093675.487089872 -0.009324436388435017 -0.7587833288436225 0 0 0 0 1
1685093675.520423174 -0.004336059194920205 -0.7616603236806903 0 0 0 0 1
1685093675.553756475 -0.018688925314773126 -0.7682642763833626 0 0 0 0 1
1685093675.587089777 -0.03008482572343277 -0.7792073294778817 0 0 0 0 1
1685093675.620423317 -0.04986671498182612 -0.7757001727596246 0 0 0 0 1
1685093675.653756618 -0.06369910345216556 -0.7902702901264606 0 0 0 0 1
1685093675.687089920 -0.044969854977438155 -0.803330393157875 0 0 0 0 1
1685093675.720423222 -0.026091031082280676 -0.8164796319645246 0 0 0 0 1
1685093675.753756523 -0.006764593223107582 -0.8294683442725911 0 0 0 0 1
1685093675.787089825 0.012661001470787366 -0.8423082865830033 0 0 0 0 1
1685093675.820423126 0.03218460783021812 -0.8549987019610825 0 0 0 0 1
1685093675.853756428 0.05180507490805772 -0.8675388422869963 0 0 0 0 1
1685093675.887089968 0.07152124604708833 -0.8799279682998612 0 0 0 0 1
1685093675.920423269 0.09147383735787007 -0.8922917581279354 0 0 0 0 1
1685093675.953756571 0.11153428757318294 -0.9049850782732174 0 0 0 0 1
1685093675.987089872 0.1316286156026969 -0.9176246993195126 0 0 0 0 1
1685093676.020423174 0.15230534955535605 -0.9305085238755922 0 0 0 0 1
1685093676.053756475 0.17303093569905764 -0.9433136143141988 0 0 0 0 1
1685093676.087089777 0.1938050742267712 -0.9560397854026392 0 0 0 0 1
1685093676.120423317 0.2146274646291293 -0.9686868530498322 0 0 0 0 1
1685093676.153756618 0.23549780569877454 -0.9812546343089712 0 0 0 0 1
1685093676.187089920 0.2564157955347166 -0.9937429473801714 0 0 0 0 1
1685093676.220423222 0.2773811315466996 -1.0061516116130989 0 0 0 0 1
1685093676.253756523 0.29905985408357 -1.0190177544946653 0 0 0 0 1
1685093676.287089825 0.3149928630778186 -1.02842001400801 0 0 0 0 1
1685093676.320423126 0.3391249815365399 -1.0370444537723769 0 0 0 0 1
1685093676.353756428 0.3695187843159461 -1.0477738157557943 0 0 0 0 1
1685093676.387089968 0.3998641323707011 -1.0586394637990726 0 0 0 0 1
1685093676.420423269 0.43016041459646553 -1.0696411790863112 0 0 0 0 1
1685093676.453756571 0.4604070208770029 -1.0807787400614433 0 0 0 0 1
1685093676.487089872 0.490603342096467 -1.092051922432698 0 0 0 0 1
1685093676.520423174 0.5207487701516682 -1.103460499177118 0 0 0 0 1
1685093676.553756475 0.5508426979643197 -1.11500424054513 0 0 0 0 1
1685093676.587089777 0.5808845194932631 -1.1266829140651724 0 0 0 0 1
1685093676.620423317 0.610873629746673 -1.1384962845483768 0 0 0 0 1
1685093676.653756618 0.6165538716202718 -1.1405854903029653 0 0 0 0 1
1685093676.687089920 0.6133652931265664 -1.13605095962573 0 0 0 0 1
1685093676.720423222 0.627172334527193 -1.144618799542512 0 0 0 0 1
1685093676.753756523 0.635455907966054 -1.1306393616367443 0 0 0 0 1
1685093676.787089825 0.6279849036975121 -1.1339052125954694 0 0 0 0 1
1685093676.820423126 0.6315895299312505 -1.1265916391200594 0 0 0 0 1
1685093676.853756428 0.6545313784937792 -1.1330357408603697 0 0 0 0 1
1685093676.887089968 0.677237712082212 -1.1392050913923615 0 0 0 0 1
1685093676.920423269 0.7005013575079582 -1.145069771841108 0 0 0 0 1
1685093676.953756571 0.7238004212578005 -1.1507921230747806 0 0 0 0 1
1685093676.987089872 0.7464864177792698 -1.156397646022201 0 0 0 0 1
1685093677.020423174 0.7693431671251999 -1.1618233189483886 0 0 0 0 1
1685093677.053756475 0.7925100616131018 -1.1671598538698076 0 0 0 0 1
1685093677.087089777 0.814234875972233 -1.171067473140568 0 0 0 0 1
1685093677.120423317 0.8365948718114804 -1.180320217083604 0 0 0 0 1
1685093677.153756618 0.8590363499558346 -1.189645141101407 0 0 0 0 1
1685093677.187089920 0.881466137018915 -1.1991197058036094 0 0 0 0 1
1685093677.220423222 0.9039290034742699 -1.208890869529655 0 0 0 0 1
1685093677.253756523 0.916191859907763 -1.2149103727286827 0 0 0 0 1
1685093677.287089825 0.9404782149189695 -1.2131735944954942 0 0 0 0 1
1685093677.320423126 0.9645565626214445 -1.2115902296994825 0 0 0 0 1
1685093677.353756428 0.983409501173742 -1.2108124446864026 0 0 0 0 1
1685093677.387089968 1.0077324649028008 -1.2085605434313917 0 0 0 0 1
1685093677.420423269 1.0322171152414943 -1.2058559396726292 0 0 0 0 1
1685093677.453756571 1.056362645368058 -1.2030859671277228 0 0 0 0 1
1685093677.487089872 1.0805075510346127 -1.200310556645384 0 0 0 0 1
1685093677.520423174 1.105066608951547 -1.1975034665854658 0 0 0 0 1
1685093677.553756475 1.1197461481952866 -1.192740458708244 0 0 0 0 1
1685093677.587089777 1.1419638742892861 -1.1825897031054837 0 0 0 0 1
1685093677.620423317 1.1640233641636668 -1.172464849815027 0 0 0 0 1
1685093677.653756618 1.1863584572059909 -1.1621850414863957 0 0 0 0 1
1685093677.687089920 1.208847143315156 -1.1517667399622964 0 0 0 0 1
1685093677.720423222 1.2313195912671435 -1.1413134585344948 0 0 0 0 1
1685093677.753756523 1.235397484689249 -1.1675751210583594 0 0 0 0 1
1685093677.787089825 1.210917195553435 -1.1650005925096043 0 0 0 0 1
1685093677.820423126 1.1867649418358177 -1.1624927553482718 0 0 0 0 1
1685093677.853756428 1.162134886326462 -1.1598793674118317 0 0 0 0 1
1685093677.887089968 1.1371922396091543 -1.1571555981992825 0 0 0 0 1
1685093677.920423269 1.113357458883864 -1.1544027109918182 0 0 0 0 1
1685093677.953756571 1.0899414187419274 -1.1513816943068842 0 0 0 0 1
1685093677.987089872 1.0662932881815688 -1.1485987784710663 0 0 0 0 1
1685093678.020423174 1.0648575527808246 -1.1525605265302383 0 0 0 0 1
1685093678.053756475 1.0556162335691168 -1.174834166406404 0 0 0 0 1
1685093678.087089777 1.0464506713655877 -1.197252858419934 0 0 0 0 1
1685093678.120423317 1.0370952227524557 -1.2198258174991377 0 0 0 0 1
1685093678.153756618 1.025472147040681 -1.247952580566798 0 0 0 0 1
1685093678.187089920 1.0136982758686834 -1.276016554755981 0 0 0 0 1
1685093678.220423222 1.0017739484109813 -1.304016931616792 0 0 0 0 1
1685093678.253756523 0.9896995081763458 -1.331952904531408 0 0 0 0 1
1685093678.287089825 0.9774753029979055 -1.3598236687373164 0 0 0 0 1
1685093678.320423126 0.9700285891084739 -1.3719835918496157 0 0 0 0 1
1685093678.353756428 0.957543566433442 -1.3937670873794228 0 0 0 0 1
1685093678.387089968 0.9449606919685359 -1.4149355140052426 0 0 0 0 1
1685093678.420423269 0.9323240433798795 -1.4360718837990154 0 0 0 0 1
1685093678.453756571 0.9196337023367407 -1.4571760601587107 0 0 0 0 1
1685093678.487089872 0.9067608535638673 -1.4787013916441447 0 0 0 0 1
1685093678.520423174 0.8939887274617528 -1.499829758444181 0 0 0 0 1
1685093678.553756475 0.8812840864665394 -1.520998773206043 0 0 0 0 1
1685093678.587089777 0.8689758220088489 -1.5419171025253016 0 0 0 0 1
1685093678.620423317 0.857024584860151 -1.56285413542945 0 0 0 0 1
1685093678.653756618 0.844812087512821 -1.5842398121265404 0 0 0 0 1
1685093678.687089920 0.8329596518123343 -1.605455597997833 0 0 0 0 1
1685093678.720423222 0.8213274020396678 -1.6265548775288692 0 0 0 0 1
1685093678.753756523 0.8095459708731376 -1.6476131439085888 0 0 0 0 1
1685093678.787089825 0.800480192902898 -1.6672308724762896 0 0 0 0 1
1685093678.820423126 0.7918141096124955 -1.6899269730912496 0 0 0 0 1
1685093678.853756428 0.7839102130023758 -1.7064686438007142 0 0 0 0 1
1685093678.887089968 0.7700262742486588 -1.727074161325121 0 0 0 0 1
1685093678.920423269 0.7593629673656108 -1.7415045609533948 0 0 0 0 1
1685093678.953756571 0.7424225575978768 -1.7629183609233168 0 0 0 0 1
1685093678.987089872 0.7370803624151712 -1.7883890821568058 0 0 0 0 1
1685093679.020423174 0.7322262419207282 -1.8014001079229647 0 0 0 0 1
1685093679.053756475 0.7277100678174554 -1.814532261163433 0 0 0 0 1
1685093679.087089777 0.7235699584608213 -1.8406687239131172 0 0 0 0 1
1685093679.120423317 0.7196945647766828 -1.866854741024871 0 0 0 0 1
1685093679.153756618 0.7140773835894475 -1.8757645340817255 0 0 0 0 1
1685093679.187089920 0.7275826040455666 -1.8979164353806428 0 0 0 0 1
1685093679.220423222 0.7412993031999169 -1.9202287033273449 0 0 0 0 1
1685093679.253756523 0.7554177614941052 -1.942907560115316 0 0 0 0 1
1685093679.287089825 0.7694985327629461 -1.9652578628917843 0 0 0 0 1
1685093679.320423126 0.7837538875484876 -1.9874972202040713 0 0 0 0 1
1685093679.353756428 0.7945451009641542 -1.9894520202516206 0 0 0 0 1
1685093679.387089968 0.7831435222893481 -2.0032475293707246 0 0 0 0 1
1685093679.420423269 0.8010312228746572 -2.002662520051642 0 0 0 0 1
1685093679.453756571 0.788752620216406 -1.9896414607670116 0 0 0 0 1
1685093679.487089872 0.7871196381220107 -2.007464071058786 0 0 0 0 1
1685093679.520423174 0.801560022945862 -1.9968911171540271 0 0 0 0 1
1685093679.553756475 0.7840764657446045 -1.9930652452634077 0 0 0 0 1
1685093679.587089777 0.8020222215635426 -1.9735254200038495 0 0 0 0 1
1685093679.620423317 0.8200777381916795 -1.9541483811057585 0 0 0 0 1
1685093679.653756618 0.8383479385495131 -1.934548599689978 0 0 0 0 1
1685093679.687089920 0.8560482941254002 -1.9234088774780886 0 0 0 0 1
1685093679.720423222 0.8804022854764016 -1.9125975964246642 0 0 0 0 1
1685093679.753756523 0.9047771023601214 -1.90155633283827 0 0 0 0 1
1685093679.787089825 0.9298412366330171 -1.8902419888561426 0 0 0 0 1
1685093679.820423126 0.9454693150324893 -1.876553997087198 0 0 0 0 1
1685093679.853756428 0.9693425548797556 -1.8631571400422544 0 0 0 0 1
1685093679.887089968 0.9930519465576078 -1.8497849593742577 0 0 0 0 1
1685093679.920423269 1.0166993777051705 -1.836405838042102 0 0 0 0 1
1685093679.953756571 1.0354103993687205 -1.8216550034289423 0 0 0 0 1
1685093679.987089872 1.0608210025972842 -1.8133150106654259 0 0 0 0 1
1685093680.020423174 1.086218043599585 -1.804933808838573 0 0 0 0 1
1685093680.053756475 1.1116014555458174 -1.796511420002687 0 0 0 0 1
1685093680.087089777 1.1261679700208276 -1.8028391580843928 0 0 0 0 1
1685093680.120423317 1.1319290349308329 -1.788039369427657 0 0 0 0 1
1685093680.153756618 1.1169180074736285 -1.782853555329525 0 0 0 0 1
1685093680.187089920 1.1273170520781095 -1.8068898711995132 0 0 0 0 1
1685093680.220423222 1.1376682558469506 -1.8309910430340968 0 0 0 0 1
1685093680.253756523 1.1496407318954367 -1.8609023947283128 0 0 0 0 1
1685093680.287089825 1.1513989655075507 -1.8879570626255304 0 0 0 0 1
1685093680.320423126 1.153276941513312 -1.9134259857347278 0 0 0 0 1
1685093680.353756428 1.1539497422862401 -1.93137888627431 0 0 0 0 1
1685093680.387089968 1.1518126117133938 -1.9562273735370836 0 0 0 0 1
1685093680.420423269 1.1495915498792755 -1.9808407937083836 0 0 0 0 1
1685093680.453756571 1.1471635458700145 -1.99494987537823 0 0 0 0 1
1685093680.487089872 1.151051814786964 -2.018723086238757 0 0 0 0 1
1685093680.520423174 1.154882410971978 -2.0426706349610835 0 0 0 0 1
1685093680.553756475 1.159051264724827 -2.0669419112308764 0 0 0 0 1
1685093680.587089777 1.1630125273417278 -2.0876807396914034 0 0 0 0 1
1685093680.620423317 1.1675034165672216 -2.110855879485629 0 0 0 0 1
1685093680.653756618 1.1719873936382388 -2.1341308704586983 0 0 0 0 1
