1685094247.446708918 -2.832053700587396e-18 -7.42447512967794e-18 0 0 0 0 1
1685094247.480042219 0.0005203877284852669 -0.01980015022685147 0 0 0 0 1
1685094247.513375521 0.0009151055154689923 -0.03852605086148014 0 0 0 0 1
1685094247.546708822 0.0012364955713803675 -0.05717532214584436 0 0 0 0 1
1685094247.580042124 0.0017927718887142652 -0.07739365317129376 0 0 0 0 1
1685094247.613375425 0.0024307805659099014 -0.0987146990261099 0 0 0 0 1
1685094247.646708727 0.0031867401836971087 -0.12099564752916774 0 0 0 0 1
1685094247.680042267 0.004656782075009142 -0.14377295478884763 0 0 0 0 1
1685094247.713375568 0.020031926117513987 -0.1488109496317285 0 0 0 0 1
1685094247.746708870 -0.004294341297173427 -0.1531731501342431 0 0 0 0 1
1685094247.780042171 -0.02902433374507785 -0.1576095658019603 0 0 0 0 1
1685094247.813375473 -0.0540538211786689 -0.16231127292334596 0 0 0 0 1
1685094247.846708775 -0.07985337003300763 -0.16671696447381976 0 0 0 0 1
1685094247.880042076 -0.10667406392163213 -0.1708027531760204 0 0 0 0 1
1685094247.913375378 -0.13362728004168162 -0.1748395232173829 0 0 0 0 1
1685094247.946708918 -0.1479930036821935 -0.15196800496485763 0 0 0 0 1
1685094247.980042219 -0.1666496250304259 -0.1313411393535536 0 0 0 0 1
1685094248.013375521 -0.18574343656935288 -0.11084912493778722 0 0 0 0 1
1685094248.046708822 -0.20531181850828956 -0.08979415962948811 0 0 0 0 1
1685094248.080042124 -0.2250967180264516 -0.06846399400609156 0 0 0 0 1
1685094248.113375425 -0.2457894066695904 -0.04720187354080597 0 0 0 0 1
1685094248.146708727 -0.2669782346879099 -0.026434141426483055 0 0 0 0 1
1685094248.180042267 -0.2808742694687846 -0.012792713066451723 0 0 0 0 1
1685094248.213375568 -0.29506910210204085 0.000537518621219391 0 0 0 0 1
1685094248.246708870 -0.28341630435487364 -0.002378387233491894 0 0 0 0 1
1685094248.280042171 -0.29522099842690946 -0.00460086336509949 0 0 0 0 1
1685094248.313375473 -0.3251429015290142 -0.009203617429549154 0 0 0 0 1
1685094248.346708775 -0.35420913145304045 -0.017668834983350853 0 0 0 0 1
1685094248.380042076 -0.381923335793311 -0.029851958885506513 0 0 0 0 1
1685094248.413375378 -0.4100199370735773 -0.04549419670484408 0 0 0 0 1
1685094248.446708918 -0.4377839602660877 -0.06117091146765534 0 0 0 0 1
1685094248.480042219 -0.4651876777459276 -0.07642877241258499 0 0 0 0 1
1685094248.513375521 -0.4926690266253824 -0.09154636203842723 0 0 0 0 1
1685094248.546708822 -0.520227288904236 -0.10652328537066075 0 0 0 0 1
1685094248.580042124 -0.5477162021648194 -0.12136806582871675 0 0 0 0 1
1685094248.613375425 -0.5749641829085874 -0.1359315519970751 0 0 0 0 1
1685094248.646708727 -0.6020808884724456 -0.15073803244827388 0 0 0 0 1
1685094248.680042267 -0.6403726645423282 -0.16080141442421764 0 0 0 0 1
1685094248.713375568 -0.6787383827177802 -0.1705791155989098 0 0 0 0 1
1685094248.746708870 -0.7171759116714206 -0.18007059279257362 0 0 0 0 1
1685094248.780042171 -0.7556831160865705 -0.189275318726008 0 0 0 0 1
1685094248.813375473 -0.7942578567758763 -0.19819278204987947 0 0 0 0 1
1685094248.846708775 -0.8232687306435129 -0.2136933121976609 0 0 0 0 1
1685094248.880042076 -0.8492168446341224 -0.21799832280051787 0 0 0 0 1
1685094248.913375378 -0.8754334174096348 -0.22012647877850147 0 0 0 0 1
1685094248.946708918 -0.90173614928469 -0.22006298177606368 0 0 0 0 1
1685094248.980042219 -0.9279421414576029 -0.21780827332626315 0 0 0 0 1
1685094249.013375521 -0.9607555245538009 -0.22288259375341937 0 0 0 0 1
1685094249.046708822 -0.9935664283246801 -0.22797292102712202 0 0 0 0 1
1685094249.080042124 -1.0263748449618681 -0.23307925393596984 0 0 0 0 1
1685094249.113375425 -1.0591807666575843 -0.2382015912647525 0 0 0 0 1
1685094249.146708727 -1.0787116677275919 -0.2246970130671896 0 0 0 0 1
1685094249.180042267 -1.104879592909157 -0.19664872167876896 0 0 0 0 1
1685094249.213375568 -1.1298792803508668 -0.17273998887348757 0 0 0 0 1
1685094249.246708870 -1.154127726341002 -0.14929277315072928 0 0 0 0 1
1685094249.280042171 -1.1782151166271353 -0.1256801348549023 0 0 0 0 1
1685094249.313375473 -1.2028237774362922 -0.10172682153229064 0 0 0 0 1
1685094249.346708775 -1.2279018043546501 -0.07826536437734267 0 0 0 0 1
1685094249.380042076 -1.2533970943919148 -0.05410041895623834 0 0 0 0 1
1685094249.413375378 -1.2794533132038979 -0.029774613146390436 0 0 0 0 1
1685094249.446708918 -1.3060536742959277 -0.0060450502163658425 0 0 0 0 1
1685094249.480042219 -1.3331845370841517 0.017076101386504863 0 0 0 0 1
1685094249.513375521 -1.360619332651455 0.0399625054400388 0 0 0 0 1
1685094249.546708822 -1.3873002703318817 0.06287456108251961 0 0 0 0 1
1685094249.580042124 -1.4138854094364275 0.08589770396230227 0 0 0 0 1
1685094249.613375425 -1.440374287452086 0.10903153353594852 0 0 0 0 1
1685094249.646708727 -1.4667664435405459 0.1322756473343559 0 0 0 0 1
1685094249.680042267 -1.4930614185462086 0.15562964096976054 0 0 0 0 1
1685094249.713375568 -1.519258755004176 0.17909310814277202 0 0 0 0 1
1685094249.746708870 -1.54535799714821 0.20266564064944229 0 0 0 0 1
1685094249.780042171 -1.5715147718492306 0.22675551893951665 0 0 0 0 1
1685094249.813375473 -1.5971745525394327 0.25137410447405284 0 0 0 0 1
1685094249.846708775 -1.6225188825883323 0.2761795731679063 0 0 0 0 1
1685094249.880042076 -1.6476540434033973 0.3011969677874531 0 0 0 0 1
1685094249.913375378 -1.6725782629498103 0.3264245246004208 0 0 0 0 1
1685094249.946708918 -1.6972897840641636 0.3518604650580522 0 0 0 0 1
1685094249.980042219 -1.7217868645783398 0.3775029959204938 0 0 0 0 1
1685094250.013375521 -1.7460677774423348 0.4033503093832193 0 0 0 0 1
1685094250.046708822 -1.770130810846015 0.42940058320448027 0 0 0 0 1
1685094250.080042124 -1.7939742683398006 0.45565198083377506 0 0 0 0 1
1685094250.113375425 -1.8175964689542659 0.48210265154132514 0 0 0 0 1
1685094250.146708727 -1.8409957473186478 0.508750730548553 0 0 0 0 1
1685094250.180042267 -1.8648972855019692 0.5362163868669233 0 0 0 0 1
1685094250.213375568 -1.8891618552543201 0.5633618553517532 0 0 0 0 1
1685094250.246708870 -1.9137851677347857 0.5901823379539912 0 0 0 0 1
1685094250.280042171 -1.9387628706935174 0.6166730940668878 0 0 0 0 1
1685094250.313375473 -1.9640905492410075 0.6428294413639132 0 0 0 0 1
1685094250.346708775 -1.989763726628435 0.6686467566263736 0 0 0 0 1
1685094250.380042076 -2.015777865038945 0.6941204765605808 0 0 0 0 1
1685094250.413375378 -2.013544205958726 0.7096580728660825 0 0 0 0 1
1685094250.446708918 -2.0007150330703904 0.7006127174368817 0 0 0 0 1
1685094250.480042219 -2.014599528237673 0.6932896766894138 0 0 0 0 1
1685094250.513375521 -2.0148194722416806 0.7089854645471317 0 0 0 0 1
1685094250.546708822 -2.0007352345375 0.7020543477445159 0 0 0 0 1
1685094250.580042124 -2.000124499331106 0.6667484038296076 0 0 0 0 1
1685094250.613375425 -1.9995586528618 0.6314417119569874 0 0 0 0 1
1685094250.646708727 -2.0025052084842976 0.5933570524192106 0 0 0 0 1
1685094250.680042267 -2.0106965734595303 0.5583213699069016 0 0 0 0 1
1685094250.713375568 -2.0188476160141753 0.5232762844521176 0 0 0 0 1
1685094250.746708870 -2.026958325354579 0.4882218424617471 0 0 0 0 1
1685094250.780042171 -2.035028690740496 0.4531580903550694 0 0 0 0 1
1685094250.813375473 -2.0425379578156675 0.41864560398280315 0 0 0 0 1
1685094250.846708775 -2.0480889438777314 0.3836925399265581 0 0 0 0 1
1685094250.880042076 -2.051988331250266 0.34851691041833044 0 0 0 0 1
1685094250.913375378 -2.0542274735771158 0.31319671258732595 0 0 0 0 1
1685094250.946708918 -2.054801405867581 0.27781026412315896 0 0 0 0 1
1685094250.980042219 -2.0541696492759125 0.27090217100708847 0 0 0 0 1
1685094251.013375521 -2.0605699186831377 0.2735775062022287 0 0 0 0 1
1685094251.046708822 -2.030315688771276 0.29318089387115104 0 0 0 0 1
1685094251.080042124 -2.0003062522886887 0.3131570035438431 0 0 0 0 1
1685094251.113375425 -1.9705462007945225 0.33350277879873164 0 0 0 0 1
1685094251.146708727 -1.9410400876910614 0.3542151066539878 0 0 0 0 1
1685094251.180042267 -1.9117924275270397 0.37529081804382597 0 0 0 0 1
1685094251.213375568 -1.8828076953068984 0.3967266883033829 0 0 0 0 1
1685094251.246708870 -1.8676836220676716 0.42493745422286944 0 0 0 0 1
1685094251.280042171 -1.864672114579469 0.4568046117327267 0 0 0 0 1
1685094251.313375473 -1.8742436975412153 0.48734916451576726 0 0 0 0 1
1685094251.346708775 -1.8949028853169099 0.511798762990142 0 0 0 0 1
1685094251.380042076 -1.9234218399727971 0.5263333469348235 0 0 0 0 1
1685094251.413375378 -1.9553446959313538 0.5286820002848933 0 0 0 0 1
1685094251.446708918 -1.9856837544245742 0.5184777641618658 0 0 0 0 1
1685094251.480042219 -2.0096987727603404 0.49731497135367597 0 0 0 0 1
1685094251.513375521 -2.0236375904952872 0.46850014417630986 0 0 0 0 1
1685094251.546708822 -2.0382708354236585 0.4426591739263381 0 0 0 0 1
1685094251.580042124 -2.0555480319901873 0.41850578742681915 0 0 0 0 1
1685094251.613375425 -2.0752764342009886 0.3963094420789364 0 0 0 0 1
1685094251.646708727 -2.0972359501865707 0.37631776235279585 0 0 0 0 1
1685094251.680042267 -2.121181597566975 0.3587537772660634 0 0 0 0 1
1685094251.713375568 -2.146846236497737 0.34381343225173217 0 0 0 0 1
1685094251.746708870 -2.1789778861820435 0.3278547218409132 0 0 0 0 1
1685094251.780042171 -2.2106812150324244 0.31106120257853187 0 0 0 0 1
1685094251.813375473 -2.241592764783855 0.2937244006900854 0 0 0 0 1
1685094251.846708775 -2.2722546898584466 0.275949841385434 0 0 0 0 1
1685094251.880042076 -2.302660791320138 0.2577411181557355 0 0 0 0 1
1685094251.913375378 -2.3325085441307407 0.24003069278402567 0 0 0 0 1
1685094251.946708918 -2.362309200521137 0.22224113423437913 0 0 0 0 1
1685094251.980042219 -2.392556436904383 0.20358054053907979 0 0 0 0 1
1685094252.013375521 -2.4231270686861044 0.1854546050224951 0 0 0 0 1
1685094252.046708822 -2.4540116461039605 0.16786893063663696 0 0 0 0 1
1685094252.080042124 -2.485200622351112 0.1508289533320848 0 0 0 0 1
1685094252.113375425 -2.5166843565272545 0.13433994037766658 0 0 0 0 1
1685094252.146708727 -2.548453116618746 0.11840698873227973 0 0 0 0 1
1685094252.180042267 -2.580497082506889 0.10303502346935782 0 0 0 0 1
1685094252.213375568 -2.612806349003455 0.0882287962544694 0 0 0 0 1
1685094252.246708870 -2.645370928912496 0.07399288387651938 0 0 0 0 1
1685094252.280042171 -2.6788394072916732 0.06135044242095015 0 0 0 0 1
1685094252.313375473 -2.707350355185381 0.052205162079909 0 0 0 0 1
1685094252.346708775 -2.7366568329807768 0.046069963505946186 0 0 0 0 1
1685094252.380042076 -2.766441966268788 0.043011183139634195 0 0 0 0 1
1685094252.413375378 -2.7963837052085707 0.04306189384724578 0 0 0 0 1
1685094252.446708918 -2.826158306670726 0.046221547322511554 0 0 0 0 1
1685094252.480042219 -2.8554438346891 0.052455980015146425 0 0 0 0 1
1685094252.513375521 -2.883923641372739 0.06169778252204273 0 0 0 0 1
1685094252.546708822 -2.9112897906408794 0.07384702844711238 0 0 0 0 1
1685094252.580042124 -2.9372463877620403 0.0887723548490278 0 0 0 0 1
1685094252.613375425 -2.961512778696808 0.10631238259458721 0 0 0 0 1
1685094252.646708727 -2.978915237490245 0.1289629250554849 0 0 0 0 1
1685094252.680042267 -2.9894457654154065 0.15551477296570732 0 0 0 0 1
1685094252.713375568 -3.000868705297157 0.16427804025758339 0 0 0 0 1
1685094252.746708870 -3.014914269132534 0.16111567631310866 0 0 0 0 1
1685094252.780042171 -3.021479247242071 0.14830242256582635 0 0 0 0 1
1685094252.813375473 -3.015841340744845 0.13505506737697903 0 0 0 0 1
1685094252.846708775 -3.0020559903595267 0.13090265555672723 0 0 0 0 1
1685094252.880042076 -2.97013676433771 0.13083484830414382 0 0 0 0 1
1685094252.913375378 -2.9382384050720654 0.12967887952637852 0 0 0 0 1
1685094252.946708918 -2.924488525106917 0.11285272841954679 0 0 0 0 1
1685094252.980042219 -2.944859636098056 0.10528989845235778 0 0 0 0 1
1685094253.013375521 -2.9454210162458003 0.12701231573164892 0 0 0 0 1
1685094253.046708822 -2.9415563349114398 0.13599883022005915 0 0 0 0 1
1685094253.080042124 -2.9158771399963266 0.14930113092979483 0 0 0 0 1
1685094253.113375425 -2.8900692165466646 0.13625033237656495 0 0 0 0 1
1685094253.146708727 -2.8855628128257296 0.10768348828827717 0 0 0 0 1
1685094253.180042267 -2.8706445095448068 0.08781648931083724 0 0 0 0 1
1685094253.213375568 -2.852113581649495 0.10436514884839307 0 0 0 0 1
1685094253.246708870 -2.8701734759741675 0.12142661531915264 0 0 0 0 1
1685094253.280042171 -2.8954138271719065 0.0982428569455519 0 0 0 0 1
1685094253.313375473 -2.8637533284534316 0.08512131733283271 0 0 0 0 1
1685094253.346708775 -2.851533943855028 0.11063853476389257 0 0 0 0 1
