1685094172.302175283 1.2154595169099955e-18 -4.922909746844084e-17 0 0 0 0 1
1685094172.335508585 -0.0015201800854957532 -0.01383925227182259 0 0 0 0 1
1685094172.368841887 -0.0009902637905094007 -0.027185359868020842 0 0 0 0 1
1685094172.402175188 0.0008709717667352973 -0.044120269614449724 0 0 0 0 1
1685094172.435508490 0.0026357695249306498 -0.05965437192604876 0 0 0 0 1
1685094172.468841791 0.0002966345214297754 -0.06697779315642134 0 0 0 0 1
1685094172.502175331 0.0033108821555322783 -0.07725790297251778 0 0 0 0 1
1685094172.535508633 0.00678365112008591 -0.09070396192063122 0 0 0 0 1
1685094172.568841934 0.009292833256427211 -0.1018160724684443 0 0 0 0 1
1685094172.602175236 0.01438588325093626 -0.11097678097173878 0 0 0 0 1
1685094172.635508537 0.014204830435916922 -0.12153421071164391 0 0 0 0 1
1685094172.668841839 0.01391207377652442 -0.13152102604241617 0 0 0 0 1
1685094172.702175140 0.015210652465443782 -0.14238090212466772 0 0 0 0 1
1685094172.735508442 0.018052801674971877 -0.1542066958876807 0 0 0 0 1
1685094172.768841982 0.018138051053692962 -0.16516994462116852 0 0 0 0 1
1685094172.802175283 0.014683128378127833 -0.1702452038359232 0 0 0 0 1
1685094172.835508585 0.008967032747980025 -0.17395374013448506 0 0 0 0 1
1685094172.868841887 0.0070241735725231685 -0.18255320304221234 0 0 0 0 1
1685094172.902175188 0.008031401893346193 -0.18510864816510433 0 0 0 0 1
1685094172.935508490 0.010694521008819551 -0.19913708802181873 0 0 0 0 1
1685094172.968841791 0.011471009041467835 -0.21568140287749293 0 0 0 0 1
1685094173.002175331 0.011237907604921346 -0.2307354658211108 0 0 0 0 1
1685094173.035508633 0.011804553033245261 -0.24387742139834423 0 0 0 0 1
1685094173.068841934 0.012088933198879256 -0.25111613612956063 0 0 0 0 1
1685094173.102175236 0.01538083922138362 -0.2633158023141482 0 0 0 0 1
1685094173.135508537 0.01633967582777794 -0.2738255808445385 0 0 0 0 1
1685094173.168841839 0.009219787923324844 -0.28136412682990986 0 0 0 0 1
1685094173.202175140 0.008833491713203492 -0.28604178621271775 0 0 0 0 1
1685094173.235508442 0.002945625954827311 -0.2966587354629455 0 0 0 0 1
1685094173.268841982 -0.0033643615714751282 -0.30796895982202016 0 0 0 0 1
1685094173.302175283 -0.0018691229843022916 -0.3113541252023683 0 0 0 0 1
1685094173.335508585 -0.008489248541254886 -0.3232980804946259 0 0 0 0 1
1685094173.368841887 -0.015082893242754124 -0.3369161146496392 0 0 0 0 1
1685094173.402175188 -0.02439257206983906 -0.35216055901358384 0 0 0 0 1
1685094173.435508490 -0.03427957852041973 -0.3619713187591572 0 0 0 0 1
1685094173.468841791 -0.041611034236868454 -0.37482441883606304 0 0 0 0 1
1685094173.502175331 -0.04797427558033124 -0.3849750385517232 0 0 0 0 1
1685094173.535508633 -0.05793169599884797 -0.3925689746463134 0 0 0 0 1
1685094173.568841934 -0.06386722535058934 -0.40511430051219893 0 0 0 0 1
1685094173.602175236 -0.07189286015105394 -0.4141738340727236 0 0 0 0 1
1685094173.635508537 -0.08147792619286422 -0.4217891362621968 0 0 0 0 1
