1685094139.393483877 -9.174674404887626e-19 -2.55067529628273e-18 0 0 0 0 1
1685094139.426817179 0.00013674544057555227 -0.012749578375253817 0 0 0 0 1
1685094139.460150480 -0.0015949132481320016 -0.023029126362855725 0 0 0 0 1
1685094139.493484020 -0.0014858703768771493 -0.03646627166837173 0 0 0 0 1
1685094139.526817322 -0.005080901536410443 -0.0480684618709071 0 0 0 0 1
1685094139.560150623 -0.007226895761342896 -0.05327535062474981 0 0 0 0 1
1685094139.593483925 -0.007443286879227748 -0.06353449845843047 0 0 0 0 1
1685094139.626817226 -0.01147065534486161 -0.07520823516017446 0 0 0 0 1
1685094139.660150528 -0.007544235595430053 -0.08905961633121301 0 0 0 0 1
1685094139.693483829 -0.003616182659736705 -0.09380922184736397 0 0 0 0 1
1685094139.726817369 0.003490674037215585 -0.10422417599317435 0 0 0 0 1
1685094139.760150671 0.010154349632978026 -0.10904349561299871 0 0 0 0 1
1685094139.793483973 0.010962764814620827 -0.12366855352770613 0 0 0 0 1
1685094139.826817274 0.016329167826083752 -0.13710082333272414 0 0 0 0 1
1685094139.860150576 0.01720467726014895 -0.14192462072384726 0 0 0 0 1
1685094139.893483877 0.015789217484013594 -0.1554513194552502 0 0 0 0 1
1685094139.926817179 0.012094603370863221 -0.16315914867854564 0 0 0 0 1
1685094139.960150480 0.0020601790720298292 -0.16778029352587823 0 0 0 0 1
1685094139.993484020 -0.005203661495951438 -0.17279500724649824 0 0 0 0 1
1685094140.026817322 -0.011394691623650952 -0.1821169721632549 0 0 0 0 1
1685094140.060150623 -0.02125230367573927 -0.192587566434187 0 0 0 0 1
1685094140.093483925 -0.030054981735190937 -0.2043334757837499 0 0 0 0 1
1685094140.126817226 -0.0388352968234746 -0.21527258789616663 0 0 0 0 1
1685094140.160150528 -0.04827694658596387 -0.21366860166204915 0 0 0 0 1
1685094140.193483829 -0.05529692558469944 -0.22032778960943022 0 0 0 0 1
1685094140.226817369 -0.06957558698068397 -0.22185449598602267 0 0 0 0 1
1685094140.260150671 -0.0843340970425053 -0.21552328952592587 0 0 0 0 1
1685094140.293483973 -0.09568100179967441 -0.21127511958132725 0 0 0 0 1
1685094140.326817274 -0.1086608064464311 -0.2032133479095473 0 0 0 0 1
1685094140.360150576 -0.12074515504127266 -0.18837030800629315 0 0 0 0 1
1685094140.393483877 -0.1295145391101647 -0.17626830615515862 0 0 0 0 1
1685094140.426817179 -0.1421488948436256 -0.16226911995759974 0 0 0 0 1
1685094140.460150480 -0.14616197746753976 -0.1543173650969653 0 0 0 0 1
1685094140.493484020 -0.1491393172358123 -0.14489240321411334 0 0 0 0 1
1685094140.526817322 -0.15600374329653438 -0.13178113270057387 0 0 0 0 1
1685094140.560150623 -0.16299354236157174 -0.12359880965766831 0 0 0 0 1
1685094140.593483925 -0.1698479204600567 -0.11032500158592969 0 0 0 0 1
1685094140.626817226 -0.1824656408425273 -0.09463067919435694 0 0 0 0 1
1685094140.660150528 -0.1876319759222048 -0.08285444300211332 0 0 0 0 1
1685094140.693483829 -0.18778857917953262 -0.0783499209904897 0 0 0 0 1
