1685094369.883595467 2.1291037445364418e-19 1.745680739723054e-20 0 0 0 0 1
1685094369.916928768 0.00021284523080151698 -0.01275765560144126 0 0 0 0 1
1685094369.950262070 0.0003621544753379573 -0.02636642227391793 0 0 0 0 1
1685094369.983595371 -0.0017850632067657594 -0.04516274802591792 0 0 0 0 1
1685094370.016928673 -0.0035264434260031214 -0.060187532439309126 0 0 0 0 1
1685094370.050262213 -0.005732743953098426 -0.07554339876203625 0 0 0 0 1
1685094370.083595514 -0.008124271577103334 -0.09142724760820325 0 0 0 0 1
1685094370.116928816 -0.010398739630641633 -0.10825570547339194 0 0 0 0 1
1685094370.150262117 -0.012668904877319712 -0.12517309867448503 0 0 0 0 1
1685094370.183595419 -0.01489086038287541 -0.142534916684304 0 0 0 0 1
1685094370.216928720 -0.017070247987069093 -0.16029357422661264 0 0 0 0 1
1685094370.250262022 -0.018752277923914294 -0.17807318336220118 0 0 0 0 1
1685094370.283595562 -0.0200063913605447 -0.19594045441155614 0 0 0 0 1
1685094370.316928864 -0.02071222113046377 -0.21383777207647314 0 0 0 0 1
1685094370.350262165 -0.003819768864704006 -0.2233626884906211 0 0 0 0 1
1685094370.383595467 -0.007568692494063134 -0.20514325576226308 0 0 0 0 1
1685094370.416928768 -0.011226299722941395 -0.18687720357243373 0 0 0 0 1
1685094370.450262070 -0.014772010673661191 -0.16791166248418185 0 0 0 0 1
1685094370.483595371 -0.018655858347721425 -0.14947280634449447 0 0 0 0 1
1685094370.516928673 -0.02269061204596112 -0.13063417651715745 0 0 0 0 1
1685094370.550262213 -0.02692873879072624 -0.11101285223579195 0 0 0 0 1
1685094370.583595514 -0.023537670641770942 -0.12528131361722059 0 0 0 0 1
1685094370.616928816 -0.03738288706525007 -0.12044413307777377 0 0 0 0 1
1685094370.650262117 -0.054464091135970095 -0.13300407733871514 0 0 0 0 1
1685094370.683595419 -0.07146922850401428 -0.14606504639403334 0 0 0 0 1
1685094370.716928720 -0.05654393933658849 -0.1491910106246097 0 0 0 0 1
1685094370.750262022 -0.0668043298681092 -0.1604719811166729 0 0 0 0 1
1685094370.783595562 -0.04730337914712866 -0.16918689844779866 0 0 0 0 1
1685094370.816928864 -0.027451874900506493 -0.178182683184129 0 0 0 0 1
1685094370.850262165 -0.007326972522856269 -0.1871877783075908 0 0 0 0 1
1685094370.883595467 0.012905561016188694 -0.19648774970071997 0 0 0 0 1
1685094370.916928768 0.03347218076741692 -0.20591087700064212 0 0 0 0 1
1685094370.950262070 0.05366903934197476 -0.2154492468594263 0 0 0 0 1
1685094370.983595371 0.07394952839041306 -0.22480848613405904 0 0 0 0 1
1685094371.016928673 0.09514947487908253 -0.23427957948612135 0 0 0 0 1
1685094371.050262213 0.1168303186355127 -0.24366824417715163 0 0 0 0 1
1685094371.083595514 0.13882332900851002 -0.25328337855569316 0 0 0 0 1
1685094371.116928816 0.1604387037410169 -0.26302345143810546 0 0 0 0 1
1685094371.150262117 0.16788221015921623 -0.2799790859916308 0 0 0 0 1
1685094371.183595419 0.17491601161508594 -0.2909270008590484 0 0 0 0 1
1685094371.216928720 0.15938612488467396 -0.3104404656317272 0 0 0 0 1
1685094371.250262022 0.14384065034211158 -0.3299415145917332 0 0 0 0 1
1685094371.283595562 0.12870028930230962 -0.3494865425617769 0 0 0 0 1
1685094371.316928864 0.11605422763984719 -0.3453311012144202 0 0 0 0 1
1685094371.350262165 0.09176737621269496 -0.3392076033270873 0 0 0 0 1
1685094371.383595467 0.06745275961666482 -0.3331952994085556 0 0 0 0 1
1685094371.416928768 0.043598521391228315 -0.32716788789425105 0 0 0 0 1
1685094371.450262070 0.019552030696112385 -0.3215277942744694 0 0 0 0 1
1685094371.483595371 -0.004870124214941684 -0.31580132785225573 0 0 0 0 1
1685094371.516928673 -0.02972102309366055 -0.31023461012572046 0 0 0 0 1
1685094371.550262213 -0.036382019171675606 -0.3327008099237478 0 0 0 0 1
1685094371.583595514 -0.01607742546297956 -0.34712455813640797 0 0 0 0 1
1685094371.616928816 0.004911198128967006 -0.3620536549318792 0 0 0 0 1
1685094371.650262117 0.02590004655631663 -0.37698243562913325 0 0 0 0 1
1685094371.683595419 0.04688911981430881 -0.39191090022478414 0 0 0 0 1
1685094371.716928720 0.06874363604025134 -0.4075847696921337 0 0 0 0 1
1685094371.750262022 0.09079232623584738 -0.42378697797532416 0 0 0 0 1
1685094371.783595562 0.11290441363096848 -0.43990255688592445 0 0 0 0 1
1685094371.816928864 0.13462546158110916 -0.45601635230054793 0 0 0 0 1
1685094371.850262165 0.15685995690576052 -0.4728543469759312 0 0 0 0 1
1685094371.883595467 0.17901892439068073 -0.48979161378709135 0 0 0 0 1
1685094371.916928768 0.2006151706901709 -0.5066489089509851 0 0 0 0 1
1685094371.950262070 0.21142344866389892 -0.5020285862669617 0 0 0 0 1
1685094371.983595371 0.18730156812993 -0.49355855538441545 0 0 0 0 1
1685094372.016928673 0.18195477727654708 -0.506849928700957 0 0 0 0 1
1685094372.050262213 0.18305128653339237 -0.5211344113488917 0 0 0 0 1
1685094372.083595514 0.19036403361797713 -0.5334540098466672 0 0 0 0 1
1685094372.116928816 0.20237871390047507 -0.5412576138075849 0 0 0 0 1
1685094372.150262117 0.2192996357000222 -0.5656384837486041 0 0 0 0 1
1685094372.183595419 0.20097522213732916 -0.5722363504637457 0 0 0 0 1
1685094372.216928720 0.1964358369924637 -0.5532967105486376 0 0 0 0 1
1685094372.250262022 0.18472233519220174 -0.526413672814432 0 0 0 0 1
1685094372.283595562 0.17248007304299084 -0.4997672685595712 0 0 0 0 1
1685094372.316928864 0.15971382816502197 -0.4733678967117563 0 0 0 0 1
1685094372.350262165 0.15773626935555635 -0.45894860697889417 0 0 0 0 1
1685094372.383595467 0.17367380958891995 -0.4345681663835371 0 0 0 0 1
1685094372.416928768 0.1903216298182212 -0.4097934061220453 0 0 0 0 1
1685094372.450262070 0.2071111591395342 -0.38511446024564483 0 0 0 0 1
1685094372.483595371 0.22404184611993885 -0.3605321393061344 0 0 0 0 1
1685094372.516928673 0.24111313469035286 -0.3360472506817771 0 0 0 0 1
1685094372.550262213 0.2584098992007433 -0.31065128507047624 0 0 0 0 1
1685094372.583595514 0.27543026573802964 -0.2850692551511225 0 0 0 0 1
1685094372.616928816 0.2956006760362286 -0.28165176932544816 0 0 0 0 1
1685094372.650262117 0.3123808703423578 -0.2555351943919129 0 0 0 0 1
1685094372.683595419 0.32882580147418655 -0.22920622465742047 0 0 0 0 1
1685094372.716928720 0.33401510807428736 -0.22769335279705205 0 0 0 0 1
1685094372.750262022 0.3320219626192967 -0.23271779858250882 0 0 0 0 1
1685094372.783595562 0.329280883613377 -0.2280590251238557 0 0 0 0 1
1685094372.816928864 0.35644523465410227 -0.2103849053320359 0 0 0 0 1
1685094372.850262165 0.3835659403308667 -0.19264388502671903 0 0 0 0 1
1685094372.883595467 0.41064283588107364 -0.17483607198742257 0 0 0 0 1
1685094372.916928768 0.4370913355697275 -0.15698840597506897 0 0 0 0 1
1685094372.950262070 0.4637751584500684 -0.139494523777002 0 0 0 0 1
1685094372.983595371 0.45465491156838267 -0.12330811534391632 0 0 0 0 1
1685094373.016928673 0.4253538500840374 -0.13473388457770363 0 0 0 0 1
1685094373.050262213 0.39611490969332763 -0.14631769964535998 0 0 0 0 1
1685094373.083595514 0.3663241751957515 -0.15385583006171866 0 0 0 0 1
1685094373.116928816 0.33600098607763 -0.15883734326412444 0 0 0 0 1
1685094373.150262117 0.3053643358807643 -0.16122626285129993 0 0 0 0 1
1685094373.183595419 0.27491839298667103 -0.16598493268931838 0 0 0 0 1
1685094373.216928720 0.24584272289042436 -0.1679323766906157 0 0 0 0 1
1685094373.250262022 0.2581087868436727 -0.16590886611574662 0 0 0 0 1
1685094373.283595562 0.2757824001025673 -0.13930407164716407 0 0 0 0 1
1685094373.316928864 0.2502557863658522 -0.1522439132468698 0 0 0 0 1
1685094373.350262165 0.25262948471842406 -0.12372351588603478 0 0 0 0 1
1685094373.383595467 0.27566579045538436 -0.14070515678090179 0 0 0 0 1
1685094373.416928768 0.2491241111968165 -0.15140967786426804 0 0 0 0 1
1685094373.450262070 0.2539333638952508 -0.12319764855102067 0 0 0 0 1
1685094373.483595371 0.27542953244064106 -0.14209109311142584 0 0 0 0 1
1685094373.516928673 0.2972664257142422 -0.11952785061894296 0 0 0 0 1
1685094373.550262213 0.31934280715189606 -0.09640408998556003 0 0 0 0 1
1685094373.583595514 0.34091142811925734 -0.07342620267290721 0 0 0 0 1
1685094373.616928816 0.36295397204206364 -0.0509025490350574 0 0 0 0 1
1685094373.650262117 0.3769741581750136 -0.04577113680392565 0 0 0 0 1
1685094373.683595419 0.388006036913578 -0.05583069256876846 0 0 0 0 1
1685094373.716928720 0.38418631960796845 -0.07026352910195204 0 0 0 0 1
1685094373.750262022 0.36962259391672503 -0.07354908912706008 0 0 0 0 1
1685094373.783595562 0.3948755433462498 -0.09605371076451036 0 0 0 0 1
1685094373.816928864 0.36483036070547303 -0.0805148417574914 0 0 0 0 1
1685094373.850262165 0.3333015370182029 -0.08192074298920303 0 0 0 0 1
1685094373.883595467 0.3010258279736197 -0.0833639622032862 0 0 0 0 1
1685094373.916928768 0.2689732558797589 -0.0851347351634615 0 0 0 0 1
1685094373.950262070 0.2375127186901595 -0.08068327324103197 0 0 0 0 1
1685094373.983595371 0.223676410892988 -0.0910326123785167 0 0 0 0 1
1685094374.016928673 0.2315734247907896 -0.09603846074475243 0 0 0 0 1
1685094374.050262213 0.23948972355409778 -0.09106316575270798 0 0 0 0 1
1685094374.083595514 0.24827130897464403 -0.08167268366424683 0 0 0 0 1
1685094374.116928816 0.23922163470127808 -0.09080508706631128 0 0 0 0 1
1685094374.150262117 0.2660748697057767 -0.11147728202897973 0 0 0 0 1
1685094374.183595419 0.2956625767417253 -0.12800009859082168 0 0 0 0 1
1685094374.216928720 0.3273485349055369 -0.1400182486157877 0 0 0 0 1
1685094374.250262022 0.35790029647274263 -0.1485393735816182 0 0 0 0 1
1685094374.283595562 0.3883605477626274 -0.1573820426865756 0 0 0 0 1
1685094374.316928864 0.4187259047631424 -0.16654527354550128 0 0 0 0 1
1685094374.350262165 0.44899299400461484 -0.1760280481601084 0 0 0 0 1
1685094374.383595467 0.47915845293452664 -0.18582931303207723 0 0 0 0 1
1685094374.416928768 0.5128932616991088 -0.1932202164961927 0 0 0 0 1
1685094374.450262070 0.5416299411782167 -0.17762559019914279 0 0 0 0 1
1685094374.483595371 0.5744325877695045 -0.17274940777517245 0 0 0 0 1
1685094374.516928673 0.6069543234330455 -0.1671428907897599 0 0 0 0 1
1685094374.550262213 0.6393013835223634 -0.1606034698020125 0 0 0 0 1
1685094374.583595514 0.6712572930000205 -0.15355098227917505 0 0 0 0 1
1685094374.616928816 0.7032614475263118 -0.14672076823704866 0 0 0 0 1
1685094374.650262117 0.7251645380467964 -0.15743822518472936 0 0 0 0 1
1685094374.683595419 0.7420097994347489 -0.18631788392488505 0 0 0 0 1
1685094374.716928720 0.7516697441199715 -0.21325399368638429 0 0 0 0 1
1685094374.750262022 0.7595117473839681 -0.24077437749934297 0 0 0 0 1
1685094374.783595562 0.7724291843965175 -0.2645357382473833 0 0 0 0 1
1685094374.816928864 0.793161337037325 -0.28190353288141645 0 0 0 0 1
1685094374.850262165 0.8188186646517849 -0.2904571276377731 0 0 0 0 1
1685094374.883595467 0.8458251810644627 -0.28900436653440303 0 0 0 0 1
1685094374.916928768 0.8405691367826026 -0.275506993849067 0 0 0 0 1
1685094374.950262070 0.8476714024048604 -0.24341696841441668 0 0 0 0 1
1685094374.983595371 0.8547669162805396 -0.21153930268061624 0 0 0 0 1
1685094375.016928673 0.8496618947258499 -0.18699476220943975 0 0 0 0 1
1685094375.050262213 0.8392457642100603 -0.16419125508678187 0 0 0 0 1
1685094375.083595514 0.824036253464745 -0.14426221860974148 0 0 0 0 1
1685094375.116928816 0.8047893438684101 -0.1281982159016497 0 0 0 0 1
1685094375.150262117 0.7851255974385756 -0.10369273758653545 0 0 0 0 1
1685094375.183595419 0.7654030198846764 -0.0792345830007987 0 0 0 0 1
1685094375.216928720 0.7456217250978849 -0.05482389338195714 0 0 0 0 1
1685094375.250262022 0.7264294664229617 -0.03179306507711215 0 0 0 0 1
1685094375.283595562 0.7260191770779411 -0.006911244563263135 0 0 0 0 1
1685094375.316928864 0.7354698019580581 -0.003637339704993852 0 0 0 0 1
1685094375.350262165 0.7318493500207036 0.005686022961715632 0 0 0 0 1
1685094375.383595467 0.726415742844981 -0.0250142036199409 0 0 0 0 1
1685094375.416928768 0.7213820373717127 -0.05546037849456132 0 0 0 0 1
1685094375.450262070 0.7177757654256065 -0.08610842179161877 0 0 0 0 1
1685094375.483595371 0.7156047973379255 -0.11689144719280134 0 0 0 0 1
1685094375.516928673 0.7148738710314517 -0.147742273794727 0 0 0 0 1
1685094375.550262213 0.7436373597576712 -0.16585774378974424 0 0 0 0 1
1685094375.583595514 0.7611221768847158 -0.14115204787742502 0 0 0 0 1
1685094375.616928816 0.7781921760139489 -0.11615412241908672 0 0 0 0 1
1685094375.650262117 0.7955155144473276 -0.09067088508440209 0 0 0 0 1
1685094375.683595419 0.812909851525286 -0.06523605704976422 0 0 0 0 1
1685094375.716928720 0.8303750519710136 -0.03984983612336794 0 0 0 0 1
1685094375.750262022 0.8479109799565907 -0.014512419735387529 0 0 0 0 1
1685094375.783595562 0.8703565472537146 0.017165707512461114 0 0 0 0 1
1685094375.816928864 0.8884496626733939 0.041402735544042696 0 0 0 0 1
1685094375.850262165 0.9069267875077238 0.06534830321845991 0 0 0 0 1
1685094375.883595467 0.9257832274640867 0.0889963269321993 0 0 0 0 1
1685094375.916928768 0.945195372860936 0.11350720296151569 0 0 0 0 1
1685094375.950262070 0.9574870232833398 0.1305010585760389 0 0 0 0 1
1685094375.983595371 0.9619905285935557 0.13594989690009007 0 0 0 0 1
1685094376.016928673 0.94952308452947 0.10608153534005058 0 0 0 0 1
1685094376.050262213 0.9372801669120313 0.07612044136828519 0 0 0 0 1
1685094376.083595514 0.9252624654150073 0.046068302767167675 0 0 0 0 1
1685094376.116928816 0.9135578241811615 0.01613719533831438 0 0 0 0 1
1685094376.150262117 0.90176629578644 -0.013759789065586243 0 0 0 0 1
1685094376.183595419 0.8900091960123104 -0.0427058091400815 0 0 0 0 1
1685094376.216928720 0.8775887494954453 -0.07137345608875191 0 0 0 0 1
1685094376.250262022 0.8740634997455493 -0.09301772594345808 0 0 0 0 1
1685094376.283595562 0.8606515894671011 -0.12102207119984788 0 0 0 0 1
1685094376.316928864 0.847760884281408 -0.14924238669703363 0 0 0 0 1
1685094376.350262165 0.8349537992435734 -0.1775007493491555 0 0 0 0 1
1685094376.383595467 0.8225920363596105 -0.158790294129322 0 0 0 0 1
1685094376.416928768 0.8200907046684575 -0.1601408260481343 0 0 0 0 1
1685094376.450262070 0.822817054048034 -0.1593360802787259 0 0 0 0 1
1685094376.483595371 0.8507989361731507 -0.16952795429376283 0 0 0 0 1
1685094376.516928673 0.8623590475929785 -0.16518329538316615 0 0 0 0 1
1685094376.550262213 0.8504846885036967 -0.16857620465207543 0 0 0 0 1
1685094376.583595514 0.8710979584510249 -0.17920907744757 0 0 0 0 1
1685094376.616928816 0.8927832289883771 -0.18743792448275232 0 0 0 0 1
1685094376.650262117 0.9152612124768007 -0.1931567652831893 0 0 0 0 1
1685094376.683595419 0.9409981495307608 -0.19671260274227845 0 0 0 0 1
1685094376.716928720 0.9668628309060746 -0.19917271784292967 0 0 0 0 1
1685094376.750262022 0.9904809499995774 -0.20125482249431342 0 0 0 0 1
1685094376.783595562 1.008140761656133 -0.20861815596869263 0 0 0 0 1
1685094376.816928864 1.026682774625642 -0.21967929578893497 0 0 0 0 1
