1685094185.294941902 -1.8319254554491235e-19 -5.981008181232277e-19 0 0 0 0 1
1685094185.328275442 0.00024266910883461408 -0.014935786720447921 0 0 0 0 1
1685094185.361608744 0.0006311342086849843 -0.03070232074003856 0 0 0 0 1
1685094185.394942045 0.0010333493925390204 -0.04753596627216095 0 0 0 0 1
1685094185.428275347 0.0013854090540849889 -0.06560309456717356 0 0 0 0 1
1685094185.461608648 0.0018842995223438185 -0.0842852032630978 0 0 0 0 1
1685094185.494941950 0.0029802892584922464 -0.10520796539122905 0 0 0 0 1
1685094185.528275251 0.004931965376839996 -0.1260683136361932 0 0 0 0 1
1685094185.561608791 0.010018818322903302 -0.14349491556209745 0 0 0 0 1
1685094185.594942093 0.010889825715520345 -0.16513376402547908 0 0 0 0 1
1685094185.628275394 0.01172273030594525 -0.1872616996149464 0 0 0 0 1
1685094185.661608696 0.014532455031005281 -0.2110382564364927 0 0 0 0 1
1685094185.694941998 0.016160650692085138 -0.23402275417508994 0 0 0 0 1
1685094185.728275299 0.017647327726933292 -0.25742141150202486 0 0 0 0 1
1685094185.761608601 0.018660575153748242 -0.28093891988666136 0 0 0 0 1
1685094185.794941902 0.02307213896276526 -0.30559084223565863 0 0 0 0 1
1685094185.828275442 0.02817952471010282 -0.3323447641119096 0 0 0 0 1
1685094185.861608744 0.03011543266782778 -0.35654552302452636 0 0 0 0 1
1685094185.894942045 0.029987795838449804 -0.375446034617384 0 0 0 0 1
1685094185.928275347 0.023991764000973647 -0.39337068891909743 0 0 0 0 1
1685094185.961608648 0.010973035306959745 -0.415405756703821 0 0 0 0 1
1685094185.994941950 -0.002172039415075424 -0.4379628783097381 0 0 0 0 1
1685094186.028275251 -0.015033685023508627 -0.4607217783071754 0 0 0 0 1
1685094186.061608791 -0.028043204767212174 -0.4841850111407947 0 0 0 0 1
1685094186.094942093 -0.040948336697775714 -0.5077058204130368 0 0 0 0 1
1685094186.128275394 -0.048067092991030326 -0.5281493035201776 0 0 0 0 1
1685094186.161608696 -0.061500448284820146 -0.5517566270200143 0 0 0 0 1
1685094186.194941998 -0.07532942084107135 -0.583114829978251 0 0 0 0 1
1685094186.228275299 -0.08510267344671309 -0.5795970092078493 0 0 0 0 1
1685094186.261608601 -0.08913997736483395 -0.5700266535959047 0 0 0 0 1
1685094186.294941902 -0.08483935777783871 -0.5605716971901721 0 0 0 0 1
1685094186.328275442 -0.07855829441488746 -0.5340797253905549 0 0 0 0 1
1685094186.361608744 -0.07220995895754095 -0.5076037936086117 0 0 0 0 1
1685094186.394942045 -0.06579439236613299 -0.481144072670697 0 0 0 0 1
1685094186.428275347 -0.05931163603478194 -0.45470073329857075 0 0 0 0 1
1685094186.461608648 -0.05278775073517367 -0.4271464922495309 0 0 0 0 1
1685094186.494941950 -0.054178931636347495 -0.41641738263914924 0 0 0 0 1
1685094186.528275251 -0.050090024945627955 -0.40640089526053375 0 0 0 0 1
1685094186.561608791 -0.0415878634511487 -0.3997104223883693 0 0 0 0 1
1685094186.594942093 -0.027689581205003238 -0.40116692927526637 0 0 0 0 1
1685094186.628275394 -0.021865857113440784 -0.4138699958109678 0 0 0 0 1
1685094186.661608696 -0.029833054494631802 -0.42535073740697305 0 0 0 0 1
1685094186.694941998 -0.04377085182536945 -0.4243400607661114 0 0 0 0 1
1685094186.728275299 -0.04999839607332086 -0.4118300106325225 0 0 0 0 1
1685094186.761608601 -0.04240294821761629 -0.4001000134638794 0 0 0 0 1
1685094186.794941902 -0.013518063125385258 -0.40416639754884787 0 0 0 0 1
1685094186.828275442 0.015362062576084938 -0.40826644703454373 0 0 0 0 1
1685094186.861608744 0.04423738964970511 -0.4124001563505616 0 0 0 0 1
1685094186.894942045 0.07310787886490554 -0.4165675198807652 0 0 0 0 1
1685094186.928275347 0.10197349099768932 -0.420768531963295 0 0 0 0 1
1685094186.961608648 0.13137408581850163 -0.4250139610451566 0 0 0 0 1
1685094186.994941950 0.16078371681906528 -0.4291963345719207 0 0 0 0 1
1685094187.028275251 0.19020224876407676 -0.43331563331163725 0 0 0 0 1
1685094187.061608791 0.21962954637730306 -0.4373718383223951 0 0 0 0 1
1685094187.094942093 0.24899224385533955 -0.44161174004646253 0 0 0 0 1
1685094187.128275394 0.25766462598246553 -0.44008000695756366 0 0 0 0 1
1685094187.161608696 0.2582897352543823 -0.4327657107613969 0 0 0 0 1
1685094187.194941998 0.2860004024153707 -0.44137139238951684 0 0 0 0 1
1685094187.228275299 0.3146208530341913 -0.44614723128622324 0 0 0 0 1
1685094187.261608601 0.3436243441324368 -0.44700533087580024 0 0 0 0 1
1685094187.294941902 0.37247708309136884 -0.4439298983274638 0 0 0 0 1
1685094187.328275442 0.4052968918379386 -0.4084471132892257 0 0 0 0 1
1685094187.361608744 0.3863233381772449 -0.36399295553411803 0 0 0 0 1
1685094187.394942045 0.337996867697533 -0.36314435008706986 0 0 0 0 1
1685094187.428275347 0.3174742761506991 -0.4069049615594093 0 0 0 0 1
1685094187.461608648 0.3490280908224763 -0.443518137601517 0 0 0 0 1
1685094187.494941950 0.37707123091301276 -0.4485316427946208 0 0 0 0 1
1685094187.528275251 0.40512753877506613 -0.4534709271160999 0 0 0 0 1
1685094187.561608791 0.4336329305557078 -0.45796262060783793 0 0 0 0 1
1685094187.594942093 0.46219523029750065 -0.46207694976963015 0 0 0 0 1
1685094187.628275394 0.49080944254307607 -0.4658131950181056 0 0 0 0 1
1685094187.661608696 0.519558480519218 -0.46935345794406813 0 0 0 0 1
1685094187.694941998 0.5483069856783525 -0.47289804497979127 0 0 0 0 1
1685094187.728275299 0.5770549573700949 -0.476446956045085 0 0 0 0 1
1685094187.761608601 0.5945012163755091 -0.4766309579116821 0 0 0 0 1
1685094187.794941902 0.6198691258560097 -0.46564340247517744 0 0 0 0 1
1685094187.828275442 0.6450106760940391 -0.45468618685843526 0 0 0 0 1
1685094187.861608744 0.6701517925782515 -0.4442929499917973 0 0 0 0 1
1685094187.894942045 0.6953494229335846 -0.4340374863204277 0 0 0 0 1
1685094187.928275347 0.7053472579212603 -0.41842779491537824 0 0 0 0 1
1685094187.961608648 0.702277908937628 -0.40014670449335094 0 0 0 0 1
1685094187.994941950 0.694376878040524 -0.37498588346344763 0 0 0 0 1
1685094188.028275251 0.686337602615499 -0.35007638687205334 0 0 0 0 1
1685094188.061608791 0.6775264204950472 -0.32523706071081465 0 0 0 0 1
1685094188.094942093 0.6686557183130033 -0.30064386850740615 0 0 0 0 1
