1685094126.800660610 1.4153047545326914e-19 4.932190627733755e-18 0 0 0 0 1
1685094126.833993912 0.0003695518697072156 -0.015367457959405969 0 0 0 0 1
1685094126.867327213 0.0005272603268554978 -0.031469583576947194 0 0 0 0 1
1685094126.900660515 0.0003798022183151033 -0.04798915782157369 0 0 0 0 1
1685094126.933993816 0.00014228408502558418 -0.06504946480647045 0 0 0 0 1
1685094126.967327118 -0.0003864300006187208 -0.08244441474242961 0 0 0 0 1
1685094127.000660419 -0.0011243323799908433 -0.09993889453603493 0 0 0 0 1
1685094127.033993959 -0.0018271106785900733 -0.11760254249457197 0 0 0 0 1
1685094127.067327261 -0.002370556174045268 -0.1360239316848905 0 0 0 0 1
1685094127.100660563 -0.002499711656669518 -0.1552263053343456 0 0 0 0 1
1685094127.133993864 -0.002395147240322962 -0.1744841456063576 0 0 0 0 1
1685094127.167327166 -0.0019267977193453867 -0.19411381812380496 0 0 0 0 1
1685094127.200660467 -0.0014028363293820832 -0.2142146243263138 0 0 0 0 1
1685094127.233993769 -0.0009484309415408953 -0.23379103430276826 0 0 0 0 1
1685094127.267327070 -0.00077919080655078 -0.2544808195165067 0 0 0 0 1
1685094127.300660610 -0.0009391987600854172 -0.2756185369949182 0 0 0 0 1
1685094127.333993912 -0.0010128482787357352 -0.29669378406827823 0 0 0 0 1
1685094127.367327213 -0.0008528184811243808 -0.3177061150816785 0 0 0 0 1
1685094127.400660515 -0.0008351541326648356 -0.3386209732911416 0 0 0 0 1
1685094127.433993816 -0.0012596829205279154 -0.3595959420330904 0 0 0 0 1
1685094127.467327118 -0.0020062861485707698 -0.3811425509711539 0 0 0 0 1
1685094127.500660419 -0.01037995567929111 -0.38999785855824975 0 0 0 0 1
1685094127.533993959 -0.016338829374994947 -0.41114297984145126 0 0 0 0 1
1685094127.567327261 -0.01928368488416796 -0.4285266730543312 0 0 0 0 1
1685094127.600660563 -0.027662574771901902 -0.44873359432302823 0 0 0 0 1
1685094127.633993864 -0.03634538796613257 -0.46955583832744463 0 0 0 0 1
1685094127.667327166 -0.044843788571194934 -0.4904726339121143 0 0 0 0 1
1685094127.700660467 -0.05198072166025248 -0.507758616978106 0 0 0 0 1
1685094127.733993769 -0.061322650405690154 -0.5289061694459446 0 0 0 0 1
1685094127.767327070 -0.0708159573198124 -0.5506198220175914 0 0 0 0 1
1685094127.800660610 -0.08262288192178953 -0.5597998157871711 0 0 0 0 1
1685094127.833993912 -0.08907604624968289 -0.5831669953409417 0 0 0 0 1
1685094127.867327213 -0.09557442850708764 -0.6065541893872652 0 0 0 0 1
1685094127.900660515 -0.10212650012096416 -0.6299263988440191 0 0 0 0 1
1685094127.933993816 -0.10855014825741667 -0.65308508135464 0 0 0 0 1
1685094127.967327118 -0.11494278428635146 -0.6762523435064407 0 0 0 0 1
1685094128.000660419 -0.12130439674858255 -0.6994281437707051 0 0 0 0 1
1685094128.033993959 -0.12763497424053555 -0.722612440603412 0 0 0 0 1
1685094128.067327261 -0.1336324239537525 -0.7459370540286298 0 0 0 0 1
1685094128.100660563 -0.13960356841311164 -0.7692684155050605 0 0 0 0 1
1685094128.133993864 -0.14618194081047708 -0.7939083679516288 0 0 0 0 1
1685094128.167327166 -0.15275438386870116 -0.8185499026484362 0 0 0 0 1
1685094128.200660467 -0.15932089720721632 -0.8431930181686512 0 0 0 0 1
1685094128.233993769 -0.16588148044579828 -0.8678377130853508 0 0 0 0 1
1685094128.267327070 -0.17243613320456622 -0.8924839859715205 0 0 0 0 1
1685094128.300660610 -0.1792741398847975 -0.9172677536951334 0 0 0 0 1
1685094128.333993912 -0.18617601440650905 -0.9420338112341005 0 0 0 0 1
1685094128.367327213 -0.19314171090204424 -0.9667819940011031 0 0 0 0 1
1685094128.400660515 -0.2001742888298215 -0.9913450267495433 0 0 0 0 1
1685094128.433993816 -0.20717472236314993 -1.0159172399273715 0 0 0 0 1
1685094128.467327118 -0.21414299951783172 -1.04049859146887 0 0 0 0 1
1685094128.500660419 -0.22069962876728538 -1.0651791578488452 0 0 0 0 1
1685094128.533993959 -0.2271042808290059 -1.0898995982963666 0 0 0 0 1
1685094128.567327261 -0.2332534173169399 -1.115301445091493 0 0 0 0 1
1685094128.600660563 -0.23916816099995772 -1.1407588901187247 0 0 0 0 1
1685094128.633993864 -0.24484800937971957 -1.1662697705922254 0 0 0 0 1
1685094128.667327166 -0.2502924799138645 -1.1918319191864486 0 0 0 0 1
1685094128.700660467 -0.2555011100570057 -1.2174431642202668 0 0 0 0 1
1685094128.733993769 -0.260473457300027 -1.2431013298414708 0 0 0 0 1
1685094128.767327070 -0.2652090992076771 -1.2688042362116234 0 0 0 0 1
1685094128.800660610 -0.26970763345445814 -1.2945496996912513 0 0 0 0 1
1685094128.833993912 -0.2739686778588063 -1.3203355330253612 0 0 0 0 1
1685094128.867327213 -0.2791385057314954 -1.3349477444450872 0 0 0 0 1
1685094128.900660515 -0.27344211365527415 -1.3493628393154642 0 0 0 0 1
1685094128.933993816 -0.25968007839207674 -1.3564937739121714 0 0 0 0 1
1685094128.967327118 -0.24461837314727905 -1.3528346923434111 0 0 0 0 1
1685094129.000660419 -0.23289519762823452 -1.3272894874816716 0 0 0 0 1
1685094129.033993959 -0.2213168383397273 -1.3016783193735044 0 0 0 0 1
1685094129.067327261 -0.21014679628625405 -1.2766679014920328 0 0 0 0 1
1685094129.100660563 -0.19846077206757615 -1.2518943736842565 0 0 0 0 1
1685094129.133993864 -0.1862637864600431 -1.2273683796336206 0 0 0 0 1
1685094129.167327166 -0.17334144362052617 -1.2029618233739114 0 0 0 0 1
1685094129.200660467 -0.16008933667667466 -1.178504384347535 0 0 0 0 1
1685094129.233993769 -0.14667306684855042 -1.1540720584254813 0 0 0 0 1
1685094129.267327070 -0.1332527547811721 -1.1296419526116153 0 0 0 0 1
1685094129.300660610 -0.14447704176469092 -1.1443230238405195 0 0 0 0 1
1685094129.333993912 -0.13166927421794045 -1.157645169357851 0 0 0 0 1
1685094129.367327213 -0.11655783872698829 -1.1470073599912878 0 0 0 0 1
1685094129.400660515 -0.10075054590023155 -1.169684149937031 0 0 0 0 1
1685094129.433993816 -0.08458668690650757 -1.1919045223144025 0 0 0 0 1
1685094129.467327118 -0.06834780301113018 -1.2140701248550623 0 0 0 0 1
1685094129.500660419 -0.051958432012029286 -1.2363918098338254 0 0 0 0 1
1685094129.533993959 -0.0355460816923057 -1.2586966043637011 0 0 0 0 1
1685094129.567327261 -0.036299900893451975 -1.2725383407036626 0 0 0 0 1
1685094129.600660563 -0.050563971063588356 -1.2491266408310937 0 0 0 0 1
1685094129.633993864 -0.06439473369309927 -1.225456376915625 0 0 0 0 1
1685094129.667327166 -0.07778750331705225 -1.2015355677624726 0 0 0 0 1
1685094129.700660467 -0.09073774284995889 -1.1773723170543793 0 0 0 0 1
1685094129.733993769 -0.10236544077390061 -1.1544751918593334 0 0 0 0 1
1685094129.767327070 -0.11395805327387913 -1.1318638418458076 0 0 0 0 1
1685094129.800660610 -0.12550713042067108 -1.1093494832544613 0 0 0 0 1
1685094129.833993912 -0.1370658767119826 -1.087281948090373 0 0 0 0 1
1685094129.867327213 -0.14863316047265743 -1.0660103716891656 0 0 0 0 1
