1685093648.191842318 5.370607935569103e-19 4.000126688063216e-18 0 0 0 0 1
1685093648.225175858 3.507465975516978e-05 -0.008705471956200172 0 0 0 0 1
1685093648.258509159 0.00010240474813231508 -0.017999001358995088 0 0 0 0 1
1685093648.291842461 5.747427915900969e-05 -0.027652773235400083 0 0 0 0 1
1685093648.325175762 -0.00013620491438982234 -0.03753634879235743 0 0 0 0 1
1685093648.358509064 -0.00040386238852419405 -0.047528924910203524 0 0 0 0 1
1685093648.391842365 -0.0009245535885882402 -0.057817008711633956 0 0 0 0 1
1685093648.425175667 -0.001598164559401081 -0.06836864784291773 0 0 0 0 1
1685093648.458508968 -0.002304837795551385 -0.07929175511304815 0 0 0 0 1
1685093648.491842508 -0.0030391463622589337 -0.09048526604025942 0 0 0 0 1
1685093648.525175810 -0.0038480002182304887 -0.1021449214303785 0 0 0 0 1
1685093648.558509111 -0.0047122111971698594 -0.11402016240049245 0 0 0 0 1
1685093648.591842413 -0.005683972873072979 -0.12672975975795012 0 0 0 0 1
1685093648.625175714 -0.006480859351392715 -0.13905291994742286 0 0 0 0 1
1685093648.658509016 -0.007361625209734912 -0.1518090133780614 0 0 0 0 1
1685093648.691842318 -0.008272069275234465 -0.16492273386302791 0 0 0 0 1
1685093648.725175858 -0.009075432449816324 -0.17840279430115907 0 0 0 0 1
1685093648.758509159 -0.009728506408420767 -0.19229449408945357 0 0 0 0 1
1685093648.791842461 -0.01016931233107898 -0.20668815265888207 0 0 0 0 1
1685093648.825175762 -0.010368140772315513 -0.22133992960434629 0 0 0 0 1
1685093648.858509064 -0.010156030517442523 -0.23477025428262782 0 0 0 0 1
1685093648.891842365 -0.009358912393433212 -0.2501204327731225 0 0 0 0 1
1685093648.925175667 -0.008581179154450284 -0.26587734344606434 0 0 0 0 1
1685093648.958508968 -0.007747116834164068 -0.28206551030672156 0 0 0 0 1
1685093648.991842508 -0.007063424283902315 -0.2986089988569152 0 0 0 0 1
1685093649.025175810 -0.006361188344289698 -0.3156165632642801 0 0 0 0 1
1685093649.058509111 -0.005628971298716761 -0.33335226451117894 0 0 0 0 1
1685093649.091842413 -0.004836698867168494 -0.3515519821125312 0 0 0 0 1
1685093649.125175714 -0.003975431076539053 -0.37046999892306565 0 0 0 0 1
1685093649.158509016 -0.0032099813805045027 -0.38975718150893546 0 0 0 0 1
1685093649.191842318 -0.002488816793607099 -0.4095327435474813 0 0 0 0 1
1685093649.225175858 -0.004507273838033597 -0.4278909714000742 0 0 0 0 1
1685093649.258509159 -0.007292709010941304 -0.44833142827844885 0 0 0 0 1
1685093649.291842461 -0.010580366728874522 -0.4685539136907292 0 0 0 0 1
1685093649.325175762 -0.013892087640467564 -0.4890445057667489 0 0 0 0 1
1685093649.358509064 -0.016989998726155302 -0.5112217364339344 0 0 0 0 1
1685093649.391842365 -0.021620367389166048 -0.5320530929546345 0 0 0 0 1
1685093649.425175667 -0.026166455020084748 -0.553147314125335 0 0 0 0 1
1685093649.458508968 -0.03058248826901912 -0.5745147012580943 0 0 0 0 1
1685093649.491842508 -0.034855150255641155 -0.5961092339503292 0 0 0 0 1
1685093649.525175810 -0.03910890853829911 -0.6177720797603851 0 0 0 0 1
1685093649.558509111 -0.043116185549227824 -0.6396439843089249 0 0 0 0 1
1685093649.591842413 -0.04718918614996625 -0.6616285920108249 0 0 0 0 1
1685093649.625175714 -0.05108426108797792 -0.6839612143606161 0 0 0 0 1
1685093649.658509016 -0.05495074567755633 -0.7062234815694176 0 0 0 0 1
1685093649.691842318 -0.05873137877822618 -0.7283711707633885 0 0 0 0 1
1685093649.725175858 -0.06255515620373062 -0.750827050029088 0 0 0 0 1
1685093649.758509159 -0.06983000071064151 -0.7711213223754528 0 0 0 0 1
1685093649.791842461 -0.07760165391143953 -0.7959686812536984 0 0 0 0 1
1685093649.825175762 -0.08631546604738655 -0.8177557319002686 0 0 0 0 1
1685093649.858509064 -0.09517861382944533 -0.8395588669468027 0 0 0 0 1
1685093649.891842365 -0.10376423151177085 -0.8615704368279418 0 0 0 0 1
1685093649.925175667 -0.11254628759905344 -0.8834245262934413 0 0 0 0 1
1685093649.958508968 -0.12133565726420277 -0.9051356499309807 0 0 0 0 1
1685093649.991842508 -0.1301430520649817 -0.9267348274842412 0 0 0 0 1
1685093650.025175810 -0.13912094794223 -0.9485091955690951 0 0 0 0 1
1685093650.058509111 -0.1481213706542978 -0.9701410578276234 0 0 0 0 1
1685093650.091842413 -0.15723806659234146 -0.9919168795278924 0 0 0 0 1
1685093650.125175714 -0.16638522646254103 -1.0137719708624093 0 0 0 0 1
1685093650.158509016 -0.17544922400864654 -1.0358338316698654 0 0 0 0 1
1685093650.191842318 -0.18312659947332582 -1.0499769243283967 0 0 0 0 1
1685093650.225175858 -0.19947535221454743 -1.0668982725914389 0 0 0 0 1
1685093650.258509159 -0.21610048221330785 -1.083802848114144 0 0 0 0 1
1685093650.291842461 -0.23272640090958344 -1.1005554494955374 0 0 0 0 1
1685093650.325175762 -0.24931777565364086 -1.1171611389745673 0 0 0 0 1
1685093650.358509064 -0.2622525035490634 -1.129508708755281 0 0 0 0 1
1685093650.391842365 -0.2796106480463139 -1.1472371703975326 0 0 0 0 1
1685093650.425175667 -0.2916967533677922 -1.1667263781044057 0 0 0 0 1
1685093650.458508968 -0.30360100996428263 -1.1863350872616543 0 0 0 0 1
1685093650.491842508 -0.3155484414351924 -1.2056556084291843 0 0 0 0 1
1685093650.525175810 -0.3271158121097393 -1.224922770883169 0 0 0 0 1
1685093650.558509111 -0.3386893636577908 -1.2440956588223582 0 0 0 0 1
1685093650.591842413 -0.35018881959628534 -1.2630667642140998 0 0 0 0 1
1685093650.625175714 -0.3613321501916921 -1.2816186958438855 0 0 0 0 1
1685093650.658509016 -0.3720071708060195 -1.299639870248908 0 0 0 0 1
1685093650.691842318 -0.3822976540042242 -1.3169937137086665 0 0 0 0 1
1685093650.725175858 -0.39237474940191197 -1.3339243180735574 0 0 0 0 1
