1685094304.197872400 -1.7569431929165423e-18 1.450104016589083e-17 0 0 0 0 1
1685094304.231205702 0.0002777383672472412 -0.01626020373451005 0 0 0 0 1
1685094304.264539242 0.0006160123389107105 -0.03307231787867678 0 0 0 0 1
1685094304.297872543 0.0009236873659981494 -0.05075349919381902 0 0 0 0 1
1685094304.331205845 0.0012711962172426683 -0.0693877139152368 0 0 0 0 1
1685094304.364539146 0.0016073821866800576 -0.08848085386458422 0 0 0 0 1
1685094304.397872448 0.0020631773027245666 -0.10801354596951913 0 0 0 0 1
1685094304.431205750 0.0025202446981567113 -0.12797697486727075 0 0 0 0 1
1685094304.464539051 0.002952434167816613 -0.14869753803024552 0 0 0 0 1
1685094304.497872353 0.0041979274905746735 -0.16542430258895588 0 0 0 0 1
1685094304.531205893 0.006713266988761736 -0.18729299639577954 0 0 0 0 1
1685094304.564539194 0.009170583244049716 -0.2095631041751108 0 0 0 0 1
1685094304.597872496 0.008155762726943192 -0.23014986096030005 0 0 0 0 1
1685094304.631205797 0.00909896872090736 -0.2537610250115462 0 0 0 0 1
1685094304.664539099 0.010072871007475373 -0.2778363623457749 0 0 0 0 1
1685094304.697872400 0.010918718835002481 -0.30229058625125793 0 0 0 0 1
1685094304.731205702 0.012097406550637693 -0.3267523759276251 0 0 0 0 1
1685094304.764539242 0.010077755030755699 -0.3437269750751486 0 0 0 0 1
1685094304.797872543 0.03243416089887132 -0.35524216563806577 0 0 0 0 1
1685094304.831205845 0.04508045984922162 -0.36354898801057933 0 0 0 0 1
1685094304.864539146 0.07096713330706482 -0.36294431017904705 0 0 0 0 1
1685094304.897872448 0.08944848424230477 -0.37432902329619877 0 0 0 0 1
1685094304.931205750 0.10010259353872122 -0.39324097666573066 0 0 0 0 1
1685094304.964539051 0.11199494624686954 -0.4146602307064328 0 0 0 0 1
1685094304.997872353 0.12339473159055578 -0.4363456495567344 0 0 0 0 1
1685094305.031205893 0.13429599593049896 -0.4582859078137791 0 0 0 0 1
1685094305.064539194 0.14821111620207164 -0.4828039667730315 0 0 0 0 1
1685094305.097872496 0.16217372477354106 -0.5075555826718221 0 0 0 0 1
1685094305.131205797 0.1761393182832824 -0.5323055145028798 0 0 0 0 1
1685094305.164539099 0.18990630094141556 -0.5574337180570226 0 0 0 0 1
1685094305.197872400 0.20363102260857516 -0.5825850289677241 0 0 0 0 1
1685094305.231205702 0.21308583467835449 -0.6069211608395257 0 0 0 0 1
1685094305.264539242 0.1867892805255468 -0.6175712135319114 0 0 0 0 1
1685094305.297872543 0.16520971681770433 -0.6296072593937289 0 0 0 0 1
1685094305.331205845 0.14570545148985112 -0.6447772166721562 0 0 0 0 1
1685094305.364539146 0.12311441180623153 -0.6627168353680896 0 0 0 0 1
1685094305.397872448 0.10028746683423172 -0.6803553040144219 0 0 0 0 1
1685094305.431205750 0.07722863077239796 -0.6976895208244146 0 0 0 0 1
1685094305.464539051 0.053941958598140154 -0.7147164375150843 0 0 0 0 1
1685094305.497872353 0.030431545354649692 -0.7314330598432542 0 0 0 0 1
1685094305.531205893 0.006701525430771961 -0.7478364481321026 0 0 0 0 1
1685094305.564539194 -0.0172439281660407 -0.7639237177881147 0 0 0 0 1
1685094305.597872496 -0.041400604543567046 -0.7796920398083494 0 0 0 0 1
1685094305.631205797 -0.06576425566531706 -0.7951386412779288 0 0 0 0 1
1685094305.664539099 -0.09033059709756401 -0.8102608058576649 0 0 0 0 1
1685094305.697872400 -0.11509530876277733 -0.8250558742617381 0 0 0 0 1
1685094305.731205702 -0.14005403569932343 -0.8395212447253414 0 0 0 0 1
1685094305.764539242 -0.16520238882730098 -0.85365437346221 0 0 0 0 1
1685094305.797872543 -0.19053594572037608 -0.8674527751119551 0 0 0 0 1
1685094305.831205845 -0.19691097982222386 -0.8700323153210892 0 0 0 0 1
1685094305.864539146 -0.19890501987676684 -0.8766140241988154 0 0 0 0 1
1685094305.897872448 -0.19503353383054703 -0.8822979210385009 0 0 0 0 1
1685094305.931205750 -0.188178783309671 -0.8828524323429947 0 0 0 0 1
1685094305.964539051 -0.1834440243111857 -0.8778647330019634 0 0 0 0 1
1685094305.997872353 -0.18435421185424242 -0.8710480882168271 0 0 0 0 1
1685094306.031205893 -0.19023172535682356 -0.867477384852329 0 0 0 0 1
1685094306.064539194 -0.19670084670367105 -0.8698109564689767 0 0 0 0 1
1685094306.097872496 -0.19894541486771605 -0.8763114950041457 0 0 0 0 1
1685094306.131205797 -0.1952943834835132 -0.8821394498188151 0 0 0 0 1
1685094306.164539099 -0.1644437864274717 -0.8818128591933398 0 0 0 0 1
1685094306.197872400 -0.1335925253562099 -0.8815565576839218 0 0 0 0 1
1685094306.231205702 -0.10274076041422732 -0.8813705466209856 0 0 0 0 1
1685094306.264539242 -0.07188865174863887 -0.8812548269700881 0 0 0 0 1
1685094306.297872543 -0.0410363595083438 -0.8812093993319136 0 0 0 0 1
1685094306.331205845 -0.01059373012737077 -0.8810966295589207 0 0 0 0 1
1685094306.364539146 0.01942256066665385 -0.8810930112772263 0 0 0 0 1
1685094306.397872448 0.0494387921516284 -0.8810332319845747 0 0 0 0 1
1685094306.431205750 0.0794548592494001 -0.8809172918902362 0 0 0 0 1
1685094306.464539051 0.10947065688239158 -0.8807451914000832 0 0 0 0 1
1685094306.497872353 0.1394860799739688 -0.8805169311165901 0 0 0 0 1
1685094306.531205893 0.1695010234488089 -0.8802325118388301 0 0 0 0 1
1685094306.564539194 0.19856024542957237 -0.879614724884738 0 0 0 0 1
1685094306.597872496 0.22771519347660285 -0.878905535066061 0 0 0 0 1
1685094306.631205797 0.2568643956408581 -0.8779901340548439 0 0 0 0 1
1685094306.664539099 0.286006393421245 -0.8768685676538284 0 0 0 0 1
1685094306.697872400 0.31513972867714685 -0.8755408919813881 0 0 0 0 1
1685094306.731205702 0.34426294370138244 -0.8740071734687208 0 0 0 0 1
1685094306.764539242 0.37130287523452293 -0.872413438491533 0 0 0 0 1
1685094306.797872543 0.3982127853024486 -0.8709197821257806 0 0 0 0 1
1685094306.831205845 0.4251197991688985 -0.869374830995982 0 0 0 0 1
1685094306.864539146 0.45108531306645144 -0.8676990135458725 0 0 0 0 1
1685094306.897872448 0.47687220308035344 -0.8664989620609409 0 0 0 0 1
1685094306.931205750 0.5024125248599972 -0.865537835560266 0 0 0 0 1
1685094306.964539051 0.527352870922675 -0.864338135613534 0 0 0 0 1
