1685094348.693400145 -2.317368411547951e-20 9.261891658545704e-18 0 0 0 0 1
1685094348.726733446 4.9226627200742995e-05 -0.014397332811429573 0 0 0 0 1
1685094348.760066748 0.00019721561537480758 -0.029429018861983253 0 0 0 0 1
1685094348.793400049 0.00045895687149418975 -0.0451093643483598 0 0 0 0 1
1685094348.826733351 0.0005629269215382818 -0.0613816514161748 0 0 0 0 1
1685094348.860066652 0.0006753481520732358 -0.07829516484360849 0 0 0 0 1
1685094348.893399954 0.0031351889543687044 -0.09502286486934124 0 0 0 0 1
1685094348.926733494 0.004055200508249468 -0.11257477310557105 0 0 0 0 1
1685094348.960066795 0.005334508941505329 -0.1305825220644375 0 0 0 0 1
1685094348.993400097 0.006650662134733351 -0.1492775970931939 0 0 0 0 1
1685094349.026733398 0.008140528056777374 -0.16847486758138028 0 0 0 0 1
1685094349.060066700 0.022949079825070925 -0.18486490264548122 0 0 0 0 1
1685094349.093400002 0.03228922311849605 -0.2029344818627703 0 0 0 0 1
1685094349.126733303 0.04411782803419007 -0.22626261025374986 0 0 0 0 1
1685094349.160066843 0.0528199919102767 -0.22893357682623658 0 0 0 0 1
1685094349.193400145 0.07278318512282372 -0.22065990270931646 0 0 0 0 1
1685094349.226733446 0.09329368717741042 -0.21206981577404352 0 0 0 0 1
1685094349.260066748 0.11408516111053357 -0.20316433462543618 0 0 0 0 1
1685094349.293400049 0.13531102147997867 -0.19414909719591908 0 0 0 0 1
1685094349.326733351 0.1564835947162009 -0.18500941465818557 0 0 0 0 1
1685094349.360066652 0.17723408213860217 -0.1755857219707327 0 0 0 0 1
1685094349.393399954 0.19822607647373844 -0.1667130174242941 0 0 0 0 1
1685094349.426733494 0.2214231130191399 -0.15804951424488245 0 0 0 0 1
1685094349.460066795 0.2446135468877851 -0.14936835252467723 0 0 0 0 1
1685094349.493400097 0.2689342541134528 -0.14027557062891757 0 0 0 0 1
1685094349.526733398 0.29312847720119184 -0.13115340020549904 0 0 0 0 1
1685094349.560066700 0.3172995734685181 -0.12197012577374963 0 0 0 0 1
1685094349.593400002 0.3414473885937571 -0.11272580596478284 0 0 0 0 1
1685094349.626733303 0.365571768403874 -0.10342049979945968 0 0 0 0 1
1685094349.660066843 0.3906907408435492 -0.0942782299805716 0 0 0 0 1
1685094349.693400145 0.4158497168429562 -0.08524662987163306 0 0 0 0 1
1685094349.726733446 0.4410482088137736 -0.07632587450769857 0 0 0 0 1
1685094349.760066748 0.46637291287457405 -0.06794149773159504 0 0 0 0 1
1685094349.793400049 0.4917691417030618 -0.05977632957766954 0 0 0 0 1
1685094349.826733351 0.5177048619560994 -0.050927828398251815 0 0 0 0 1
1685094349.860066652 0.5438550283811315 -0.042030448534534186 0 0 0 0 1
1685094349.893399954 0.5627433498216813 -0.033115101311343695 0 0 0 0 1
1685094349.926733494 0.5812160285623778 -0.0192690977750299 0 0 0 0 1
1685094349.960066795 0.5946355602304694 -0.0004843208640926994 0 0 0 0 1
1685094349.993400097 0.607192368443056 0.02626050939957814 0 0 0 0 1
1685094350.026733398 0.6197795315923869 0.052991066860513664 0 0 0 0 1
1685094350.060066700 0.6323970334551883 0.07970731706637994 0 0 0 0 1
1685094350.093400002 0.6450448577690838 0.10640922558328338 0 0 0 0 1
1685094350.126733303 0.6576308631884644 0.13345273795026902 0 0 0 0 1
1685094350.160066843 0.6702407473670241 0.16048512435182988 0 0 0 0 1
1685094350.193400145 0.6828745004694763 0.18750636370361135 0 0 0 0 1
1685094350.226733446 0.6955321126419173 0.21451643492995315 0 0 0 0 1
1685094350.260066748 0.7082135740118342 0.24151531696390577 0 0 0 0 1
1685094350.293400049 0.7209188746881124 0.2685029887472469 0 0 0 0 1
1685094350.326733351 0.7198958055527588 0.2943935094846653 0 0 0 0 1
1685094350.360066652 0.7042666654326862 0.2737272153413616 0 0 0 0 1
1685094350.393399954 0.734047555827784 0.2667119051607607 0 0 0 0 1
1685094350.426733494 0.7637067006723882 0.259910198006428 0 0 0 0 1
1685094350.460066795 0.7936658262895191 0.25316560454530607 0 0 0 0 1
1685094350.493400097 0.8237659282498158 0.2470809837125365 0 0 0 0 1
1685094350.526733398 0.854558776648071 0.24133021184423156 0 0 0 0 1
1685094350.560066700 0.8693656281254293 0.24626961558134453 0 0 0 0 1
1685094350.593400002 0.8773382135425175 0.25968894647815105 0 0 0 0 1
1685094350.626733303 0.8745950813053904 0.2750550060081798 0 0 0 0 1
1685094350.660066843 0.8624717247875501 0.28488683120455555 0 0 0 0 1
1685094350.693400145 0.8468703976518142 0.2843977999637299 0 0 0 0 1
1685094350.726733446 0.8353866028511983 0.2738259970461523 0 0 0 0 1
1685094350.760066748 0.8169281964222679 0.24892142722959698 0 0 0 0 1
1685094350.793400049 0.7984459734516557 0.22388094077272402 0 0 0 0 1
1685094350.826733351 0.7797971291377609 0.1989703993162552 0 0 0 0 1
1685094350.860066652 0.7610358977449976 0.17414439145100347 0 0 0 0 1
1685094350.893399954 0.7555508514413989 0.17958240436529724 0 0 0 0 1
1685094350.926733494 0.7517506729749021 0.2093680417342581 0 0 0 0 1
1685094350.960066795 0.7480122260783169 0.23916149008542884 0 0 0 0 1
1685094350.993400097 0.7443355268054385 0.2689626214785367 0 0 0 0 1
1685094351.026733398 0.7407205909449027 0.29877130794031626 0 0 0 0 1
1685094351.060066700 0.7371674340201185 0.3285874214650586 0 0 0 0 1
1685094351.093400002 0.733676071289201 0.35841083401516133 0 0 0 0 1
1685094351.126733303 0.7302465177449061 0.38824141752167823 0 0 0 0 1
1685094351.160066843 0.7570054081694394 0.40256435528462464 0 0 0 0 1
1685094351.193400145 0.7267515045489218 0.4049904794846291 0 0 0 0 1
1685094351.226733446 0.7508859384826698 0.38658629893750973 0 0 0 0 1
1685094351.260066748 0.7405407316610971 0.4151198135954046 0 0 0 0 1
1685094351.293400049 0.763771128017788 0.3990093970760299 0 0 0 0 1
1685094351.326733351 0.7869726135340195 0.3828573722755042 0 0 0 0 1
1685094351.360066652 0.8102005002351469 0.3669753182295761 0 0 0 0 1
1685094351.393399954 0.8333738705634758 0.35101382491145827 0 0 0 0 1
1685094351.426733494 0.8564924528382097 0.33497307945108296 0 0 0 0 1
1685094351.460066795 0.87807739993113 0.31987010497740287 0 0 0 0 1
1685094351.493400097 0.8973767400899482 0.30736600860870705 0 0 0 0 1
1685094351.526733398 0.9175248827478258 0.2926552302196107 0 0 0 0 1
