1685094190.321561813 -3.8437622726404027e-19 -2.2622596832056224e-19 0 0 0 0 1
1685094190.354895115 -0.0012992978536712897 -0.01791428210646101 0 0 0 0 1
1685094190.388228416 -0.0004345593836090972 -0.03395205029375583 0 0 0 0 1
1685094190.421561718 0.0033121790583131093 -0.05497735288327939 0 0 0 0 1
1685094190.454895020 0.00376115210462636 -0.0743601759065718 0 0 0 0 1
1685094190.488228321 0.004030132461809709 -0.09408804656824223 0 0 0 0 1
1685094190.521561623 0.004288884346789044 -0.11405180293327552 0 0 0 0 1
1685094190.554894924 0.004652358874731572 -0.13401392724427824 0 0 0 0 1
1685094190.588228464 0.004874551574950073 -0.1552324899182668 0 0 0 0 1
1685094190.621561766 0.004957526048575766 -0.17713182171148736 0 0 0 0 1
1685094190.654895067 0.00530177937908978 -0.1995228634245973 0 0 0 0 1
1685094190.688228369 0.005463078837176459 -0.22187859067895024 0 0 0 0 1
1685094190.721561670 0.005714003665235533 -0.2449150563603323 0 0 0 0 1
1685094190.754894972 0.0060465057963623 -0.2680894804528485 0 0 0 0 1
1685094190.788228273 -0.0011213784271709509 -0.22881040601880487 0 0 0 0 1
1685094190.821561813 -0.0027040398340227377 -0.268706764693606 0 0 0 0 1
1685094190.854895115 -0.0023300311672820448 -0.25722452785860644 0 0 0 0 1
1685094190.888228416 0.017513909629900865 -0.27147075412579935 0 0 0 0 1
1685094190.921561718 0.035293333926938585 -0.2854963338984145 0 0 0 0 1
1685094190.954895020 0.05507738345655015 -0.30167926267574097 0 0 0 0 1
1685094190.988228321 0.07476704914507531 -0.31797689638975773 0 0 0 0 1
1685094191.021561623 0.09590343252987728 -0.32562351570953557 0 0 0 0 1
1685094191.054894924 0.12040578914222086 -0.33576444345671075 0 0 0 0 1
1685094191.088228464 0.09654634697890817 -0.3267719627979607 0 0 0 0 1
1685094191.121561766 0.09638265463272848 -0.3107944459230904 0 0 0 0 1
1685094191.154895067 0.08963809323068704 -0.28503670784169216 0 0 0 0 1
1685094191.188228369 0.0825272118594421 -0.25834919197516965 0 0 0 0 1
1685094191.221561670 0.08792030817792076 -0.2371117158675631 0 0 0 0 1
1685094191.254894972 0.09237388816040117 -0.2156575436705009 0 0 0 0 1
1685094191.288228273 0.08325108440727033 -0.190759236201238 0 0 0 0 1
1685094191.321561813 0.08405361595929198 -0.157055192024013 0 0 0 0 1
1685094191.354895115 0.10488755389105049 -0.13487361676160936 0 0 0 0 1
1685094191.388228416 0.13342908398633596 -0.145430903850912 0 0 0 0 1
1685094191.421561718 0.13481352013885148 -0.17583088061744345 0 0 0 0 1
1685094191.454895020 0.10734971503692448 -0.18893868974747785 0 0 0 0 1
1685094191.488228321 0.07587764101065257 -0.17989196469304783 0 0 0 0 1
1685094191.521561623 0.045870538681857156 -0.1808997907758508 0 0 0 0 1
1685094191.554894924 0.016099470478248782 -0.18226296015189203 0 0 0 0 1
1685094191.588228464 -0.014056791029421683 -0.18359288508105048 0 0 0 0 1
1685094191.621561766 -0.047204178192928825 -0.18375297023695367 0 0 0 0 1
1685094191.654895067 -0.08012688317588205 -0.17989675452332884 0 0 0 0 1
1685094191.688228369 -0.11234006838062946 -0.17208102666283986 0 0 0 0 1
1685094191.721561670 -0.143369344982332 -0.16042088530007695 0 0 0 0 1
1685094191.754894972 -0.1727577590359164 -0.14508804399653297 0 0 0 0 1
1685094191.788228273 -0.20007252082753874 -0.12630830248362848 0 0 0 0 1
1685094191.821561813 -0.22491137837048225 -0.10435822141348347 0 0 0 0 1
1685094191.854895115 -0.24690854118593378 -0.0795610495768587 0 0 0 0 1
1685094191.888228416 -0.2657400671318329 -0.05228196356626247 0 0 0 0 1
1685094191.921561718 -0.27134285305421013 -0.04823553054805427 0 0 0 0 1
1685094191.954895020 -0.2849291283036491 -0.03811232270830614 0 0 0 0 1
1685094191.988228321 -0.2788864753817908 -0.03678114254655888 0 0 0 0 1
1685094192.021561623 -0.2783116520702213 -0.030620357440945448 0 0 0 0 1
1685094192.054894924 -0.2840037397726346 -0.02819428395790598 0 0 0 0 1
1685094192.088228464 -0.25186962349007136 -0.02748540838591162 0 0 0 0 1
1685094192.121561766 -0.2197459497523876 -0.026402117366511695 0 0 0 0 1
1685094192.154895067 -0.23388824122358012 -0.04242122446840786 0 0 0 0 1
1685094192.188228369 -0.2590882502816728 -0.02240640328609374 0 0 0 0 1
1685094192.221561670 -0.2634016396398917 -0.029052855085553057 0 0 0 0 1
1685094192.254894972 -0.26866536209878583 -0.04255032058517238 0 0 0 0 1
1685094192.288228273 -0.2772514226549595 -0.03088121979876219 0 0 0 0 1
1685094192.321561813 -0.26279911173360326 -0.029871735737407954 0 0 0 0 1
1685094192.354895115 -0.2696795548806214 -0.042621161259302355 0 0 0 0 1
1685094192.388228416 -0.2767685866702157 -0.029986527219339032 0 0 0 0 1
1685094192.421561718 -0.26230163801397927 -0.030758372809790005 0 0 0 0 1
1685094192.454895020 -0.2557425691843272 -0.05845228390230254 0 0 0 0 1
1685094192.488228321 -0.25422004556165306 -0.08687157343125637 0 0 0 0 1
1685094192.521561623 -0.25541209914608415 -0.118540916190498 0 0 0 0 1
1685094192.554894924 -0.25672255045961506 -0.15024179053836786 0 0 0 0 1
1685094192.588228464 -0.2581977423168637 -0.18193542595699538 0 0 0 0 1
1685094192.621561766 -0.25983763487013006 -0.21362096634181943 0 0 0 0 1
1685094192.654895067 -0.261686764659482 -0.24619774951773363 0 0 0 0 1
1685094192.688228369 -0.2636736961996435 -0.27876641829806775 0 0 0 0 1
1685094192.721561670 -0.2598071500440822 -0.2986511358269652 0 0 0 0 1
1685094192.754894972 -0.26098295736467514 -0.33002739940816694 0 0 0 0 1
1685094192.788228273 -0.262030374703383 -0.3614082113175295 0 0 0 0 1
1685094192.821561813 -0.2687061950935131 -0.3634342755064934 0 0 0 0 1
1685094192.854895115 -0.2715048152686099 -0.3570437169163058 0 0 0 0 1
1685094192.888228416 -0.2871020801878275 -0.3489668990266573 0 0 0 0 1
1685094192.921561718 -0.28291344497385024 -0.3319092029563485 0 0 0 0 1
1685094192.954895020 -0.2523803060242494 -0.3475806991583487 0 0 0 0 1
1685094192.988228321 -0.2292968188749127 -0.3693182270195618 0 0 0 0 1
1685094193.021561623 -0.25116725698171843 -0.36305733084997993 0 0 0 0 1
1685094193.054894924 -0.23932392620698123 -0.33260626770708784 0 0 0 0 1
1685094193.088228464 -0.22729502070865765 -0.3022280326878403 0 0 0 0 1
1685094193.121561766 -0.21508098829706537 -0.27192375670868496 0 0 0 0 1
1685094193.154895067 -0.2085292632335752 -0.24243099968174248 0 0 0 0 1
1685094193.188228369 -0.20631336065778624 -0.21230065626961983 0 0 0 0 1
1685094193.221561670 -0.21216986817752884 -0.21702863846334622 0 0 0 0 1
1685094193.254894972 -0.20571334120937457 -0.213040850866007 0 0 0 0 1
1685094193.288228273 -0.21450863688286942 -0.2412121487710472 0 0 0 0 1
1685094193.321561813 -0.21794841881974808 -0.26357822564869865 0 0 0 0 1
1685094193.354895115 -0.21366381833442138 -0.29613088051863856 0 0 0 0 1
1685094193.388228416 -0.20827278315951872 -0.3285186850157522 0 0 0 0 1
1685094193.421561718 -0.20199823812799553 -0.360314829780556 0 0 0 0 1
1685094193.454895020 -0.2050581688060937 -0.3655966605476991 0 0 0 0 1
1685094193.488228321 -0.2001726980383218 -0.3692563172781526 0 0 0 0 1
1685094193.521561623 -0.19596407113276237 -0.3648349632347281 0 0 0 0 1
1685094193.554894924 -0.20999342706822016 -0.36682242964950945 0 0 0 0 1
1685094193.588228464 -0.224045318336326 -0.3830474658562654 0 0 0 0 1
1685094193.621561766 -0.24485783768777503 -0.40816476801431856 0 0 0 0 1
1685094193.654895067 -0.2652909998419185 -0.43359163793249506 0 0 0 0 1
1685094193.688228369 -0.2858603163879303 -0.45956990297708056 0 0 0 0 1
1685094193.721561670 -0.30633249266139034 -0.485624788056949 0 0 0 0 1
1685094193.754894972 -0.3267072432577524 -0.5117559299384822 0 0 0 0 1
1685094193.788228273 -0.3469842841306907 -0.5379629643249588 0 0 0 0 1
1685094193.821561813 -0.367590258597644 -0.5636564406436381 0 0 0 0 1
1685094193.854895115 -0.3882527887780018 -0.5889403215776384 0 0 0 0 1
1685094193.888228416 -0.4092899445429956 -0.6149995181533569 0 0 0 0 1
1685094193.921561718 -0.43037419147668843 -0.6410206284311992 0 0 0 0 1
1685094193.954895020 -0.45150546062664637 -0.6670035673135618 0 0 0 0 1
1685094193.988228321 -0.44979157428231004 -0.658008408914688 0 0 0 0 1
1685094194.021561623 -0.42254769265656833 -0.6724098739620066 0 0 0 0 1
1685094194.054894924 -0.3958797520968666 -0.6925937610654807 0 0 0 0 1
1685094194.088228464 -0.3676615026860814 -0.7011080799475182 0 0 0 0 1
1685094194.121561766 -0.3505997739928591 -0.7251426517105677 0 0 0 0 1
1685094194.154895067 -0.3633236224106583 -0.7564172341453295 0 0 0 0 1
1685094194.188228369 -0.37659632395065784 -0.7875423049976481 0 0 0 0 1
1685094194.221561670 -0.389000047423131 -0.8188970109277586 0 0 0 0 1
1685094194.254894972 -0.37602147659665586 -0.8090878866892852 0 0 0 0 1
1685094194.288228273 -0.36975075478272124 -0.8240992246361801 0 0 0 0 1
1685094194.321561813 -0.38585035287208136 -0.8264369928848966 0 0 0 0 1
1685094194.354895115 -0.3789512030772084 -0.8374383060423543 0 0 0 0 1
1685094194.388228416 -0.3469854065292019 -0.8469806774722608 0 0 0 0 1
1685094194.421561718 -0.3253069897585358 -0.8471441287031237 0 0 0 0 1
1685094194.454895020 -0.34059528839526726 -0.8354578577439721 0 0 0 0 1
1685094194.488228321 -0.3107331764786077 -0.8482221735087668 0 0 0 0 1
1685094194.521561623 -0.2808881316857654 -0.8610445486598125 0 0 0 0 1
1685094194.554894924 -0.25087802548350024 -0.8734757002126529 0 0 0 0 1
1685094194.588228464 -0.22070798596602156 -0.8855135039456722 0 0 0 0 1
1685094194.621561766 -0.1903831685567689 -0.8971559028521006 0 0 0 0 1
1685094194.654895067 -0.1599087551274591 -0.9084009074915138 0 0 0 0 1
1685094194.688228369 -0.12470288182265533 -0.9242061701219182 0 0 0 0 1
1685094194.721561670 -0.0964370812022488 -0.941872616787725 0 0 0 0 1
1685094194.754894972 -0.06771678489733869 -0.9602096798586581 0 0 0 0 1
1685094194.788228273 -0.038731889911232074 -0.9781255712557834 0 0 0 0 1
1685094194.821561813 -0.009488572099448254 -0.995616473612958 0 0 0 0 1
1685094194.854895115 0.019225058509433395 -1.0125874210344765 0 0 0 0 1
1685094194.888228416 0.0323998239340386 -1.016118529014077 0 0 0 0 1
1685094194.921561718 0.06461201071760136 -1.0084842263646676 0 0 0 0 1
1685094194.954895020 0.09680985316363651 -1.0003988564474366 0 0 0 0 1
1685094194.988228321 0.12898001203897164 -0.9922040322996064 0 0 0 0 1
1685094195.021561623 0.1611221152630314 -0.9838998487026446 0 0 0 0 1
1685094195.054894924 0.19323579107973274 -0.9754864017028724 0 0 0 0 1
1685094195.088228464 0.22532066806178436 -0.9669637886103531 0 0 0 0 1
1685094195.121561766 0.2573763751149827 -0.9583321079977671 0 0 0 0 1
1685094195.154895067 0.28940254148250416 -0.9495914596992712 0 0 0 0 1
1685094195.188228369 0.32139879674919314 -0.940741944809344 0 0 0 0 1
1685094195.221561670 0.3454389210955948 -0.9339860343468591 0 0 0 0 1
1685094195.254894972 0.3697232104992333 -0.9281685440866265 0 0 0 0 1
1685094195.288228273 0.39427559941578477 -0.9152758303963995 0 0 0 0 1
1685094195.321561813 0.37978046848695396 -0.9387841793875334 0 0 0 0 1
1685094195.354895115 0.40729036564589005 -0.9363435132412403 0 0 0 0 1
1685094195.388228416 0.38611114449321066 -0.970078552223675 0 0 0 0 1
1685094195.421561718 0.3692246722027994 -0.9974671305544702 0 0 0 0 1
1685094195.454895020 0.35245277769968786 -1.0249260220866032 0 0 0 0 1
1685094195.488228321 0.33579575375476023 -1.052454747496528 0 0 0 0 1
1685094195.521561623 0.3439066831969344 -1.0492709376775498 0 0 0 0 1
1685094195.554894924 0.3187025595212578 -1.027943881638004 0 0 0 0 1
1685094195.588228464 0.3022769514116857 -1.0304076053521762 0 0 0 0 1
1685094195.621561766 0.2790981767018098 -1.0113750912131907 0 0 0 0 1
1685094195.654895067 0.288450233716955 -1.0099851259754653 0 0 0 0 1
1685094195.688228369 0.30002344186917734 -1.0181487897972976 0 0 0 0 1
1685094195.721561670 0.2961757705477757 -1.002004420660273 0 0 0 0 1
1685094195.754894972 0.29341453730069106 -0.9856391886000408 0 0 0 0 1
1685094195.788228273 0.309744737324994 -0.9592435604742535 0 0 0 0 1
1685094195.821561813 0.31836788105076236 -0.9487735119443729 0 0 0 0 1
1685094195.854895115 0.3393860959646213 -0.9254094156972443 0 0 0 0 1
1685094195.888228416 0.36038739200924996 -0.902030110402687 0 0 0 0 1
1685094195.921561718 0.38192218447612486 -0.8783029561217527 0 0 0 0 1
1685094195.954895020 0.40373297713253675 -0.8548292589148438 0 0 0 0 1
1685094195.988228321 0.42471843561285894 -0.8313803099507732 0 0 0 0 1
1685094196.021561623 0.44563325843625906 -0.8078683372259102 0 0 0 0 1
1685094196.054894924 0.46519529387711334 -0.7890372751366739 0 0 0 0 1
1685094196.088228464 0.46298816984436225 -0.7735005244087668 0 0 0 0 1
1685094196.121561766 0.4619328919020681 -0.7552571849019839 0 0 0 0 1
1685094196.154895067 0.45440983121682044 -0.7238278220145361 0 0 0 0 1
1685094196.188228369 0.45728480031101687 -0.7014645540788115 0 0 0 0 1
1685094196.221561670 0.42737634767640625 -0.6898781594830292 0 0 0 0 1
1685094196.254894972 0.3977171237204038 -0.6781638425522437 0 0 0 0 1
1685094196.288228273 0.3680681812636303 -0.666423527478868 0 0 0 0 1
1685094196.321561813 0.337973966308932 -0.654552567152171 0 0 0 0 1
1685094196.354895115 0.357649904278439 -0.6469127729140745 0 0 0 0 1
1685094196.388228416 0.3405733991948567 -0.6345070498351593 0 0 0 0 1
1685094196.421561718 0.36306442185108756 -0.6119301770849969 0 0 0 0 1
1685094196.454895020 0.3855574754093849 -0.5893553276962701 0 0 0 0 1
1685094196.488228321 0.40805255968772086 -0.566782501851669 0 0 0 0 1
1685094196.521561623 0.4305496745040512 -0.5442116997338671 0 0 0 0 1
1685094196.554894924 0.45304881967631533 -0.5216429215255212 0 0 0 0 1
1685094196.588228464 0.475549995022436 -0.49907616740927185 0 0 0 0 1
1685094196.621561766 0.49805320036031986 -0.4765114375677435 0 0 0 0 1
1685094196.654895067 0.5179240024112226 -0.4608670365859581 0 0 0 0 1
