1685094169.232835054 -6.237855092622807e-19 1.5947969102232626e-18 0 0 0 0 1
1685094169.266168356 -0.00021298569870907043 -0.014046541584724842 0 0 0 0 1
1685094169.299501657 0.00017822366065440526 -0.027262309197747078 0 0 0 0 1
1685094169.332834959 0.0003134876921469991 -0.044103419024359096 0 0 0 0 1
1685094169.366168261 0.00023854622381433286 -0.05809879442263247 0 0 0 0 1
1685094169.399501801 -0.0001281505838401432 -0.07659266046389154 0 0 0 0 1
1685094169.432835102 -0.0003558304066667411 -0.09238831267934612 0 0 0 0 1
1685094169.466168404 -0.00048333575959215176 -0.1087833269877292 0 0 0 0 1
1685094169.499501705 -0.0005186091531686389 -0.1259832320844064 0 0 0 0 1
1685094169.532835007 -0.0005860030529096884 -0.14407841761142717 0 0 0 0 1
1685094169.566168308 -0.0019243181177738024 -0.1594128683875557 0 0 0 0 1
1685094169.599501610 -0.0010028528440891844 -0.1784926698601327 0 0 0 0 1
1685094169.632835150 -0.00013970938154090866 -0.19836692967094943 0 0 0 0 1
1685094169.666168451 0.0010050127373828505 -0.21864847879178703 0 0 0 0 1
1685094169.699501753 -0.00698808905089689 -0.24427205145425934 0 0 0 0 1
1685094169.732835054 -0.023260495827973935 -0.25829052063515584 0 0 0 0 1
1685094169.766168356 -0.03975272442349492 -0.27254779502355353 0 0 0 0 1
1685094169.799501657 -0.05658606150527876 -0.2873483353942373 0 0 0 0 1
1685094169.832834959 -0.07398527051943996 -0.3021850258143571 0 0 0 0 1
1685094169.866168261 -0.0914252888623117 -0.3174071908450478 0 0 0 0 1
1685094169.899501801 -0.10896302942386514 -0.3327487110618471 0 0 0 0 1
1685094169.932835102 -0.12633168601779313 -0.3484615991087305 0 0 0 0 1
1685094169.966168404 -0.14371661048704015 -0.36477072832158913 0 0 0 0 1
1685094169.999501705 -0.16117942566024449 -0.38143822262100807 0 0 0 0 1
1685094170.032835007 -0.1789525449046074 -0.3984637031259957 0 0 0 0 1
1685094170.066168308 -0.19661269801941345 -0.4156063326227114 0 0 0 0 1
1685094170.099501610 -0.2145377978136345 -0.43323004510480206 0 0 0 0 1
1685094170.132835150 -0.2321306004815884 -0.44391080861053717 0 0 0 0 1
1685094170.166168451 -0.2550332896522045 -0.4565631287942746 0 0 0 0 1
1685094170.199501753 -0.2779310421804902 -0.4692243809610648 0 0 0 0 1
1685094170.232835054 -0.3015383476447673 -0.4818632162739587 0 0 0 0 1
1685094170.266168356 -0.31044761404093146 -0.49538574861658335 0 0 0 0 1
1685094170.299501657 -0.3253158187139276 -0.5018021649432445 0 0 0 0 1
1685094170.332834959 -0.3412665812855131 -0.49900804933002135 0 0 0 0 1
1685094170.366168261 -0.353068470837646 -0.4879197982652949 0 0 0 0 1
1685094170.399501801 -0.3457737328842428 -0.4612653585629559 0 0 0 0 1
1685094170.432835102 -0.3382352100220917 -0.43443315148634076 0 0 0 0 1
1685094170.466168404 -0.33063303475297634 -0.4074702703097862 0 0 0 0 1
1685094170.499501705 -0.3229597994094834 -0.38052752565511677 0 0 0 0 1
1685094170.532835007 -0.30967774525272973 -0.35968264338956757 0 0 0 0 1
1685094170.566168308 -0.2878103772901647 -0.34593841737330255 0 0 0 0 1
1685094170.599501610 -0.30783888647657454 -0.3660978335289555 0 0 0 0 1
1685094170.632835150 -0.32770359084771433 -0.38610781121227533 0 0 0 0 1
1685094170.666168451 -0.3472843476004645 -0.406468068191091 0 0 0 0 1
1685094170.699501753 -0.36657954581977265 -0.42699331254386513 0 0 0 0 1
1685094170.732835054 -0.38571307942325467 -0.44766934267316955 0 0 0 0 1
1685094170.766168356 -0.40489124503339474 -0.4681459876417263 0 0 0 0 1
1685094170.799501657 -0.4239432247843438 -0.48865938153884597 0 0 0 0 1
1685094170.832834959 -0.4429008724281215 -0.5092599848655287 0 0 0 0 1
1685094170.866168261 -0.46176378877273705 -0.5299473638339962 0 0 0 0 1
1685094170.899501801 -0.4805315766209608 -0.5507210828292322 0 0 0 0 1
1685094170.932835102 -0.49920384077868785 -0.5715807044181541 0 0 0 0 1
1685094170.966168404 -0.5191815099999371 -0.593118878642429 0 0 0 0 1
1685094170.999501705 -0.5391374945479556 -0.6146771461319122 0 0 0 0 1
1685094171.032835007 -0.557220702191458 -0.6339907950602502 0 0 0 0 1
1685094171.066168308 -0.5755335707445407 -0.6569744070146115 0 0 0 0 1
1685094171.099501610 -0.5939113822138822 -0.6799061234507722 0 0 0 0 1
1685094171.132835150 -0.612353989537269 -0.7027857608654362 0 0 0 0 1
1685094171.166168451 -0.6308612451339809 -0.7256131361720525 0 0 0 0 1
1685094171.199501753 -0.649083186677854 -0.7478250855800206 0 0 0 0 1
1685094171.232835054 -0.6675347198189258 -0.7697657026226127 0 0 0 0 1
1685094171.266168356 -0.6861687417921579 -0.7919089998784624 0 0 0 0 1
1685094171.299501657 -0.7048246169836369 -0.8140338887843932 0 0 0 0 1
1685094171.332834959 -0.7235023272079621 -0.8361403477734748 0 0 0 0 1
1685094171.366168261 -0.7421698747987582 -0.8582947144864485 0 0 0 0 1
1685094171.399501801 -0.7608324090202385 -0.8804533045575617 0 0 0 0 1
1685094171.432835102 -0.7795034490433626 -0.9027798403324102 0 0 0 0 1
1685094171.466168404 -0.7981262025697544 -0.9254075087775002 0 0 0 0 1
1685094171.499501705 -0.8166378512559055 -0.9481261617104139 0 0 0 0 1
1685094171.532835007 -0.8350379505889667 -0.9709352535971845 0 0 0 0 1
1685094171.566168308 -0.8533260587346795 -0.9938342367321706 0 0 0 0 1
1685094171.599501610 -0.8715017365479847 -1.0168225612512083 0 0 0 0 1
1685094171.632835150 -0.8895645475835683 -1.0398996751448142 0 0 0 0 1
1685094171.666168451 -0.9075140581063412 -1.0630650242714414 0 0 0 0 1
1685094171.699501753 -0.9134426893779735 -1.0836466738295776 0 0 0 0 1
1685094171.732835054 -0.9239867867170526 -1.0905509412137757 0 0 0 0 1
1685094171.766168356 -0.9335374916139105 -1.0987747440313054 0 0 0 0 1
1685094171.799501657 -0.9419307823250466 -1.1081768484684427 0 0 0 0 1
1685094171.832834959 -0.9514316009640988 -1.133606437871222 0 0 0 0 1
1685094171.866168261 -0.9607772424987497 -1.1590659906160445 0 0 0 0 1
1685094171.899501801 -0.9699174610519066 -1.1844853915827978 0 0 0 0 1
1685094171.932835102 -0.9742672691978632 -1.2113383677720213 0 0 0 0 1
1685094171.966168404 -0.9813603514653382 -1.2376003430418383 0 0 0 0 1
1685094171.999501705 -0.991658752815194 -1.259474756475731 0 0 0 0 1
1685094172.032835007 -1.0086380149807825 -1.2787732363283106 0 0 0 0 1
1685094172.066168308 -1.0256824027643083 -1.2975382441622436 0 0 0 0 1
1685094172.099501610 -1.042667647142479 -1.3153500469096964 0 0 0 0 1
1685094172.132835150 -1.0593940752350888 -1.332898565957124 0 0 0 0 1
1685094172.166168451 -1.0761162088056018 -1.3502210650486348 0 0 0 0 1
1685094172.199501753 -1.0916016037833205 -1.3647390247525972 0 0 0 0 1
