1685093627.029780865 -1.2926161100322719e-20 1.2897544419594205e-19 0 0 0 0 1
1685093627.063114405 0.00032940496876613436 -0.010793134584051687 0 0 0 0 1
1685093627.096447706 0.0006580821277551464 -0.022478313259432215 0 0 0 0 1
1685093627.129781008 0.0009867042343735647 -0.035146741047544845 0 0 0 0 1
1685093627.163114309 0.0013522314195852211 -0.04869540501502567 0 0 0 0 1
1685093627.196447611 0.0017574590010583794 -0.06284817154542889 0 0 0 0 1
1685093627.229780912 0.0020273448353622034 -0.07759709843990231 0 0 0 0 1
1685093627.263114214 0.0024996987103191597 -0.09073106475251151 0 0 0 0 1
1685093627.296447515 0.0035624059410536853 -0.10654807494283808 0 0 0 0 1
1685093627.329781055 0.004697111838670731 -0.1229430251638429 0 0 0 0 1
1685093627.363114357 0.005831811298915038 -0.13992478319629342 0 0 0 0 1
1685093627.396447659 0.0070692586344499805 -0.1572740054880122 0 0 0 0 1
1685093627.429780960 0.009928660456811757 -0.17299372332028862 0 0 0 0 1
1685093627.463114262 0.013234822464840344 -0.1911294275538945 0 0 0 0 1
1685093627.496447563 0.01658686683043754 -0.2096643173608357 0 0 0 0 1
1685093627.529780865 0.02051987796961721 -0.22763351325193587 0 0 0 0 1
1685093627.563114405 0.024118481939562415 -0.2467708052922824 0 0 0 0 1
1685093627.596447706 0.027910158063281263 -0.26697821138044897 0 0 0 0 1
1685093627.629781008 0.03204802705248232 -0.2878501890713634 0 0 0 0 1
1685093627.663114309 0.03631803644949004 -0.3090799518036002 0 0 0 0 1
1685093627.696447611 0.040603629640955374 -0.33047360363221023 0 0 0 0 1
1685093627.729780912 0.04500035582796633 -0.35245085235472917 0 0 0 0 1
1685093627.763114214 0.04936484225390187 -0.3749408795547875 0 0 0 0 1
1685093627.796447515 0.05353431288790854 -0.3975256622519179 0 0 0 0 1
1685093627.829781055 0.05794269564598676 -0.42000250186248744 0 0 0 0 1
1685093627.863114357 0.06093788125141728 -0.4388582651615744 0 0 0 0 1
1685093627.896447659 0.06611825585613733 -0.46143276360185304 0 0 0 0 1
1685093627.929780960 0.07025710866628104 -0.4810843342855734 0 0 0 0 1
1685093627.963114262 0.07565399979981347 -0.5036360131446345 0 0 0 0 1
1685093627.996447563 0.0784402443703563 -0.5208538117027043 0 0 0 0 1
1685093628.029780865 0.08073671042470895 -0.54383710739832 0 0 0 0 1
1685093628.063114405 0.08295861537273548 -0.5663949374361964 0 0 0 0 1
1685093628.096447706 0.08528586969448282 -0.588779957401553 0 0 0 0 1
1685093628.129781008 0.0877797753494469 -0.6112900815870025 0 0 0 0 1
1685093628.163114309 0.090618295197625 -0.6330316464734702 0 0 0 0 1
1685093628.196447611 0.09368713059227718 -0.6551043276793052 0 0 0 0 1
1685093628.229780912 0.09690929074247798 -0.6774106924451911 0 0 0 0 1
1685093628.263114214 0.10006494636806085 -0.7000114307782748 0 0 0 0 1
1685093628.296447515 0.10298128328623597 -0.7226635250028928 0 0 0 0 1
1685093628.329781055 0.10583633160280993 -0.7451374108481523 0 0 0 0 1
1685093628.363114357 0.10856286804189967 -0.7677272317033416 0 0 0 0 1
1685093628.396447659 0.11109152854129063 -0.7906335970979304 0 0 0 0 1
1685093628.429780960 0.11342204534521771 -0.8138025812813691 0 0 0 0 1
1685093628.463114262 0.1156042419604525 -0.837113335030242 0 0 0 0 1
1685093628.496447563 0.11779699736465211 -0.8604315263953909 0 0 0 0 1
1685093628.529780865 0.1200856779780763 -0.8835060072752833 0 0 0 0 1
1685093628.563114405 0.1225678800645803 -0.9062171526869268 0 0 0 0 1
1685093628.596447706 0.12499711801081423 -0.9288875419686996 0 0 0 0 1
1685093628.629781008 0.12758682202115434 -0.9513694499140455 0 0 0 0 1
1685093628.663114309 0.1303178081479913 -0.9738965134595083 0 0 0 0 1
1685093628.696447611 0.13304017027421716 -0.9960773160590856 0 0 0 0 1
1685093628.729780912 0.13588032509927436 -1.0184957052848371 0 0 0 0 1
1685093628.763114214 0.138632955824255 -1.0411763890661287 0 0 0 0 1
1685093628.796447515 0.14122238574079007 -1.063940052779629 0 0 0 0 1
1685093628.829781055 0.14392937338929876 -1.0864618491050153 0 0 0 0 1
1685093628.863114357 0.14678359403745392 -1.1088351811278125 0 0 0 0 1
1685093628.896447659 0.14984430842035726 -1.1311926723624568 0 0 0 0 1
1685093628.929780960 0.1527077882394939 -1.15352545916114 0 0 0 0 1
1685093628.963114262 0.15567429045678274 -1.1757965566508335 0 0 0 0 1
1685093628.996447563 0.15884663852587785 -1.1979991222726267 0 0 0 0 1
1685093629.029780865 0.16207977444512212 -1.2201243684530516 0 0 0 0 1
1685093629.063114405 0.16519116315335067 -1.241998590195402 0 0 0 0 1
1685093629.096447706 0.168286616868142 -1.2638314582252086 0 0 0 0 1
1685093629.129781008 0.171585128757071 -1.2854217649629351 0 0 0 0 1
1685093629.163114309 0.17485586360227603 -1.3068841569150556 0 0 0 0 1
1685093629.196447611 0.17772733575635313 -1.327820503578955 0 0 0 0 1
1685093629.229780912 0.18011977767392318 -1.3484239952441446 0 0 0 0 1
1685093629.263114214 0.18217425254594213 -1.3686457428707195 0 0 0 0 1
1685093629.296447515 0.1838305954779085 -1.3879620786897884 0 0 0 0 1
1685093629.329781055 0.18531048880292833 -1.4065024304803384 0 0 0 0 1
1685093629.363114357 0.18697072580768265 -1.424316482657672 0 0 0 0 1
