1685094138.375745296 -5.641337048720731e-19 9.270096343070268e-18 0 0 0 0 1
1685094138.409078598 0.0004079087508928787 -0.010936064127165065 0 0 0 0 1
1685094138.442411900 0.0009476508313418765 -0.022976122111856574 0 0 0 0 1
1685094138.475745201 0.0016563216636004787 -0.03561168723624907 0 0 0 0 1
1685094138.509078503 0.0023355748808057616 -0.04918191818735232 0 0 0 0 1
1685094138.542411804 0.0029733825012968054 -0.06371377508873681 0 0 0 0 1
1685094138.575745106 0.0038218472385896313 -0.07888627542816246 0 0 0 0 1
1685094138.609078646 0.004608697428530092 -0.09462225705649403 0 0 0 0 1
1685094138.642411947 0.00521816044424415 -0.11092094270623418 0 0 0 0 1
1685094138.675745249 0.005519618581061179 -0.12804133527157419 0 0 0 0 1
1685094138.709078550 0.005958005661919349 -0.14529771679167544 0 0 0 0 1
1685094138.742411852 0.006609370178691767 -0.1630884887988033 0 0 0 0 1
1685094138.775745153 0.007374174691862952 -0.18078817325598417 0 0 0 0 1
1685094138.809078455 0.008462574588001903 -0.19954254820727374 0 0 0 0 1
1685094138.842411995 0.009807374320431802 -0.2188958732034024 0 0 0 0 1
1685094138.875745296 0.015613891134941023 -0.2198495740954369 0 0 0 0 1
1685094138.909078598 0.03173653039306819 -0.22685125785262192 0 0 0 0 1
1685094138.942411900 0.052244801532192665 -0.23073752704335404 0 0 0 0 1
1685094138.975745201 0.0734694475086712 -0.23481640697667647 0 0 0 0 1
1685094139.009078503 0.09512997712628185 -0.2390147664722086 0 0 0 0 1
1685094139.042411804 0.11704954894819225 -0.24344630669645836 0 0 0 0 1
1685094139.075745106 0.139018745592419 -0.2479221053055018 0 0 0 0 1
1685094139.109078646 0.15302073653451947 -0.2535102727985427 0 0 0 0 1
1685094139.142411947 0.17721497163490488 -0.26394021986714816 0 0 0 0 1
1685094139.175745249 0.20170041200724922 -0.27366688515999144 0 0 0 0 1
1685094139.209078550 0.22356640067745842 -0.2829018555281178 0 0 0 0 1
1685094139.242411852 0.24554439532683092 -0.29186700412800415 0 0 0 0 1
1685094139.275745153 0.2676310665584948 -0.3005609728494962 0 0 0 0 1
1685094139.309078455 0.28982306851240763 -0.3089824446628681 0 0 0 0 1
1685094139.342411995 0.29976893042841 -0.30899003272489284 0 0 0 0 1
1685094139.375745296 0.30878532109548323 -0.3327280319715699 0 0 0 0 1
1685094139.409078598 0.3177687995899425 -0.35722682901170766 0 0 0 0 1
1685094139.442411900 0.32732644800492017 -0.382001236135112 0 0 0 0 1
1685094139.475745201 0.3372034727791568 -0.4066500550348003 0 0 0 0 1
1685094139.509078503 0.34743961073881285 -0.43117851002880436 0 0 0 0 1
1685094139.542411804 0.3375144864028153 -0.4148271698679747 0 0 0 0 1
1685094139.575745106 0.335381279777754 -0.4158435820443704 0 0 0 0 1
1685094139.609078646 0.36179756708015454 -0.40715682664602443 0 0 0 0 1
1685094139.642411947 0.38692481056032396 -0.39802957810652534 0 0 0 0 1
1685094139.675745249 0.4121791911363314 -0.38864440987463755 0 0 0 0 1
1685094139.709078550 0.43757626987364495 -0.3796525517446761 0 0 0 0 1
1685094139.742411852 0.463255379864479 -0.37061088312000107 0 0 0 0 1
1685094139.775745153 0.4886072081909253 -0.3611234637141771 0 0 0 0 1
1685094139.809078455 0.5139092698865787 -0.35176197319224184 0 0 0 0 1
1685094139.842411995 0.5392046080344989 -0.3423823304045173 0 0 0 0 1
1685094139.875745296 0.553060847570551 -0.3353013796239695 0 0 0 0 1
1685094139.909078598 0.559166727296799 -0.30933198395927175 0 0 0 0 1
1685094139.942411900 0.5654495948858772 -0.28321641489110466 0 0 0 0 1
1685094139.975745201 0.5735206882552949 -0.26082643458340005 0 0 0 0 1
1685094140.009078503 0.5699319691809257 -0.2320342857277606 0 0 0 0 1
1685094140.042411804 0.5655351302843962 -0.20529554143222026 0 0 0 0 1
1685094140.075745106 0.5613768521945507 -0.17851866031974115 0 0 0 0 1
1685094140.109078646 0.5573204758517325 -0.15137725870080326 0 0 0 0 1
1685094140.142411947 0.5532614663853044 -0.12423625074187682 0 0 0 0 1
1685094140.175745249 0.5494726405937838 -0.09722217740017645 0 0 0 0 1
1685094140.209078550 0.5456203803435722 -0.07079553857893114 0 0 0 0 1
1685094140.242411852 0.5419163797578532 -0.04433539561551897 0 0 0 0 1
1685094140.275745153 0.5381305892363182 -0.017668521546359166 0 0 0 0 1
1685094140.309078455 0.5329201999930383 0.004229708585143086 0 0 0 0 1
1685094140.342411995 0.5277878313663338 0.030798012686505984 0 0 0 0 1
1685094140.375745296 0.5224743058059317 0.0588610071721085 0 0 0 0 1
1685094140.409078598 0.5177730988936379 0.08659234088334752 0 0 0 0 1
1685094140.442411900 0.5128679277358434 0.11421022249214141 0 0 0 0 1
1685094140.475745201 0.5082160585092292 0.141737953874048 0 0 0 0 1
1685094140.509078503 0.5032856931171492 0.1702397345718909 0 0 0 0 1
1685094140.542411804 0.4982568874758276 0.1987243114455108 0 0 0 0 1
1685094140.575745106 0.4931297016095717 0.22719134450026057 0 0 0 0 1
1685094140.609078646 0.5144884546366367 0.24898145051253745 0 0 0 0 1
1685094140.642411947 0.5359526346010421 0.2671000727682087 0 0 0 0 1
1685094140.675745249 0.5574775435173632 0.28533513111326975 0 0 0 0 1
1685094140.709078550 0.5783549419581854 0.3035653233047453 0 0 0 0 1
1685094140.742411852 0.5989176411660398 0.3221497542694609 0 0 0 0 1
1685094140.775745153 0.6191596313546088 0.3410829924024601 0 0 0 0 1
1685094140.809078455 0.6395649751759095 0.360095998674208 0 0 0 0 1
1685094140.842411995 0.6598073128031663 0.3792824582574442 0 0 0 0 1
1685094140.875745296 0.6806902279940675 0.39819413188243485 0 0 0 0 1
1685094140.909078598 0.6970275081535158 0.4312380970769773 0 0 0 0 1
1685094140.942411900 0.6915425006929806 0.4676897781348422 0 0 0 0 1
1685094140.975745201 0.666204371106915 0.4944627037849496 0 0 0 0 1
1685094141.009078503 0.6301097288044865 0.5019451603231576 0 0 0 0 1
1685094141.042411804 0.6038300481496691 0.5013557704308497 0 0 0 0 1
1685094141.075745106 0.5801967213636393 0.4972420528489667 0 0 0 0 1
1685094141.109078646 0.5581016938090164 0.5004226201061523 0 0 0 0 1
1685094141.142411947 0.5377053532717959 0.5094943092215687 0 0 0 0 1
1685094141.175745249 0.5116074527632101 0.5199058732041846 0 0 0 0 1
1685094141.209078550 0.5017055492256981 0.5031728302048042 0 0 0 0 1
1685094141.242411852 0.5071581119944485 0.5311149324304214 0 0 0 0 1
1685094141.275745153 0.5126419531496259 0.559050912880708 0 0 0 0 1
1685094141.309078455 0.5179487823312242 0.58632094526309 0 0 0 0 1
1685094141.342411995 0.5228783740369874 0.6140373567092164 0 0 0 0 1
1685094141.375745296 0.5275371630355012 0.6417584850821152 0 0 0 0 1
1685094141.409078598 0.5181234071226554 0.6397681073313004 0 0 0 0 1
1685094141.442411900 0.4956195749215343 0.6639164294030049 0 0 0 0 1
1685094141.475745201 0.47029396031463894 0.6764687467457534 0 0 0 0 1
1685094141.509078503 0.4452995499135365 0.6888452343101181 0 0 0 0 1
1685094141.542411804 0.4202325562072479 0.7010740454648666 0 0 0 0 1
1685094141.575745106 0.395093851714308 0.7131547545560685 0 0 0 0 1
1685094141.609078646 0.37073806800403447 0.7254710761147891 0 0 0 0 1
1685094141.642411947 0.3810446009668851 0.7517704545389878 0 0 0 0 1
1685094141.675745249 0.3860965149450613 0.7322953137996964 0 0 0 0 1
1685094141.709078550 0.3815021046462533 0.7031680947475614 0 0 0 0 1
1685094141.742411852 0.36978328796472787 0.6767395833244927 0 0 0 0 1
1685094141.775745153 0.3579310097259664 0.6504236195768002 0 0 0 0 1
1685094141.809078455 0.34599539378131233 0.6241453487158664 0 0 0 0 1
1685094141.842411995 0.33405048984965685 0.5978431785460654 0 0 0 0 1
1685094141.875745296 0.318404488353317 0.5728421080307087 0 0 0 0 1
1685094141.909078598 0.3441341820689828 0.6036539483116056 0 0 0 0 1
1685094141.942411900 0.33172568378797695 0.6300148634689184 0 0 0 0 1
1685094141.975745201 0.31403999171889424 0.6687115932068264 0 0 0 0 1
1685094142.009078503 0.30229068400092485 0.696093202812979 0 0 0 0 1
1685094142.042411804 0.2903449350717561 0.7233896835201425 0 0 0 0 1
1685094142.075745106 0.2775961903117056 0.7509534634405953 0 0 0 0 1
1685094142.109078646 0.2649496767089207 0.777531277062763 0 0 0 0 1
1685094142.142411947 0.25875336672373755 0.8008540614500427 0 0 0 0 1
1685094142.175745249 0.2353351274002137 0.8194946535906547 0 0 0 0 1
1685094142.209078550 0.20403163718169529 0.8446048176455802 0 0 0 0 1
1685094142.242411852 0.18878725262968202 0.8552797507120738 0 0 0 0 1
1685094142.275745153 0.1679821822690903 0.875432245914995 0 0 0 0 1
1685094142.309078455 0.14600762048532392 0.8959990173302662 0 0 0 0 1
1685094142.342411995 0.12462838071532888 0.9160625231470971 0 0 0 0 1
1685094142.375745296 0.10339366334371469 0.9364303749424565 0 0 0 0 1
1685094142.409078598 0.08208223148538762 0.9568416656582717 0 0 0 0 1
1685094142.442411900 0.059690041937434525 0.9731031243133521 0 0 0 0 1
1685094142.475745201 0.03570960558526753 0.989219181987271 0 0 0 0 1
1685094142.509078503 0.011729955201355786 1.0053364091078023 0 0 0 0 1
1685094142.542411804 -0.012248909157270367 1.0214548056366148 0 0 0 0 1
1685094142.575745106 -0.029188422652804042 1.0406390111432837 0 0 0 0 1
1685094142.609078646 -0.050649653555935974 1.058678907670306 0 0 0 0 1
1685094142.642411947 -0.07381745289781395 1.0764859932884034 0 0 0 0 1
1685094142.675745249 -0.09725868799807147 1.0949378197703354 0 0 0 0 1
1685094142.709078550 -0.12011397388884121 1.114110647167359 0 0 0 0 1
1685094142.742411852 -0.1401491946777646 1.1406488575519718 0 0 0 0 1
1685094142.775745153 -0.10728693494229613 1.1473328552714326 0 0 0 0 1
1685094142.809078455 -0.11503284503001857 1.1408373615153808 0 0 0 0 1
1685094142.842411995 -0.08684644737357797 1.1481299268487248 0 0 0 0 1
1685094142.875745296 -0.05825912966568362 1.1561220861519759 0 0 0 0 1
1685094142.909078598 -0.03014333700150533 1.1638771345219632 0 0 0 0 1
1685094142.942411900 -0.002210006432716908 1.1721817981340958 0 0 0 0 1
1685094142.975745201 0.025675338006179535 1.1806461917863307 0 0 0 0 1
1685094143.009078503 0.053511782945477857 1.1892700382319312 0 0 0 0 1
1685094143.042411804 0.08361653435367274 1.1956121198201957 0 0 0 0 1
1685094143.075745106 0.11299894651737481 1.202432274708803 0 0 0 0 1
1685094143.109078646 0.14293912451065524 1.2092241810387871 0 0 0 0 1
1685094143.142411947 0.17287864801106792 1.2160189718694767 0 0 0 0 1
1685094143.175745249 0.17206577195516498 1.2301376460236313 0 0 0 0 1
1685094143.209078550 0.15033368259645044 1.2093035415818891 0 0 0 0 1
1685094143.242411852 0.12843636128949973 1.188681966546766 0 0 0 0 1
1685094143.275745153 0.1390436522041396 1.2262971932536035 0 0 0 0 1
1685094143.309078455 0.16881515025947935 1.230621542248976 0 0 0 0 1
1685094143.342411995 0.19858791571811316 1.234937156647652 0 0 0 0 1
1685094143.375745296 0.22903333389497493 1.2389998270108633 0 0 0 0 1
1685094143.409078598 0.2595278282635953 1.242676046760318 0 0 0 0 1
1685094143.442411900 0.2576629984678209 1.2475056415328702 0 0 0 0 1
1685094143.475745201 0.2668768758430751 1.2183405808512147 0 0 0 0 1
1685094143.509078503 0.27707575054595446 1.1889215886235427 0 0 0 0 1
1685094143.542411804 0.2875268382698661 1.159664101178757 0 0 0 0 1
1685094143.575745106 0.29795939187418075 1.1303999997661422 0 0 0 0 1
1685094143.609078646 0.30837340717325434 1.1011292961267463 0 0 0 0 1
1685094143.642411947 0.3194553568129666 1.0710026670069426 0 0 0 0 1
1685094143.675745249 0.2956442308735316 1.0523433523775858 0 0 0 0 1
1685094143.709078550 0.30573988076452074 1.0830033607144776 0 0 0 0 1
1685094143.742411852 0.3156967554741785 1.1137087169891713 0 0 0 0 1
1685094143.775745153 0.32507589886959354 1.1434536824407031 0 0 0 0 1
1685094143.809078455 0.3344527547636128 1.1731993690874654 0 0 0 0 1
1685094143.842411995 0.34139866859095924 1.1957912806971946 0 0 0 0 1
1685094143.875745296 0.34038602374629645 1.222033510173672 0 0 0 0 1
1685094143.909078598 0.33473932626483544 1.2476810220418897 0 0 0 0 1
1685094143.942411900 0.3253642747652219 1.278694865290694 0 0 0 0 1
1685094143.975745201 0.3159060298348538 1.3096834384511185 0 0 0 0 1
1685094144.009078503 0.3063646595868242 1.340646518360453 0 0 0 0 1
1685094144.042411804 0.29674023273284933 1.3715838820395758 0 0 0 0 1
1685094144.075745106 0.28703281858277346 1.4024953066945594 0 0 0 0 1
1685094144.109078646 0.2588784538815378 1.4246781108786986 0 0 0 0 1
1685094144.142411947 0.22945043253503025 1.445141165705179 0 0 0 0 1
1685094144.175745249 0.19885365680362918 1.4638115263884757 0 0 0 0 1
1685094144.209078550 0.16719719521412135 1.480622638571614 0 0 0 0 1
1685094144.242411852 0.15022816804665368 1.5083818452028295 0 0 0 0 1
1685094144.275745153 0.13396232797416396 1.5359100606954952 0 0 0 0 1
1685094144.309078455 0.11776982576387789 1.563481478389265 0 0 0 0 1
1685094144.342411995 0.11515918494505871 1.5476343137488746 0 0 0 0 1
1685094144.375745296 0.138157536275452 1.541823492825657 0 0 0 0 1
1685094144.409078598 0.1626057748522822 1.522382722918321 0 0 0 0 1
1685094144.442411900 0.1869014923780638 1.5029177277658667 0 0 0 0 1
1685094144.475745201 0.19923233362998322 1.4711657703640306 0 0 0 0 1
1685094144.509078503 0.199656421562848 1.4489972386630914 0 0 0 0 1
1685094144.542411804 0.22580695765457143 1.4342330368937184 0 0 0 0 1
1685094144.575745106 0.2517400485046755 1.4191612464515009 0 0 0 0 1
1685094144.609078646 0.2775193187596896 1.4038278419602337 0 0 0 0 1
1685094144.642411947 0.30314212933760554 1.3882343931350987 0 0 0 0 1
1685094144.675745249 0.32940942931703865 1.3719261899289639 0 0 0 0 1
1685094144.709078550 0.33551910590730094 1.3733420038254078 0 0 0 0 1
1685094144.742411852 0.35680948942465157 1.399382081883462 0 0 0 0 1
1685094144.775745153 0.37140942408638306 1.426399800346656 0 0 0 0 1
1685094144.809078455 0.38697333812574997 1.4488616300144415 0 0 0 0 1
1685094144.842411995 0.3967538559468839 1.4782403581335852 0 0 0 0 1
1685094144.875745296 0.41382910322962807 1.506496773957974 0 0 0 0 1
1685094144.909078598 0.43570088147561375 1.5312276134375802 0 0 0 0 1
1685094144.942411900 0.46165812207697654 1.5516288576489166 0 0 0 0 1
1685094144.975745201 0.48074022542678174 1.5649325347433243 0 0 0 0 1
1685094145.009078503 0.5056358191574196 1.5838998028883369 0 0 0 0 1
1685094145.042411804 0.5304074761083412 1.6030286517818706 0 0 0 0 1
1685094145.075745106 0.5550541475839543 1.622318271613764 0 0 0 0 1
1685094145.109078646 0.5778610855528147 1.6503589331530941 0 0 0 0 1
1685094145.142411947 0.5887289566129547 1.684831016027485 0 0 0 0 1
1685094145.175745249 0.5939298992383519 1.7150463879511284 0 0 0 0 1
1685094145.209078550 0.598809169093651 1.7457454729832382 0 0 0 0 1
1685094145.242411852 0.6036328141795202 1.7764533472863402 0 0 0 0 1
1685094145.275745153 0.6084008186639426 1.807169910072011 0 0 0 0 1
1685094145.309078455 0.5896738471243923 1.823003573834345 0 0 0 0 1
1685094145.342411995 0.6134511041577836 1.8169997068180122 0 0 0 0 1
1685094145.375745296 0.5894521318569373 1.8119545408460167 0 0 0 0 1
