1685094174.363656282 -3.0524014988871594e-20 3.781727463584012e-18 0 0 0 0 1
1685094174.396989584 0.0006412982985395698 -0.013598448490926342 0 0 0 0 1
1685094174.430322886 0.001311727725462473 -0.02784193316572719 0 0 0 0 1
1685094174.463656187 0.0020557139706910317 -0.04282269115271716 0 0 0 0 1
1685094174.496989489 0.0026662213729182786 -0.05862294927335484 0 0 0 0 1
1685094174.530322790 0.003238492325221125 -0.07515284728634988 0 0 0 0 1
1685094174.563656330 0.0034331270866957064 -0.09243166596597407 0 0 0 0 1
1685094174.596989632 0.003580841400451938 -0.1103961754806132 0 0 0 0 1
1685094174.630322933 0.003818207677115439 -0.1294134051545888 0 0 0 0 1
1685094174.663656235 0.0038749103029425626 -0.1490524147149834 0 0 0 0 1
1685094174.696989536 0.003880151838386016 -0.16916732249221794 0 0 0 0 1
1685094174.730322838 0.002716322797362374 -0.18546315947570283 0 0 0 0 1
1685094174.763656139 0.007373531232675729 -0.2061141161589559 0 0 0 0 1
1685094174.796989679 0.012110643200784386 -0.22747212981081733 0 0 0 0 1
1685094174.830322981 0.016931964012392355 -0.2495462078437782 0 0 0 0 1
1685094174.863656282 0.016069199741103938 -0.258742279744272 0 0 0 0 1
1685094174.896989584 0.0030577339048264455 -0.27846694402771216 0 0 0 0 1
1685094174.930322886 -0.010129301126432955 -0.29862078100772443 0 0 0 0 1
1685094174.963656187 -0.023256423099294536 -0.31882444366562035 0 0 0 0 1
1685094174.996989489 -0.03639972761289409 -0.3391003811157479 0 0 0 0 1
1685094175.030322790 -0.04955369455043937 -0.359939363451365 0 0 0 0 1
1685094175.063656330 -0.06299582315495651 -0.3809962644437123 0 0 0 0 1
1685094175.096989632 -0.07620746207260017 -0.4024908298741094 0 0 0 0 1
1685094175.130322933 -0.0894188307797963 -0.4239855613870718 0 0 0 0 1
1685094175.163656235 -0.10311299603354084 -0.4460358215509888 0 0 0 0 1
1685094175.196989536 -0.11669868185701263 -0.4681530834972428 0 0 0 0 1
1685094175.230322838 -0.1306797590960783 -0.49015544254585375 0 0 0 0 1
1685094175.263656139 -0.1444710199733994 -0.5126970549124005 0 0 0 0 1
1685094175.296989679 -0.15861299620348243 -0.5354272061414611 0 0 0 0 1
1685094175.330322981 -0.17298616313393142 -0.5580897582888846 0 0 0 0 1
1685094175.363656282 -0.18750443613236084 -0.5810494365599267 0 0 0 0 1
1685094175.396989584 -0.20200239747987056 -0.6040219460861581 0 0 0 0 1
1685094175.430322886 -0.21688091563659287 -0.627469946936737 0 0 0 0 1
1685094175.463656187 -0.23138002910273486 -0.6511783507868041 0 0 0 0 1
1685094175.496989489 -0.24578178229540987 -0.6747358328564429 0 0 0 0 1
1685094175.530322790 -0.2601483527289048 -0.6983147876777132 0 0 0 0 1
1685094175.563656330 -0.27438136405716745 -0.7218309477146001 0 0 0 0 1
1685094175.596989632 -0.28854632280365305 -0.7453881618550984 0 0 0 0 1
1685094175.630322933 -0.30326942321400124 -0.7688118333230118 0 0 0 0 1
1685094175.663656235 -0.31790213043421456 -0.7922920792786541 0 0 0 0 1
1685094175.696989536 -0.3320148285976973 -0.8161693526814489 0 0 0 0 1
1685094175.730322838 -0.3472242721825928 -0.8408100902963552 0 0 0 0 1
1685094175.763656139 -0.36215573812747015 -0.8656202585566822 0 0 0 0 1
1685094175.796989679 -0.37609319046986456 -0.89008487650621 0 0 0 0 1
1685094175.830322981 -0.39014704671618866 -0.9145131735316029 0 0 0 0 1
1685094175.863656282 -0.40424913466727574 -0.939077848076833 0 0 0 0 1
1685094175.896989584 -0.4183682269347303 -0.963632752956233 0 0 0 0 1
1685094175.930322886 -0.43250044792834125 -0.988391500981768 0 0 0 0 1
1685094175.963656187 -0.4466989813269166 -1.0131122801631314 0 0 0 0 1
1685094175.996989489 -0.4527735980573408 -1.0289900557081946 0 0 0 0 1
1685094176.030322790 -0.43431496376389267 -1.0410628293638762 0 0 0 0 1
1685094176.063656330 -0.45575129259481634 -1.023688015082608 0 0 0 0 1
1685094176.096989632 -0.4594040661379782 -0.99723564414026 0 0 0 0 1
1685094176.130322933 -0.47664776226891103 -1.0176249949581073 0 0 0 0 1
1685094176.163656235 -0.45690976226359026 -0.9978524727941811 0 0 0 0 1
1685094176.196989536 -0.4250207443408477 -0.9976348600115874 0 0 0 0 1
1685094176.230322838 -0.42794115442964487 -1.0098919156402792 0 0 0 0 1
1685094176.263656139 -0.44120688474077724 -1.031812804093314 0 0 0 0 1
1685094176.296989679 -0.4577665238357332 -1.051364870590309 0 0 0 0 1
1685094176.330322981 -0.47720485665093454 -1.0680578681828194 0 0 0 0 1
1685094176.363656282 -0.4873741187108059 -1.0709111423735653 0 0 0 0 1
1685094176.396989584 -0.5165606630807612 -1.0723443796055798 0 0 0 0 1
1685094176.430322886 -0.5456808921098996 -1.0732571926529502 0 0 0 0 1
1685094176.463656187 -0.574798808412244 -1.074241020167605 0 0 0 0 1
1685094176.496989489 -0.6039142388075953 -1.0752958562981831 0 0 0 0 1
1685094176.530322790 -0.6327214014613302 -1.0770252779979357 0 0 0 0 1
1685094176.563656330 -0.6615254132851669 -1.0788064075346573 0 0 0 0 1
1685094176.596989632 -0.6769521909530515 -1.0715803964017685 0 0 0 0 1
1685094176.630322933 -0.68884127048178 -1.0593799663246548 0 0 0 0 1
1685094176.663656235 -0.705320366355023 -1.04830777758228 0 0 0 0 1
1685094176.696989536 -0.7251728882375177 -1.0481307486259555 0 0 0 0 1
1685094176.730322838 -0.7501265270688429 -1.0619336899886074 0 0 0 0 1
1685094176.763656139 -0.7751152696393983 -1.075672977667652 0 0 0 0 1
1685094176.796989679 -0.8001389535767587 -1.08934852238763 0 0 0 0 1
1685094176.830322981 -0.8240266353491338 -1.1024628363433748 0 0 0 0 1
1685094176.863656282 -0.8474993611844954 -1.1158902200086656 0 0 0 0 1
1685094176.896989584 -0.8706144933436178 -1.1290863922885312 0 0 0 0 1
1685094176.930322886 -0.8935289334661585 -1.1423288166187775 0 0 0 0 1
1685094176.963656187 -0.9164333218864874 -1.1555886190065396 0 0 0 0 1
1685094176.996989489 -0.9389800006538561 -1.1694327931944446 0 0 0 0 1
1685094177.030322790 -0.9608474722761713 -1.183202088487351 0 0 0 0 1
1685094177.063656330 -0.9825708406445334 -1.1971976261600694 0 0 0 0 1
1685094177.096989632 -1.003687798400254 -1.2106496360333074 0 0 0 0 1
1685094177.130322933 -1.0247348305831467 -1.2235037027791362 0 0 0 0 1
1685094177.163656235 -1.045819989548951 -1.2356824563145363 0 0 0 0 1
1685094177.196989536 -1.066683186302802 -1.247261243542206 0 0 0 0 1
1685094177.230322838 -1.079542292163326 -1.252071934656789 0 0 0 0 1
1685094177.263656139 -1.095454412710978 -1.2691022453561356 0 0 0 0 1
1685094177.296989679 -1.1108707998258105 -1.2857729881789497 0 0 0 0 1
