1685094253.420430183 -3.185474965068522e-19 -4.459765612504406e-19 0 0 0 0 1
1685094253.453763485 0.00045701592463874113 -0.015757888885814593 0 0 0 0 1
1685094253.487097025 0.0011087655598589076 -0.032065526172163177 0 0 0 0 1
1685094253.520430326 0.0017813720399542036 -0.049270720507606454 0 0 0 0 1
1685094253.553763628 0.0027380460738181474 -0.06734003403834192 0 0 0 0 1
1685094253.587096930 0.003866602012119424 -0.08609919351443758 0 0 0 0 1
1685094253.620430231 0.0016124200792531484 -0.09572907911248991 0 0 0 0 1
1685094253.653763533 -0.002302184617877979 -0.10481158443223709 0 0 0 0 1
1685094253.687096834 -0.007322388461953248 -0.10341802950960394 0 0 0 0 1
1685094253.720430374 -0.02450536548206714 -0.11364863870144712 0 0 0 0 1
1685094253.753763676 -0.04165900041857583 -0.1235657561189837 0 0 0 0 1
1685094253.787096977 -0.05958393331548798 -0.13336454203223377 0 0 0 0 1
1685094253.820430279 -0.07755259364912069 -0.14308290972166846 0 0 0 0 1
1685094253.853763580 -0.09635712110759881 -0.1534965024651917 0 0 0 0 1
1685094253.887096882 -0.1156100938829886 -0.16443120711770476 0 0 0 0 1
1685094253.920430183 -0.13498758453005621 -0.1751437036871511 0 0 0 0 1
1685094253.953763485 -0.15490606291177053 -0.18618780383099967 0 0 0 0 1
1685094253.987097025 -0.1713807100464533 -0.19483977403719527 0 0 0 0 1
1685094254.020430326 -0.19447049085690665 -0.20142149558888975 0 0 0 0 1
1685094254.053763628 -0.2035115920425294 -0.20643545234195115 0 0 0 0 1
1685094254.087096930 -0.21933643094268404 -0.22453248934213285 0 0 0 0 1
1685094254.120430231 -0.2347695793198239 -0.242489954779251 0 0 0 0 1
1685094254.153763533 -0.25005036819876864 -0.2605772465885084 0 0 0 0 1
1685094254.187096834 -0.2659840703642684 -0.27920894362713716 0 0 0 0 1
1685094254.220430374 -0.28256165441041203 -0.29727013701049776 0 0 0 0 1
1685094254.253763676 -0.29976270784278347 -0.3147385874298911 0 0 0 0 1
1685094254.287096977 -0.31928993233953273 -0.34009279920406993 0 0 0 0 1
1685094254.320430279 -0.31262220111671674 -0.3641155662254792 0 0 0 0 1
1685094254.353763580 -0.30587649172712494 -0.35434513834965287 0 0 0 0 1
1685094254.387096882 -0.3318673190723091 -0.3571132061460663 0 0 0 0 1
1685094254.420430183 -0.35771075520230255 -0.3610249978592918 0 0 0 0 1
1685094254.453763485 -0.3839041350890489 -0.3665334779885804 0 0 0 0 1
1685094254.487097025 -0.40911325813203714 -0.37942345234281294 0 0 0 0 1
1685094254.520430326 -0.43155323944229024 -0.3847721575599981 0 0 0 0 1
1685094254.553763628 -0.4580401661902548 -0.39035235741957053 0 0 0 0 1
1685094254.587096930 -0.4845692926292895 -0.39572835680633744 0 0 0 0 1
1685094254.620430231 -0.5111390445039712 -0.4008998367050382 0 0 0 0 1
1685094254.653763533 -0.5377478451481369 -0.4058664902367297 0 0 0 0 1
1685094254.687096834 -0.5348212901596789 -0.40827108101720716 0 0 0 0 1
1685094254.720430374 -0.5475681049603421 -0.43294331213247705 0 0 0 0 1
1685094254.753763676 -0.5601852848570231 -0.4581302756418024 0 0 0 0 1
1685094254.787096977 -0.5412802890408147 -0.45633464510043703 0 0 0 0 1
1685094254.820430279 -0.5590006151348226 -0.43290658953532785 0 0 0 0 1
1685094254.853763580 -0.5769659510543539 -0.4096658827961125 0 0 0 0 1
1685094254.887096882 -0.5951553101034583 -0.3868945465856121 0 0 0 0 1
1685094254.920430183 -0.6136404034775067 -0.3639429505330394 0 0 0 0 1
1685094254.953763485 -0.6316876979203285 -0.341946727929852 0 0 0 0 1
1685094254.987097025 -0.6199029440621935 -0.3055704003897287 0 0 0 0 1
1685094255.020430326 -0.6581070105868274 -0.3039682362956072 0 0 0 0 1
1685094255.053763628 -0.6293144427763847 -0.3090620309950738 0 0 0 0 1
1685094255.087096930 -0.6006900736769327 -0.31502895643600237 0 0 0 0 1
1685094255.120430231 -0.5722603745119818 -0.3218634945293664 0 0 0 0 1
1685094255.153763533 -0.5501809711036335 -0.3262793860248063 0 0 0 0 1
1685094255.187096834 -0.5252299145792716 -0.33132853767869036 0 0 0 0 1
1685094255.220430374 -0.4999028765428815 -0.32876138002691474 0 0 0 0 1
1685094255.253763676 -0.46994466417425407 -0.3236524605621011 0 0 0 0 1
1685094255.287096977 -0.4399194775835186 -0.31895312905504025 0 0 0 0 1
1685094255.320430279 -0.40872669406555906 -0.31476208758765983 0 0 0 0 1
1685094255.353763580 -0.37818671207747134 -0.3107836978176345 0 0 0 0 1
1685094255.387096882 -0.3476741900206402 -0.3065999097342879 0 0 0 0 1
1685094255.420430183 -0.31720482706380115 -0.3021740041135005 0 0 0 0 1
1685094255.453763485 -0.29491464347771446 -0.2638133181259873 0 0 0 0 1
1685094255.487097025 -0.3095554180623284 -0.3056946055142299 0 0 0 0 1
1685094255.520430326 -0.3030914616892146 -0.261801419462856 0 0 0 0 1
1685094255.553763628 -0.3011457467251488 -0.3061253261838644 0 0 0 0 1
1685094255.587096930 -0.2891074383672527 -0.28646189247126125 0 0 0 0 1
1685094255.620430231 -0.2783900968093424 -0.26604841448683103 0 0 0 0 1
1685094255.653763533 -0.2632932640599792 -0.23889503864912137 0 0 0 0 1
1685094255.687096834 -0.24798430878012565 -0.21186068889393772 0 0 0 0 1
1685094255.720430374 -0.23246416933228162 -0.1849470222919002 0 0 0 0 1
1685094255.753763676 -0.2167337970234818 -0.15815568851635442 0 0 0 0 1
1685094255.787096977 -0.19855765686353616 -0.15155975133955357 0 0 0 0 1
1685094255.820430279 -0.18226450784052772 -0.1619718478272132 0 0 0 0 1
1685094255.853763580 -0.1806150246966507 -0.18123730042278846 0 0 0 0 1
1685094255.887096882 -0.19490107052491568 -0.19426754803927704 0 0 0 0 1
1685094255.920430183 -0.21393391907546544 -0.19085739637019733 0 0 0 0 1
1685094255.953763485 -0.2228071830423204 -0.17367765117625442 0 0 0 0 1
1685094255.987097025 -0.21457138720600205 -0.1561833628141411 0 0 0 0 1
1685094256.020430326 -0.19567674642442184 -0.15207592954148297 0 0 0 0 1
1685094256.053763628 -0.16383297078386166 -0.15372468758864483 0 0 0 0 1
1685094256.087096930 -0.14929684435450186 -0.12710303577315396 0 0 0 0 1
1685094256.120430231 -0.17438956476274223 -0.14604388368816584 0 0 0 0 1
1685094256.153763533 -0.19923216070287256 -0.16531162263649998 0 0 0 0 1
1685094256.187096834 -0.22347796959788122 -0.18411721075834359 0 0 0 0 1
1685094256.220430374 -0.24811863194857445 -0.2024023728440578 0 0 0 0 1
1685094256.253763676 -0.2721628208354077 -0.22019172141619955 0 0 0 0 1
1685094256.287096977 -0.29999519735451763 -0.2280262515880732 0 0 0 0 1
1685094256.320430279 -0.33042477026640354 -0.23318496368473496 0 0 0 0 1
1685094256.353763580 -0.360706281280929 -0.23815159252269252 0 0 0 0 1
1685094256.387096882 -0.3726268700133005 -0.2213933094991952 0 0 0 0 1
1685094256.420430183 -0.376307985777633 -0.20115992440545563 0 0 0 0 1
1685094256.453763485 -0.3710536409600715 -0.18127695817402667 0 0 0 0 1
1685094256.487097025 -0.3701866925063124 -0.18375501988324452 0 0 0 0 1
1685094256.520430326 -0.37560261250543825 -0.18872873258164763 0 0 0 0 1
1685094256.553763628 -0.3806907547946583 -0.1886999196611329 0 0 0 0 1
1685094256.587096930 -0.3592415516707122 -0.21068546311784125 0 0 0 0 1
1685094256.620430231 -0.33760514149320486 -0.2324867977184975 0 0 0 0 1
1685094256.653763533 -0.31578310621562833 -0.25410232945110406 0 0 0 0 1
1685094256.687096834 -0.2937770413635172 -0.27553047788870344 0 0 0 0 1
1685094256.720430374 -0.3166171808123152 -0.28448789500820465 0 0 0 0 1
1685094256.753763676 -0.29465548692070004 -0.2954236754057926 0 0 0 0 1
1685094256.787096977 -0.3012713035429044 -0.2717987254182342 0 0 0 0 1
1685094256.820430279 -0.31435958335456743 -0.29254973076893687 0 0 0 0 1
1685094256.853763580 -0.2901892102814818 -0.2883425515475186 0 0 0 0 1
1685094256.887096882 -0.29821106415038245 -0.31971952007628834 0 0 0 0 1
1685094256.920430183 -0.30636404059991107 -0.35106267353223203 0 0 0 0 1
1685094256.953763485 -0.326872302052948 -0.3788832249226649 0 0 0 0 1
1685094256.987097025 -0.3494437979271105 -0.4050576292424674 0 0 0 0 1
1685094257.020430326 -0.3739468913846145 -0.4294332375119374 0 0 0 0 1
1685094257.053763628 -0.3896291671832596 -0.45840136340190935 0 0 0 0 1
1685094257.087096930 -0.39836515810710227 -0.4768075204639928 0 0 0 0 1
1685094257.120430231 -0.39710372015839496 -0.5012870806896085 0 0 0 0 1
1685094257.153763533 -0.3875032377778965 -0.4974034837713586 0 0 0 0 1
1685094257.187096834 -0.3879027720874326 -0.5077520082699142 0 0 0 0 1
1685094257.220430374 -0.39717524839635227 -0.5031397669425088 0 0 0 0 1
1685094257.253763676 -0.37581374923068295 -0.5284624187886252 0 0 0 0 1
1685094257.287096977 -0.35469189785813077 -0.5534835989987023 0 0 0 0 1
1685094257.320430279 -0.33305887048095906 -0.5786613330910949 0 0 0 0 1
1685094257.353763580 -0.31125621532281866 -0.6036923217967755 0 0 0 0 1
1685094257.387096882 -0.28928492778920417 -0.6285754223199003 0 0 0 0 1
1685094257.420430183 -0.2720862995498277 -0.6571031036888317 0 0 0 0 1
1685094257.453763485 -0.25461293700334353 -0.6854633402696976 0 0 0 0 1
1685094257.487097025 -0.23866048689586383 -0.7091182629737616 0 0 0 0 1
1685094257.520430326 -0.21896331350604234 -0.7447237435653278 0 0 0 0 1
1685094257.553763628 -0.1991954913849567 -0.7802900491971222 0 0 0 0 1
1685094257.587096930 -0.17935709844586956 -0.8158170396874448 0 0 0 0 1
1685094257.620430231 -0.15944821288019262 -0.851304575009553 0 0 0 0 1
1685094257.653763533 -0.14342845533188497 -0.8803338974737269 0 0 0 0 1
1685094257.687096834 -0.12835801092499624 -0.908938493698854 0 0 0 0 1
1685094257.720430374 -0.11455081973309009 -0.9381737924182759 0 0 0 0 1
1685094257.753763676 -0.10203321376855992 -0.9679840383203218 0 0 0 0 1
1685094257.787096977 -0.09082906564610432 -0.9983123795983039 0 0 0 0 1
1685094257.820430279 -0.10642655506538576 -1.0049622422411761 0 0 0 0 1
1685094257.853763580 -0.11480498542506148 -0.990220998940093 0 0 0 0 1
1685094257.887096882 -0.10111078214731829 -0.9802224417471019 0 0 0 0 1
1685094257.920430183 -0.08962150808553587 -0.9926923627928391 0 0 0 0 1
1685094257.953763485 -0.10070575040885353 -1.0055236496134052 0 0 0 0 1
1685094257.987097025 -0.11471297638976358 -0.9959685478518654 0 0 0 0 1
1685094258.020430326 -0.10681068557124937 -0.9809666763295087 0 0 0 0 1
1685094258.053763628 -0.09299686240055624 -0.9502419346924544 0 0 0 0 1
1685094258.087096930 -0.07946434159014125 -0.9193922614402043 0 0 0 0 1
1685094258.120430231 -0.06621425287295483 -0.8884202319903666 0 0 0 0 1
1685094258.153763533 -0.09054721082650276 -0.8597729138606188 0 0 0 0 1
1685094258.187096834 -0.06720589383531603 -0.8892338133701898 0 0 0 0 1
1685094258.220430374 -0.08952838715770906 -0.8589936418979938 0 0 0 0 1
1685094258.253763676 -0.06825071371430864 -0.8899778683952313 0 0 0 0 1
1685094258.287096977 -0.08845878783927867 -0.8582856703181679 0 0 0 0 1
1685094258.320430279 -0.06934384684390787 -0.8906489320440755 0 0 0 0 1
1685094258.353763580 -0.08734339393365932 -0.8576522961040298 0 0 0 0 1
1685094258.387096882 -0.07048020256606223 -0.891243879211944 0 0 0 0 1
1685094258.420430183 -0.04968059673545988 -0.8655778035964908 0 0 0 0 1
1685094258.453763485 -0.029010735980054547 -0.8398071245879986 0 0 0 0 1
1685094258.487097025 -0.00847114635275353 -0.8139324980564204 0 0 0 0 1
1685094258.520430326 0.007390021535637983 -0.7850838648179925 0 0 0 0 1
1685094258.553763628 0.023824605336810516 -0.7565580038881046 0 0 0 0 1
1685094258.587096930 -0.0022078794887129684 -0.7385732096366562 0 0 0 0 1
1685094258.620430231 0.022601739936083946 -0.7582105687884051 0 0 0 0 1
1685094258.653763533 -0.0008802791648818661 -0.7370035447303269 0 0 0 0 1
1685094258.687096834 0.02117500921356472 -0.7596907072898365 0 0 0 0 1
1685094258.720430374 0.0006395589484772499 -0.7356191811049815 0 0 0 0 1
1685094258.753763676 -0.031271822773738814 -0.7558386061812408 0 0 0 0 1
1685094258.787096977 -0.05757489909238066 -0.7829551990721472 0 0 0 0 1
1685094258.820430279 -0.07681323024862537 -0.8154674744179011 0 0 0 0 1
1685094258.853763580 -0.08792156174334434 -0.8515751800392625 0 0 0 0 1
1685094258.887096882 -0.09076785087549302 -0.8825298271489619 0 0 0 0 1
1685094258.920430183 -0.09344946985240303 -0.9134991742388262 0 0 0 0 1
1685094258.953763485 -0.0959663428222802 -0.9444823453154495 0 0 0 0 1
1685094258.987097025 -0.10136658114639455 -0.9745688352986265 0 0 0 0 1
1685094259.020430326 -0.09967263095137226 -1.0050891561718058 0 0 0 0 1
1685094259.053763628 -0.09097607488605894 -1.0343932406323022 0 0 0 0 1
1685094259.087096930 -0.07266422116444467 -1.059263204440034 0 0 0 0 1
1685094259.120430231 -0.05421341821552618 -1.084709492731022 0 0 0 0 1
1685094259.153763533 -0.034157257153914315 -1.1034020992156832 0 0 0 0 1
1685094259.187096834 -0.01125466829676938 -1.1184730831702996 0 0 0 0 1
1685094259.220430374 0.013847843291342284 -1.129497013761901 0 0 0 0 1
1685094259.253763676 0.04164253156613067 -1.142810235106338 0 0 0 0 1
1685094259.287096977 0.06895336102666827 -1.1570897712695358 0 0 0 0 1
1685094259.320430279 0.10492501235259379 -1.1452143447233998 0 0 0 0 1
1685094259.353763580 0.07586482849334063 -1.1339121075067808 0 0 0 0 1
1685094259.387096882 0.046700263276329285 -1.1222909794480043 0 0 0 0 1
1685094259.420430183 0.017519510852864045 -1.110710557622517 0 0 0 0 1
1685094259.453763485 0.01600402742432131 -1.1254666882454198 0 0 0 0 1
1685094259.487097025 0.023913354309237324 -1.1244980365428165 0 0 0 0 1
1685094259.520430326 0.05633603844952004 -1.1205104276620157 0 0 0 0 1
1685094259.553763628 0.04449419704855421 -1.1264244313631404 0 0 0 0 1
1685094259.587096930 0.039478168277582736 -1.1141751822877346 0 0 0 0 1
1685094259.620430231 0.052066844897502566 -1.110084966095205 0 0 0 0 1
1685094259.653763533 0.05491719988572202 -1.0778312833793777 0 0 0 0 1
1685094259.687096834 0.061779491367784184 -1.046396217465371 0 0 0 0 1
1685094259.720430374 0.0830333349720857 -1.0222398819517502 0 0 0 0 1
1685094259.753763676 0.10389580228106135 -1.009622245155106 0 0 0 0 1
1685094259.787096977 0.09591227435413353 -0.99064569228987 0 0 0 0 1
1685094259.820430279 0.07543588638345651 -0.9885093841469634 0 0 0 0 1
1685094259.853763580 0.0887280310425306 -0.9932259119716691 0 0 0 0 1
1685094259.887096882 0.08811705668562339 -1.007316811683688 0 0 0 0 1
1685094259.920430183 0.07446655287967906 -1.0108651197597818 0 0 0 0 1
1685094259.953763485 0.0933707457370418 -1.0345702892418034 0 0 0 0 1
