1685094304.766614676 1.0016148000693274e-18 2.6570271947029093e-18 0 0 0 0 1
1685094304.799947977 0.00035006815629005786 -0.01178677313049338 0 0 0 0 1
1685094304.833281279 0.0007369374402921824 -0.02384104364058349 0 0 0 0 1
1685094304.866614580 0.001134507692327131 -0.03564384851642166 0 0 0 0 1
1685094304.899947882 0.0024876513834039293 -0.048132779678843426 0 0 0 0 1
1685094304.933281183 0.003790948300540747 -0.0612423030542446 0 0 0 0 1
1685094304.966614723 0.005109687441851115 -0.0749302785726727 0 0 0 0 1
1685094304.999948025 0.006584168841679076 -0.08902089221701029 0 0 0 0 1
1685094305.033281326 0.004673172655148306 -0.09876440686735406 0 0 0 0 1
1685094305.066614628 0.007813521125075058 -0.11345988501639269 0 0 0 0 1
1685094305.099947929 0.010999976066110188 -0.1287581439917811 0 0 0 0 1
1685094305.133281231 0.014054020402026975 -0.144329043957642 0 0 0 0 1
1685094305.166614532 0.017164015853194294 -0.16012390085981487 0 0 0 0 1
1685094305.199947834 0.020242983973700314 -0.17635809089238877 0 0 0 0 1
1685094305.233281374 0.02577327387937088 -0.1921926280166505 0 0 0 0 1
1685094305.266614676 0.031151764880213144 -0.20947466051281166 0 0 0 0 1
1685094305.299947977 0.02589806508992163 -0.21706555276655634 0 0 0 0 1
1685094305.333281279 0.01763907439692945 -0.23109395849170938 0 0 0 0 1
1685094305.366614580 0.035967691149653376 -0.23926836079880226 0 0 0 0 1
1685094305.399947882 0.05571146246819147 -0.24861878040970023 0 0 0 0 1
1685094305.433281183 0.07463729511981354 -0.256560004782614 0 0 0 0 1
1685094305.466614723 0.09430071380852534 -0.26489150224796276 0 0 0 0 1
1685094305.499948025 0.1144674936621901 -0.27304728395116706 0 0 0 0 1
1685094305.533281326 0.1346560979156564 -0.28114889139373184 0 0 0 0 1
1685094305.566614628 0.15486638104026829 -0.2891962661755801 0 0 0 0 1
1685094305.599947929 0.17500555822352262 -0.29735624506860686 0 0 0 0 1
1685094305.633281231 0.1952016077684927 -0.305612513245807 0 0 0 0 1
1685094305.666614532 0.21539792146031114 -0.31386813525134977 0 0 0 0 1
1685094305.699947834 0.23650166617095167 -0.32234226991993425 0 0 0 0 1
1685094305.733281374 0.24435665734122955 -0.3096173960740194 0 0 0 0 1
1685094305.766614676 0.2648961825977285 -0.298933974185746 0 0 0 0 1
1685094305.799947977 0.2860857598165646 -0.2877748950841018 0 0 0 0 1
1685094305.833281279 0.3075573534343401 -0.286305392997278 0 0 0 0 1
1685094305.866614580 0.3158835123580364 -0.28279191673453447 0 0 0 0 1
1685094305.899947882 0.33737026777143797 -0.27136867363223416 0 0 0 0 1
1685094305.933281183 0.3586330579186593 -0.25954730527301306 0 0 0 0 1
1685094305.966614723 0.3798394965880603 -0.24762514298213248 0 0 0 0 1
1685094305.999948025 0.4009891059805623 -0.23560245537603725 0 0 0 0 1
1685094306.033281326 0.4223046454007266 -0.22364768891402237 0 0 0 0 1
1685094306.066614628 0.4446297255667815 -0.21125071567871065 0 0 0 0 1
1685094306.099947929 0.46632149030980186 -0.19996128144775 0 0 0 0 1
1685094306.133281231 0.4883991495323547 -0.18902233633780022 0 0 0 0 1
1685094306.166614532 0.5104078140773696 -0.1780653255328878 0 0 0 0 1
1685094306.199947834 0.532532343342661 -0.1673441965987117 0 0 0 0 1
1685094306.233281374 0.5554655077274459 -0.15643372737696645 0 0 0 0 1
1685094306.266614676 0.5778658196446799 -0.14446734140003772 0 0 0 0 1
1685094306.299947977 0.5996846943613484 -0.13147099293454415 0 0 0 0 1
1685094306.333281279 0.6208748082416597 -0.11747287016477061 0 0 0 0 1
1685094306.366614580 0.6410653161863124 -0.10255760556382891 0 0 0 0 1
1685094306.399947882 0.6621002417131726 -0.08750147837016542 0 0 0 0 1
1685094306.433281183 0.6832349845015149 -0.07246608678032532 0 0 0 0 1
1685094306.466614723 0.6985220616948615 -0.07610831512789482 0 0 0 0 1
1685094306.499948025 0.6708579138139533 -0.07206193982387395 0 0 0 0 1
1685094306.533281326 0.6491330120561669 -0.08027244477601626 0 0 0 0 1
1685094306.566614628 0.6232275148400876 -0.08869299674804966 0 0 0 0 1
1685094306.599947929 0.5973876404956876 -0.09731282130494238 0 0 0 0 1
1685094306.633281231 0.5779150167284275 -0.09408180803227764 0 0 0 0 1
1685094306.666614532 0.5720977748005805 -0.0864579623736246 0 0 0 0 1
1685094306.699947834 0.5625472758883756 -0.08559118858419966 0 0 0 0 1
1685094306.733281374 0.5554525540648233 -0.09204318428479288 0 0 0 0 1
1685094306.766614676 0.5554112199373009 -0.10163284631032667 0 0 0 0 1
1685094306.799947977 0.5820536807642678 -0.11466264723775929 0 0 0 0 1
1685094306.833281279 0.6071084687371276 -0.12529708459331093 0 0 0 0 1
1685094306.866614580 0.6319861469538185 -0.13590177014395227 0 0 0 0 1
1685094306.899947882 0.6568344270573621 -0.14657515784313374 0 0 0 0 1
1685094306.933281183 0.6590316812130096 -0.13662932830293406 0 0 0 0 1
1685094306.966614723 0.6421610395352344 -0.15901151765897634 0 0 0 0 1
1685094306.999948025 0.6252211461370142 -0.1814096741272911 0 0 0 0 1
1685094307.033281326 0.6074122688508543 -0.2040684533008542 0 0 0 0 1
1685094307.066614628 0.5897574496656557 -0.2262233881016983 0 0 0 0 1
1685094307.099947929 0.5724966953912782 -0.2487093856514532 0 0 0 0 1
1685094307.133281231 0.5730541297605226 -0.24304972875899442 0 0 0 0 1
1685094307.166614532 0.5463489241550631 -0.25105186243499006 0 0 0 0 1
1685094307.199947834 0.5192712414815034 -0.2594232269763376 0 0 0 0 1
1685094307.233281374 0.49239221462064403 -0.267644257773269 0 0 0 0 1
1685094307.266614676 0.4653729492920686 -0.27613565260788236 0 0 0 0 1
1685094307.299947977 0.43866784228480843 -0.284756392845297 0 0 0 0 1
1685094307.333281279 0.4266155972375581 -0.28643459829942414 0 0 0 0 1
1685094307.366614580 0.4144473914108439 -0.2863465574909996 0 0 0 0 1
1685094307.399947882 0.38605142174306323 -0.28634452988930426 0 0 0 0 1
1685094307.433281183 0.35539919621631366 -0.2889407842209491 0 0 0 0 1
1685094307.466614723 0.3246374985305747 -0.288808792598137 0 0 0 0 1
1685094307.499948025 0.29570279892905144 -0.2834697290216969 0 0 0 0 1
1685094307.533281326 0.279669690892278 -0.28966523209395234 0 0 0 0 1
1685094307.566614628 0.25229239318292385 -0.3001548549138574 0 0 0 0 1
1685094307.599947929 0.225008964893612 -0.3108862647724196 0 0 0 0 1
1685094307.633281231 0.19801091283656022 -0.3217675741268732 0 0 0 0 1
1685094307.666614532 0.17112118601287624 -0.332532768850662 0 0 0 0 1
1685094307.699947834 0.14406669008507217 -0.3433553835476902 0 0 0 0 1
1685094307.733281374 0.11739032041744416 -0.3547447145651963 0 0 0 0 1
1685094307.766614676 0.09119308922551445 -0.3657886859095505 0 0 0 0 1
1685094307.799947977 0.06492928743547614 -0.3766733972383778 0 0 0 0 1
1685094307.833281279 0.038599883221322975 -0.38739844730381157 0 0 0 0 1
1685094307.866614580 0.012205847175379937 -0.39796344074364787 0 0 0 0 1
1685094307.899947882 -0.012822655404855518 -0.4059992929615514 0 0 0 0 1
1685094307.933281183 -0.039796808238951965 -0.4165680575920846 0 0 0 0 1
1685094307.966614723 -0.06681203764783689 -0.4291218585217151 0 0 0 0 1
1685094307.999948025 -0.08282413283718092 -0.45424223561766724 0 0 0 0 1
1685094308.033281326 -0.08412934127913152 -0.48362075079132166 0 0 0 0 1
1685094308.066614628 -0.08569146412083657 -0.5128042952209698 0 0 0 0 1
1685094308.099947929 -0.08730806796194421 -0.5340647210841968 0 0 0 0 1
1685094308.133281231 -0.08984835611229908 -0.5485323297805943 0 0 0 0 1
1685094308.166614532 -0.09445708865323446 -0.5573248599204752 0 0 0 0 1
1685094308.199947834 -0.1049429888230228 -0.5845846015596331 0 0 0 0 1
1685094308.233281374 -0.11417357588238829 -0.6127288732334996 0 0 0 0 1
1685094308.266614676 -0.12675273527395697 -0.6088842033623085 0 0 0 0 1
1685094308.299947977 -0.13053627392687814 -0.6073935480673768 0 0 0 0 1
1685094308.333281279 -0.1290204532850053 -0.6036200211060142 0 0 0 0 1
1685094308.366614580 -0.1558097883148352 -0.5925776469299551 0 0 0 0 1
1685094308.399947882 -0.18505679087711635 -0.574174674501604 0 0 0 0 1
1685094308.433281183 -0.1765387912044719 -0.511197151846076 0 0 0 0 1
1685094308.466614723 -0.16320122043591756 -0.5450203354578608 0 0 0 0 1
1685094308.499948025 -0.1827820301734283 -0.5604872759885275 0 0 0 0 1
1685094308.533281326 -0.20914051115074717 -0.5700435085541996 0 0 0 0 1
1685094308.566614628 -0.23588317388931174 -0.579059823268885 0 0 0 0 1
1685094308.599947929 -0.26267108755346746 -0.5879407929740798 0 0 0 0 1
1685094308.633281231 -0.2900585921348901 -0.5970970323721922 0 0 0 0 1
1685094308.666614532 -0.3073287907662435 -0.6028035345256155 0 0 0 0 1
1685094308.699947834 -0.33475473891461655 -0.6101371233546277 0 0 0 0 1
1685094308.733281374 -0.3622498269676944 -0.6172070802076601 0 0 0 0 1
1685094308.766614676 -0.3896606278055361 -0.6243768616954233 0 0 0 0 1
1685094308.799947977 -0.41685638706553707 -0.6323234614353223 0 0 0 0 1
1685094308.833281279 -0.4438150946229866 -0.6410404480698197 0 0 0 0 1
1685094308.866614580 -0.4705149322043181 -0.6505207667503603 0 0 0 0 1
1685094308.899947882 -0.492977895670251 -0.6586916338599438 0 0 0 0 1
1685094308.933281183 -0.5156580427959312 -0.6662387341873413 0 0 0 0 1
1685094308.966614723 -0.5385380561101558 -0.6731563051291685 0 0 0 0 1
1685094308.999948025 -0.5211980205835269 -0.6868617700841627 0 0 0 0 1
1685094309.033281326 -0.5224170053213683 -0.6685357317497659 0 0 0 0 1
1685094309.066614628 -0.5277138591679855 -0.6374585567383354 0 0 0 0 1
1685094309.099947929 -0.5288561745284183 -0.6204069753699427 0 0 0 0 1
1685094309.133281231 -0.5530944425155766 -0.60458388220108 0 0 0 0 1
1685094309.166614532 -0.5775641698683025 -0.5891211413143209 0 0 0 0 1
1685094309.199947834 -0.6022599996143819 -0.5740221378505004 0 0 0 0 1
1685094309.233281374 -0.5921018543772106 -0.5773489234323447 0 0 0 0 1
1685094309.266614676 -0.5952460368879343 -0.5875650642549005 0 0 0 0 1
1685094309.299947977 -0.5701018285740315 -0.6009259155642722 0 0 0 0 1
1685094309.333281279 -0.5445115390963197 -0.6134111325784452 0 0 0 0 1
1685094309.366614580 -0.5185056505374678 -0.6250058434290295 0 0 0 0 1
1685094309.399947882 -0.4909605489943434 -0.634963939107297 0 0 0 0 1
1685094309.433281183 -0.46309177409227026 -0.6439765787881087 0 0 0 0 1
1685094309.466614723 -0.4349317670410447 -0.6520332711263757 0 0 0 0 1
1685094309.499948025 -0.45084771648464733 -0.6482786799452546 0 0 0 0 1
1685094309.533281326 -0.4457317388238576 -0.6464129337549401 0 0 0 0 1
1685094309.566614628 -0.4417992753710873 -0.6501798910768379 0 0 0 0 1
1685094309.599947929 -0.42611729183041563 -0.6431829603871138 0 0 0 0 1
1685094309.633281231 -0.45040376082232675 -0.6273679667660741 0 0 0 0 1
1685094309.666614532 -0.4492764549715722 -0.6130930218197832 0 0 0 0 1
1685094309.699947834 -0.4594473174180085 -0.619255435854865 0 0 0 0 1
1685094309.733281374 -0.46887678883183714 -0.6265015974939597 0 0 0 0 1
1685094309.766614676 -0.4765288934709708 -0.5980833503628592 0 0 0 0 1
1685094309.799947977 -0.4854934600512891 -0.5631444198775265 0 0 0 0 1
1685094309.833281279 -0.49370810023445044 -0.5280216067200778 0 0 0 0 1
1685094309.866614580 -0.5011690498075383 -0.49273100529562347 0 0 0 0 1
1685094309.899947882 -0.5012953528804215 -0.4934390650992114 0 0 0 0 1
1685094309.933281183 -0.5078979193344669 -0.46555493434442263 0 0 0 0 1
1685094309.966614723 -0.5145568876782534 -0.43728171220126255 0 0 0 0 1
1685094309.999948025 -0.5211048760559662 -0.4087651166335418 0 0 0 0 1
1685094310.033281326 -0.5272853820600566 -0.38016662506316334 0 0 0 0 1
1685094310.066614628 -0.5330973823094434 -0.35149097288803854 0 0 0 0 1
1685094310.099947929 -0.538539914440997 -0.3227429082824931 0 0 0 0 1
1685094310.133281231 -0.5436120772688903 -0.29392719141105383 0 0 0 0 1
1685094310.166614532 -0.5485244408639548 -0.26429434251436507 0 0 0 0 1
1685094310.199947834 -0.5533948423007774 -0.2346545678919375 0 0 0 0 1
1685094310.233281374 -0.5549392261377745 -0.2338590939134056 0 0 0 0 1
1685094310.266614676 -0.5565090345430456 -0.2331150496558246 0 0 0 0 1
1685094310.299947977 -0.5581025554300622 -0.23242324659921063 0 0 0 0 1
1685094310.333281279 -0.5657798157312636 -0.20367918042924243 0 0 0 0 1
1685094310.366614580 -0.5728737440613383 -0.1788428200253829 0 0 0 0 1
1685094310.399947882 -0.5803868655142884 -0.15073064061321273 0 0 0 0 1
1685094310.433281183 -0.587519274502068 -0.12251946610203976 0 0 0 0 1
1685094310.466614723 -0.5942696675771139 -0.09421445208329757 0 0 0 0 1
1685094310.499948025 -0.6006368111052608 -0.06582077129758764 0 0 0 0 1
1685094310.533281326 -0.6070248999072215 -0.03553320293933472 0 0 0 0 1
1685094310.566614628 -0.6132325423467863 -0.0052081365595213714 0 0 0 0 1
1685094310.599947929 -0.6197408871675868 0.02549474260384906 0 0 0 0 1
1685094310.633281231 -0.6263565515474114 0.056174676209391254 0 0 0 0 1
1685094310.666614532 -0.6330794545959844 0.08683128913101783 0 0 0 0 1
1685094310.699947834 -0.6398276727478251 0.11773161974486132 0 0 0 0 1
1685094310.733281374 -0.6468567030639946 0.1486100912027723 0 0 0 0 1
1685094310.766614676 -0.6531998311256764 0.17675190287385825 0 0 0 0 1
1685094310.799947977 -0.6606356327703199 0.2071232579541099 0 0 0 0 1
1685094310.833281279 -0.6682266998521569 0.2370706141348058 0 0 0 0 1
1685094310.866614580 -0.6724929515691214 0.25707008508139945 0 0 0 0 1
1685094310.899947882 -0.6736864844911222 0.2774846686191609 0 0 0 0 1
1685094310.933281183 -0.6717798593904944 0.29784503508398175 0 0 0 0 1
1685094310.966614723 -0.6668169094278019 0.3176831012579805 0 0 0 0 1
1685094310.999948025 -0.6661384199453945 0.34776979187953116 0 0 0 0 1
1685094311.033281326 -0.6699142602702814 0.34453981594853395 0 0 0 0 1
1685094311.066614628 -0.6681256265453656 0.34917560111093715 0 0 0 0 1
1685094311.099947929 -0.6760175464151897 0.33003898890402844 0 0 0 0 1
1685094311.133281231 -0.693176444912075 0.341617612672116 0 0 0 0 1
1685094311.166614532 -0.6783840831019493 0.356097887464663 0 0 0 0 1
1685094311.199947834 -0.7004576780613633 0.3424769976169228 0 0 0 0 1
1685094311.233281374 -0.7223025461710479 0.3284922211815623 0 0 0 0 1
1685094311.266614676 -0.7439126892794486 0.31414739809060105 0 0 0 0 1
1685094311.299947977 -0.765282173685669 0.2994464671374662 0 0 0 0 1
1685094311.333281279 -0.7913580657242524 0.28098335148867487 0 0 0 0 1
1685094311.366614580 -0.8171122109040945 0.2631044674669568 0 0 0 0 1
1685094311.399947882 -0.8424103173843701 0.24557629391632183 0 0 0 0 1
1685094311.433281183 -0.833292363483806 0.25497867865364354 0 0 0 0 1
1685094311.466614723 -0.8254550196431986 0.24448496798460345 0 0 0 0 1
1685094311.499948025 -0.7967917413443893 0.25327815013219845 0 0 0 0 1
1685094311.533281326 -0.7681276557374048 0.2620687002532792 0 0 0 0 1
1685094311.566614628 -0.7397066641941981 0.2706087561406886 0 0 0 0 1
1685094311.599947929 -0.711338674794294 0.2793232551088472 0 0 0 0 1
1685094311.633281231 -0.6830247582278104 0.2882118682473133 0 0 0 0 1
1685094311.666614532 -0.6544241442995595 0.2978326288577125 0 0 0 0 1
1685094311.699947834 -0.6263037173526427 0.3082999006012807 0 0 0 0 1
1685094311.733281374 -0.5989578260637288 0.31922141705228035 0 0 0 0 1
1685094311.766614676 -0.5721030594511122 0.3296770223743817 0 0 0 0 1
1685094311.799947977 -0.5452020350550203 0.34001303025511287 0 0 0 0 1
1685094311.833281279 -0.5187840485234959 0.35111979896676165 0 0 0 0 1
1685094311.866614580 -0.49264225234994397 0.36286189487909065 0 0 0 0 1
1685094311.899947882 -0.4668879966536927 0.3745912435298104 0 0 0 0 1
1685094311.933281183 -0.44119127289917887 0.3864461030617594 0 0 0 0 1
1685094311.966614723 -0.41710995497812414 0.3969670891879322 0 0 0 0 1
1685094311.999948025 -0.3933427606436602 0.40969885126082695 0 0 0 0 1
