1685094369.429631710 -4.113904246457377e-19 3.3332904632431966e-18 0 0 0 0 1
1685094369.462965012 -0.00039059430265468974 -0.015089641550616362 0 0 0 0 1
1685094369.496298313 -0.0007371567065885914 -0.03116126184878748 0 0 0 0 1
1685094369.529631853 -0.0011843304479937328 -0.04794246235677524 0 0 0 0 1
1685094369.562965155 -0.00037252620743778925 -0.06804561156541818 0 0 0 0 1
1685094369.596298456 -0.0015267384594734963 -0.08606778742348231 0 0 0 0 1
1685094369.629631758 -0.002630720911628375 -0.104842516252821 0 0 0 0 1
1685094369.662965059 -0.0034462809810409177 -0.12375410092468295 0 0 0 0 1
1685094369.696298361 -0.004043381512742658 -0.14309326986088597 0 0 0 0 1
1685094369.729631662 -0.004618836703758879 -0.16304357816118872 0 0 0 0 1
1685094369.762965202 -0.0052615939433036845 -0.18399878250804919 0 0 0 0 1
1685094369.796298504 -0.0025626599400261764 -0.20718648273854123 0 0 0 0 1
1685094369.829631805 -0.004272273790036657 -0.229265926460426 0 0 0 0 1
1685094369.862965107 -0.006088093745416528 -0.251842378824788 0 0 0 0 1
1685094369.896298409 -0.00812799208102481 -0.280868810647627 0 0 0 0 1
1685094369.929631710 -0.009802337194494904 -0.3045800760873003 0 0 0 0 1
1685094369.962965012 -0.01157331223386446 -0.32843217782228307 0 0 0 0 1
1685094369.996298313 -0.013464115164180102 -0.35211472170740477 0 0 0 0 1
1685094370.029631853 -0.015747785536932086 -0.3762363622191253 0 0 0 0 1
1685094370.062965155 -0.01804991831350333 -0.4007777867982895 0 0 0 0 1
1685094370.096298456 -0.020426588276568576 -0.4253121051214553 0 0 0 0 1
1685094370.129631758 -0.02289626893737164 -0.44988318413370526 0 0 0 0 1
1685094370.162965059 -0.025452194512762837 -0.47444544157974705 0 0 0 0 1
1685094370.196298361 -0.027701635439316384 -0.4993460160360338 0 0 0 0 1
1685094370.229631662 -0.029998338471134225 -0.5243659902557647 0 0 0 0 1
1685094370.262965202 -0.032288234554015256 -0.5493865883841462 0 0 0 0 1
1685094370.296298504 -0.042411715293596115 -0.5412779508031395 0 0 0 0 1
1685094370.329631805 -0.020715244679098313 -0.5553127700435779 0 0 0 0 1
1685094370.362965107 0.0012417949663810813 -0.5698047547399866 0 0 0 0 1
1685094370.396298409 0.03057115639383253 -0.5777810101263227 0 0 0 0 1
1685094370.429631710 0.035399553366571926 -0.604637470216766 0 0 0 0 1
1685094370.462965012 0.04053644812511399 -0.6317266248736858 0 0 0 0 1
1685094370.496298313 0.045972648783193286 -0.6589064236818379 0 0 0 0 1
1685094370.529631853 0.0510491668668596 -0.6857851095153733 0 0 0 0 1
1685094370.562965155 0.05614621561047495 -0.712657788065376 0 0 0 0 1
1685094370.596298456 0.06188906722301727 -0.7394459361683653 0 0 0 0 1
1685094370.629631758 0.06774814507715701 -0.7661981390456739 0 0 0 0 1
1685094370.662965059 0.07347251348368229 -0.792906549074231 0 0 0 0 1
1685094370.696298361 0.0814090469629631 -0.8129147169016363 0 0 0 0 1
1685094370.729631662 0.0883339715938211 -0.8401285987468555 0 0 0 0 1
1685094370.762965202 0.09520746138756324 -0.8675474168469045 0 0 0 0 1
1685094370.796298504 0.09343180573745216 -0.883575882007856 0 0 0 0 1
1685094370.829631805 0.09734307984218908 -0.9119699765696417 0 0 0 0 1
1685094370.862965107 0.10118987329770995 -0.9403728787315085 0 0 0 0 1
1685094370.896298409 0.10469538074409789 -0.969146619397131 0 0 0 0 1
1685094370.929631710 0.10524918137284392 -0.9901264836680393 0 0 0 0 1
1685094370.962965012 0.10141545290671497 -1.0182584596078306 0 0 0 0 1
1685094370.996298313 0.09745190697413182 -1.0463724391886247 0 0 0 0 1
1685094371.029631853 0.08753820494634161 -1.059375943751477 0 0 0 0 1
1685094371.062965155 0.11229484817126807 -1.0455424305783685 0 0 0 0 1
1685094371.096298456 0.13244245912547672 -1.0351280947412806 0 0 0 0 1
1685094371.129631758 0.15863772621933722 -1.0254431482322586 0 0 0 0 1
1685094371.162965059 0.18473744943104242 -1.0157086823665544 0 0 0 0 1
1685094371.196298361 0.21094115356346646 -1.005755485230003 0 0 0 0 1
1685094371.229631662 0.23709223926821676 -0.9956648479874168 0 0 0 0 1
1685094371.262965202 0.26346207680862627 -0.9859547512963837 0 0 0 0 1
1685094371.296298504 0.2899539583661215 -0.975734669227533 0 0 0 0 1
1685094371.329631805 0.31644835000021443 -0.9655210960090318 0 0 0 0 1
1685094371.362965107 0.34252475011693967 -0.9556306960677531 0 0 0 0 1
1685094371.396298409 0.36876444328105795 -0.9457930112446251 0 0 0 0 1
1685094371.429631710 0.40397136739243467 -0.9280211887108017 0 0 0 0 1
1685094371.462965012 0.4165661901201925 -0.9029505836930266 0 0 0 0 1
1685094371.496298313 0.42929073403935236 -0.878088411091182 0 0 0 0 1
1685094371.529631853 0.4418956191079695 -0.8529453415621531 0 0 0 0 1
1685094371.562965155 0.454817353040975 -0.8274481843700988 0 0 0 0 1
1685094371.596298456 0.4677761893275659 -0.8019698642761636 0 0 0 0 1
1685094371.629631758 0.48083495375707025 -0.776540935524838 0 0 0 0 1
1685094371.662965059 0.4938269215748576 -0.7512627838288025 0 0 0 0 1
1685094371.696298361 0.5068700777600096 -0.7260110065116326 0 0 0 0 1
1685094371.729631662 0.5199643687714103 -0.7007857072298608 0 0 0 0 1
1685094371.762965202 0.5331024757030572 -0.6760693991622637 0 0 0 0 1
1685094371.796298504 0.5463010643112101 -0.6513853355382879 0 0 0 0 1
1685094371.829631805 0.5589613072186634 -0.6267634175451071 0 0 0 0 1
1685094371.862965107 0.5715060814803943 -0.6020824687209464 0 0 0 0 1
1685094371.896298409 0.5838435672764866 -0.5825574982640195 0 0 0 0 1
1685094371.929631710 0.5940004598286512 -0.5567268955094654 0 0 0 0 1
1685094371.962965012 0.6039686531606893 -0.5309256276166444 0 0 0 0 1
1685094371.996298313 0.6139995124830611 -0.5053151135863729 0 0 0 0 1
1685094372.029631853 0.6240236342467033 -0.47970196168139234 0 0 0 0 1
1685094372.062965155 0.6340410177579182 -0.45408617367420495 0 0 0 0 1
1685094372.096298456 0.6440966489379477 -0.428928149576317 0 0 0 0 1
1685094372.129631758 0.653979830670711 -0.4037393945882306 0 0 0 0 1
1685094372.162965059 0.6640239266153484 -0.3792228455380428 0 0 0 0 1
1685094372.196298361 0.6739440465072595 -0.3550224838955788 0 0 0 0 1
1685094372.229631662 0.6837845921403999 -0.33128100783966113 0 0 0 0 1
1685094372.262965202 0.693335690651942 -0.30782854547186905 0 0 0 0 1
1685094372.296298504 0.7029678055501881 -0.2850250709442414 0 0 0 0 1
1685094372.329631805 0.7122537930012758 -0.2627143512832055 0 0 0 0 1
1685094372.362965107 0.7213831658672273 -0.24062008639526217 0 0 0 0 1
