1685093686.452700615 -3.9718428825560514e-19 6.528692705073089e-19 0 0 0 0 1
1685093686.486033916 -0.0002664727804992075 -0.011586039245667559 0 0 0 0 1
1685093686.519367218 -0.00022571770454099963 -0.023857737728194606 0 0 0 0 1
1685093686.552700520 -9.127551689095345e-06 -0.03642533361352688 0 0 0 0 1
1685093686.586033821 -0.008880988844728127 -0.03411774559355039 0 0 0 0 1
1685093686.619367123 0.002091454736547932 -0.04255310933309835 0 0 0 0 1
1685093686.652700424 0.013616233704184385 -0.05138584717564653 0 0 0 0 1
1685093686.686033964 0.02516404940648321 -0.060188445687097476 0 0 0 0 1
1685093686.719367266 0.03673482302398713 -0.06896084478543613 0 0 0 0 1
1685093686.752700567 0.04832847558053995 -0.07770298459477307 0 0 0 0 1
1685093686.786033869 0.05994492794382556 -0.08641480544575328 0 0 0 0 1
1685093686.819367170 0.07158410082590809 -0.09509624787596334 0 0 0 0 1
1685093686.852700472 0.08324591478377306 -0.10374725263033736 0 0 0 0 1
1685093686.886033773 0.07398576274278915 -0.11896890270928918 0 0 0 0 1
1685093686.919367075 0.0832183786558814 -0.11900382532612083 0 0 0 0 1
1685093686.952700615 0.10166248059028941 -0.11178466033296428 0 0 0 0 1
1685093686.986033916 0.12055484628741187 -0.1042854522852723 0 0 0 0 1
1685093687.019367218 0.1392676183236442 -0.09663057386041847 0 0 0 0 1
1685093687.052700520 0.1566789590299574 -0.08975191428753006 0 0 0 0 1
1685093687.086033821 0.17620259474931046 -0.08516425010595008 0 0 0 0 1
1685093687.119367123 0.19620941860527616 -0.07780807904411666 0 0 0 0 1
1685093687.152700424 0.22196207585175068 -0.06840812074895516 0 0 0 0 1
1685093687.186033964 0.2432934640741805 -0.06064133408049624 0 0 0 0 1
1685093687.219367266 0.26934162780082116 -0.04078913546822002 0 0 0 0 1
1685093687.252700567 0.28364481614454873 -0.021687442900111473 0 0 0 0 1
1685093687.286033869 0.2979746603577706 -0.0018774879966127677 0 0 0 0 1
1685093687.319367170 0.30749377948544726 0.018284350621961213 0 0 0 0 1
1685093687.352700472 0.3205791404291508 0.03904441257254706 0 0 0 0 1
1685093687.386033773 0.33364716001009415 0.06014553481497574 0 0 0 0 1
1685093687.419367075 0.3464035330204477 0.08173376140457252 0 0 0 0 1
1685093687.452700615 0.35926798607803423 0.10331246629191247 0 0 0 0 1
1685093687.486033916 0.37296995742069877 0.12469520928117048 0 0 0 0 1
1685093687.519367218 0.3880487728887228 0.14562887771684477 0 0 0 0 1
1685093687.552700520 0.40459475159158925 0.16054432804789942 0 0 0 0 1
1685093687.586033821 0.4216083472709703 0.17924175473874232 0 0 0 0 1
1685093687.619367123 0.43886797038458947 0.19820583660995453 0 0 0 0 1
1685093687.652700424 0.45616026689206546 0.21714013017321526 0 0 0 0 1
1685093687.686033964 0.47348518538197243 0.2360445791353058 0 0 0 0 1
1685093687.719367266 0.4939576560866534 0.22331230785626505 0 0 0 0 1
1685093687.752700567 0.4819511828277077 0.24446726772689875 0 0 0 0 1
1685093687.786033869 0.5060765329731503 0.24757455072104317 0 0 0 0 1
1685093687.819367170 0.4780354346821557 0.24638974886922074 0 0 0 0 1
1685093687.852700472 0.4500009453886176 0.24505769825314275 0 0 0 0 1
1685093687.886033773 0.4219738383164855 0.24357843561232057 0 0 0 0 1
1685093687.919367075 0.39395488648609844 0.24195200174654516 0 0 0 0 1
1685093687.952700615 0.3659448626928646 0.24017844151476164 0 0 0 0 1
1685093687.986033916 0.3379445394859463 0.23825780383383208 0 0 0 0 1
1685093688.019367218 0.3099546891469526 0.23619014167718644 0 0 0 0 1
1685093688.052700520 0.2819760836686384 0.23397551207336126 0 0 0 0 1
1685093688.086033821 0.25457698799894296 0.2408715975110115 0 0 0 0 1
1685093688.119367123 0.2608541368515543 0.268419080883593 0 0 0 0 1
1685093688.152700424 0.28853602822834634 0.26276405412114695 0 0 0 0 1
1685093688.186033964 0.2971346546054255 0.25715797070298185 0 0 0 0 1
1685093688.219367266 0.3071986024031338 0.25917824335513295 0 0 0 0 1
1685093688.252700567 0.31296747735304153 0.26766851005744297 0 0 0 0 1
1685093688.286033869 0.31113929549570274 0.277769118849022 0 0 0 0 1
1685093688.319367170 0.30276047007811957 0.2836986914715379 0 0 0 0 1
1685093688.352700472 0.29262686638912133 0.28206326396218506 0 0 0 0 1
1685093688.386033773 0.2865387482796328 0.273798920990784 0 0 0 0 1
1685093688.419367075 0.2879808278495526 0.2636360004765791 0 0 0 0 1
1685093688.452700615 0.29612768876563234 0.2573915466111014 0 0 0 0 1
1685093688.486033916 0.30631623739205605 0.2586397548273164 0 0 0 0 1
1685093688.519367218 0.31271476053923103 0.2666661767199839 0 0 0 0 1
1685093688.552700520 0.31166087672383974 0.276876655443711 0 0 0 0 1
1685093688.586033821 0.3037578071083721 0.2834269254776179 0 0 0 0 1
1685093688.619367123 0.2813832523378185 0.30552013868353944 0 0 0 0 1
1685093688.652700424 0.3014573319987122 0.3049505203843071 0 0 0 0 1
1685093688.686033964 0.30137200200321307 0.29544754006664053 0 0 0 0 1
1685093688.719367266 0.2923047859181428 0.2926015765052556 0 0 0 0 1
1685093688.752700567 0.28680427808566206 0.3003513074496759 0 0 0 0 1
1685093688.786033869 0.2924829188422629 0.30797147511735623 0 0 0 0 1
1685093688.819367170 0.3014817403856033 0.3049161311175421 0 0 0 0 1
1685093688.852700472 0.3013468031552477 0.2954137257341693 0 0 0 0 1
1685093688.886033773 0.2922648538383269 0.2926151345294788 0 0 0 0 1
1685093688.919367075 0.28680487686676087 0.30039347417210543 0 0 0 0 1
1685093688.952700615 0.31438297221900263 0.3140494041473603 0 0 0 0 1
1685093688.986033916 0.3170028873776175 0.3103152531810344 0 0 0 0 1
1685093689.019367218 0.31285909930843525 0.3084081980388438 0 0 0 0 1
1685093689.052700520 0.3117268575555335 0.3128270064178796 0 0 0 0 1
1685093689.086033821 0.3144890232353425 0.34254152953446787 0 0 0 0 1
1685093689.119367123 0.3172603522051384 0.37201154938648284 0 0 0 0 1
1685093689.152700424 0.3217311455126708 0.3951082811814536 0 0 0 0 1
1685093689.186033964 0.3260179409743103 0.42422091384848043 0 0 0 0 1
1685093689.219367266 0.3299777689320044 0.4533904148001453 0 0 0 0 1
1685093689.252700567 0.33350749735886487 0.48312017652953576 0 0 0 0 1
1685093689.286033869 0.3332892502650197 0.513081962059909 0 0 0 0 1
1685093689.319367170 0.3231032999686796 0.5275106181896363 0 0 0 0 1
1685093689.352700472 0.2984476990305033 0.5336529924727003 0 0 0 0 1
1685093689.386033773 0.2711571771145932 0.5409679870443175 0 0 0 0 1
1685093689.419367075 0.2415748524876544 0.549944706546888 0 0 0 0 1
1685093689.452700615 0.2119962746266978 0.5589337640661574 0 0 0 0 1
1685093689.486033916 0.18242144867758822 0.5679351580382753 0 0 0 0 1
1685093689.519367218 0.15345741965421103 0.5774103622634398 0 0 0 0 1
1685093689.552700520 0.12448695552583676 0.5868658728557968 0 0 0 0 1
1685093689.586033821 0.09500843013196542 0.5962657666181036 0 0 0 0 1
1685093689.619367123 0.06551108836844938 0.6056064459845144 0 0 0 0 1
1685093689.652700424 0.035995049180885 0.6148878732895104 0 0 0 0 1
1685093689.686033964 0.0062393156898605025 0.6236813960730996 0 0 0 0 1
1685093689.719367266 -0.02346081075012434 0.6326609399358624 0 0 0 0 1
1685093689.752700567 -0.0399259193101699 0.638540701370144 0 0 0 0 1
1685093689.786033869 -0.05092509302157055 0.6343473942840515 0 0 0 0 1
1685093689.819367170 -0.0712574023615098 0.6304786614619652 0 0 0 0 1
1685093689.852700472 -0.09601742082927293 0.6128598032927582 0 0 0 0 1
1685093689.886033773 -0.11912826521848968 0.5931273034681541 0 0 0 0 1
1685093689.919367075 -0.1181528790443733 0.610577946490823 0 0 0 0 1
1685093689.952700615 -0.08786995165383783 0.6081457376400243 0 0 0 0 1
1685093689.986033916 -0.057260605545612554 0.6062293931770993 0 0 0 0 1
1685093690.019367218 -0.02664565700760565 0.6044047366919238 0 0 0 0 1
1685093690.052700520 -0.02838636789158342 0.5933837584985122 0 0 0 0 1
1685093690.086033821 -0.03954353560130547 0.5934819594068004 0 0 0 0 1
1685093690.119367123 -0.041089987389182264 0.6045318698855793 0 0 0 0 1
1685093690.152700424 -0.05052600118514079 0.6115688746675231 0 0 0 0 1
1685093690.186033964 -0.05895135099636252 0.6199965887969359 0 0 0 0 1
1685093690.219367266 -0.07006115558651674 0.6156855417249191 0 0 0 0 1
1685093690.252700567 -0.07059664890613872 0.6037806632377947 0 0 0 0 1
1685093690.286033869 -0.08703421968498916 0.6118140578709202 0 0 0 0 1
1685093690.319367170 -0.0759319797197425 0.6263560463936543 0 0 0 0 1
1685093690.352700472 -0.0638508258132077 0.6126165091842767 0 0 0 0 1
1685093690.386033773 -0.059848879456523736 0.6273808113703462 0 0 0 0 1
1685093690.419367075 -0.06104979495842174 0.6568167695719886 0 0 0 0 1
1685093690.452700615 -0.06309347222476931 0.6865377807061034 0 0 0 0 1
1685093690.486033916 -0.06536574502155572 0.7164854090437998 0 0 0 0 1
1685093690.519367218 -0.06779918399581084 0.746420372572663 0 0 0 0 1
1685093690.552700520 -0.07039371864188203 0.7763418039670021 0 0 0 0 1
1685093690.586033821 -0.07245303659956595 0.8055320781515112 0 0 0 0 1
1685093690.619367123 -0.07471720253134405 0.834579884419526 0 0 0 0 1
1685093690.652700424 -0.07295016567790191 0.8547735378850626 0 0 0 0 1
1685093690.686033964 -0.07354187161319288 0.8839597316307861 0 0 0 0 1
1685093690.719367266 -0.07350954411106146 0.912952573285392 0 0 0 0 1
1685093690.752700567 -0.07343843901177856 0.941945345769949 0 0 0 0 1
1685093690.786033869 -0.07332855644254262 0.9709379972198839 0 0 0 0 1
1685093690.819367170 -0.07223036521330795 1.0034574621445371 0 0 0 0 1
1685093690.852700472 -0.06579621474170629 1.033555260438475 0 0 0 0 1
1685093690.886033773 -0.059452057101106265 1.0639394860047744 0 0 0 0 1
1685093690.919367075 -0.052908013943692205 1.0942812888283777 0 0 0 0 1
1685093690.952700615 -0.04641151018616195 1.1248878203290074 0 0 0 0 1
1685093690.986033916 -0.04021776553193585 1.1556466791017415 0 0 0 0 1
1685093691.019367218 -0.03415963814462738 1.1864325355686636 0 0 0 0 1
1685093691.052700520 -0.028237245688539643 1.2172447917898304 0 0 0 0 1
1685093691.086033821 -0.022450703191656513 1.2480828493125495 0 0 0 0 1
1685093691.119367123 -0.016800123043408912 1.2789461091830006 0 0 0 0 1
1685093691.152700424 -0.011285614992491564 1.3098339719578698 0 0 0 0 1
1685093691.186033964 -0.005907286144731927 1.3407458377159913 0 0 0 0 1
1685093691.219367266 -0.0006652409610094431 1.3716811060700007 0 0 0 0 1
1685093691.252700567 0.004440418744773264 1.4026391761779955 0 0 0 0 1
1685093691.286033869 0.010687505243353653 1.4326335010679396 0 0 0 0 1
1685093691.319367170 0.015117018671885949 1.4581057481150985 0 0 0 0 1
1685093691.352700472 0.007694794606408318 1.487766040199818 0 0 0 0 1
1685093691.386033773 0.00038927152535041525 1.51718340685585 0 0 0 0 1
1685093691.419367075 -0.007197097093199348 1.5469607834926111 0 0 0 0 1
1685093691.452700615 -0.014635771846191829 1.576775398467539 0 0 0 0 1
1685093691.486033916 -0.02328069239965095 1.6070682541456585 0 0 0 0 1
1685093691.519367218 -0.03219306601541882 1.6367258232651243 0 0 0 0 1
1685093691.552700520 -0.041781718532240705 1.665871730728209 0 0 0 0 1
1685093691.586033821 -0.05162627681492246 1.6949321996018165 0 0 0 0 1
1685093691.619367123 -0.061818503685281564 1.7238319754538156 0 0 0 0 1
1685093691.652700424 -0.07204514353654458 1.7528716169962535 0 0 0 0 1
1685093691.686033964 -0.08249563317536297 1.781831454873384 0 0 0 0 1
1685093691.719367266 -0.096101884664449 1.8038320036179947 0 0 0 0 1
1685093691.752700567 -0.10441534376646994 1.8323536616135054 0 0 0 0 1
1685093691.786033869 -0.11288440193447488 1.8608295045474872 0 0 0 0 1
1685093691.819367170 -0.12178516469661273 1.888897384612069 0 0 0 0 1
1685093691.852700472 -0.13057586197816748 1.917044491841058 0 0 0 0 1
1685093691.886033773 -0.14398955373670277 1.9368857300657278 0 0 0 0 1
1685093691.919367075 -0.16237159133416898 1.9522383374874797 0 0 0 0 1
1685093691.952700615 -0.18517459351295315 1.9715002086885487 0 0 0 0 1
1685093691.986033916 -0.20793794507691488 1.990808922164793 0 0 0 0 1
1685093692.019367218 -0.20587178668899792 1.9822374124479847 0 0 0 0 1
1685093692.052700520 -0.21096170719841756 1.9750379334031447 0 0 0 0 1
1685093692.086033821 -0.19052195516118894 1.9931430418803107 0 0 0 0 1
1685093692.119367123 -0.16997169357757896 2.0111226182145443 0 0 0 0 1
1685093692.152700424 -0.16444411977772455 2.0152499549828042 0 0 0 0 1
1685093692.186033964 -0.16260376885164493 2.0218984201726315 0 0 0 0 1
