1685093629.997583389 5.5903464090646754e-21 -1.4220963572380743e-19 0 0 0 0 1
1685093630.030916691 4.512438698234233e-05 -0.020384117757768522 0 0 0 0 1
1685093630.064249992 6.135929850248409e-05 -0.04076827899635086 0 0 0 0 1
1685093630.097583532 -0.003115658857441202 -0.06212400854561541 0 0 0 0 1
1685093630.130916834 -0.00979691892375813 -0.0831299825296002 0 0 0 0 1
1685093630.164250135 -0.01618577972160238 -0.10288277798342113 0 0 0 0 1
1685093630.197583437 -0.022520830502857088 -0.12361515614759397 0 0 0 0 1
1685093630.230916739 -0.030277073885086554 -0.13950333899860207 0 0 0 0 1
1685093630.264250040 -0.03370265227120259 -0.16237167898540777 0 0 0 0 1
1685093630.297583342 -0.037024492097679995 -0.1853319436844642 0 0 0 0 1
1685093630.330916882 -0.03997263884646662 -0.20876527797568267 0 0 0 0 1
1685093630.364250183 -0.04223079639703969 -0.23267072337738162 0 0 0 0 1
1685093630.397583485 -0.04759235232114513 -0.256908262599385 0 0 0 0 1
1685093630.430916786 -0.052777925407713824 -0.28118406168467386 0 0 0 0 1
1685093630.464250088 -0.05778724271538825 -0.30549684288256435 0 0 0 0 1
1685093630.497583389 -0.07003748081516009 -0.30892947903413176 0 0 0 0 1
1685093630.530916691 -0.06787876147462814 -0.3214670727131023 0 0 0 0 1
1685093630.564249992 -0.05677875695988676 -0.29721186714405434 0 0 0 0 1
1685093630.597583532 -0.04447104643282819 -0.29810855035897593 0 0 0 0 1
1685093630.630916834 -0.03749184002425425 -0.2722118434348104 0 0 0 0 1
1685093630.664250135 -0.036417989723286755 -0.2476021779556835 0 0 0 0 1
1685093630.697583437 -0.042316022764840984 -0.22368561474722573 0 0 0 0 1
1685093630.730916739 -0.050757175157044365 -0.19765315449200546 0 0 0 0 1
1685093630.764250040 -0.05925408456031073 -0.17143884681883728 0 0 0 0 1
1685093630.797583342 -0.05918389519009051 -0.15693369021364997 0 0 0 0 1
1685093630.830916882 -0.0872024747365984 -0.15672232947414635 0 0 0 0 1
1685093630.864250183 -0.11517624586746544 -0.15635920151536276 0 0 0 0 1
1685093630.897583485 -0.14314697148374605 -0.15580943638794553 0 0 0 0 1
1685093630.930916786 -0.17143489302202553 -0.15490084370788004 0 0 0 0 1
1685093630.964250088 -0.190235772919275 -0.15108782161962978 0 0 0 0 1
1685093630.997583389 -0.20500400451207168 -0.15127200274157002 0 0 0 0 1
1685093631.030916691 -0.18227639729509526 -0.13452238443422482 0 0 0 0 1
1685093631.064249992 -0.15987855184714414 -0.11824424420133538 0 0 0 0 1
1685093631.097583532 -0.1377115418329056 -0.10197396607104108 0 0 0 0 1
1685093631.130916834 -0.11534128828433936 -0.0854694947984619 0 0 0 0 1
1685093631.164250135 -0.09297004903020108 -0.06896635964029772 0 0 0 0 1
