1685094160.322621107 2.363809760694716e-19 2.0845084702280094e-19 0 0 0 0 1
1685094160.355954409 0.0005214575892337616 -0.013576796742604915 0 0 0 0 1
1685094160.389287710 0.0010549929701165323 -0.027752395609166293 0 0 0 0 1
1685094160.422621012 0.001554040526510079 -0.04260603219963926 0 0 0 0 1
1685094160.455954313 0.001999467080704189 -0.058491764990509953 0 0 0 0 1
1685094160.489287615 0.0015397033514175855 -0.07520980201998206 0 0 0 0 1
1685094160.522621155 0.002086701234229162 -0.0924500826560503 0 0 0 0 1
1685094160.555954456 0.0023540677575923626 -0.11048799081722568 0 0 0 0 1
1685094160.589287758 0.0027842249608397286 -0.1289028434140354 0 0 0 0 1
1685094160.622621059 0.003150466859682018 -0.14767798593772008 0 0 0 0 1
1685094160.655954361 0.007248711699985071 -0.17020898753545038 0 0 0 0 1
1685094160.689287663 0.009981199447997805 -0.1887621310787604 0 0 0 0 1
1685094160.722620964 0.013607638757636193 -0.20968923835207842 0 0 0 0 1
1685094160.755954266 0.017363912671998275 -0.23131853331960672 0 0 0 0 1
1685094160.789287806 0.01974452845598805 -0.2529137172404081 0 0 0 0 1
1685094160.822621107 0.02436874658670055 -0.2752400659969624 0 0 0 0 1
1685094160.855954409 0.028941032569922143 -0.29791987701126216 0 0 0 0 1
1685094160.889287710 0.03348794820708757 -0.3206839297669697 0 0 0 0 1
1685094160.922621012 0.03810759732379508 -0.3436277360574262 0 0 0 0 1
1685094160.955954313 0.04273527746673258 -0.3668642819185751 0 0 0 0 1
1685094160.989287615 0.021442956325495276 -0.37278231388046057 0 0 0 0 1
1685094161.022621155 0.04150577487945551 -0.38204888571444257 0 0 0 0 1
1685094161.055954456 0.07654508148986208 -0.3896389932205494 0 0 0 0 1
1685094161.089287758 0.06787852978421781 -0.35485029360090653 0 0 0 0 1
1685094161.122621059 0.040494920663852074 -0.37799118146709193 0 0 0 0 1
1685094161.155954361 0.07335109642429907 -0.3923381133373894 0 0 0 0 1
1685094161.189287663 0.07171082720816592 -0.35652369924765526 0 0 0 0 1
1685094161.222620964 0.04030360200469348 -0.3738138393486118 0 0 0 0 1
1685094161.255954266 0.014131561979148 -0.3732401266446823 0 0 0 0 1
1685094161.289287806 -0.012217547063100097 -0.3727114176551429 0 0 0 0 1
1685094161.322621107 -0.03856624993174319 -0.3721628398066485 0 0 0 0 1
1685094161.355954409 -0.06497116692473313 -0.37122563484233556 0 0 0 0 1
1685094161.389287710 -0.09134432752477158 -0.37033669508034317 0 0 0 0 1
1685094161.422621012 -0.11777715813652062 -0.3696189568011136 0 0 0 0 1
1685094161.455954313 -0.1442083709611862 -0.36884392712160285 0 0 0 0 1
1685094161.489287615 -0.17159363054617324 -0.3786577106728622 0 0 0 0 1
1685094161.522621155 -0.19569701068415407 -0.39494543169368285 0 0 0 0 1
1685094161.555954456 -0.2150179979096652 -0.4166931268074122 0 0 0 0 1
1685094161.589287758 -0.22835379820245044 -0.4425469315695558 0 0 0 0 1
1685094161.622621059 -0.24482821744980057 -0.46571131649848874 0 0 0 0 1
1685094161.655954361 -0.26148815496799604 -0.4890430776204451 0 0 0 0 1
1685094161.689287663 -0.2782676597140423 -0.5122889980289732 0 0 0 0 1
1685094161.722620964 -0.2951662894002474 -0.5354484649893919 0 0 0 0 1
1685094161.755954266 -0.31147760705260225 -0.5581628298539081 0 0 0 0 1
1685094161.789287806 -0.3278293689577904 -0.5805005206572396 0 0 0 0 1
1685094161.822621107 -0.3441982163164458 -0.6028256944298723 0 0 0 0 1
1685094161.855954409 -0.36058413954697155 -0.6251383381036401 0 0 0 0 1
1685094161.889287710 -0.3769871290577751 -0.6474384386177111 0 0 0 0 1
1685094161.922621012 -0.39369980850621594 -0.6697547464700085 0 0 0 0 1
1685094161.955954313 -0.41034577120845567 -0.6914836162338314 0 0 0 0 1
1685094161.989287615 -0.4273034653126086 -0.7129700879350555 0 0 0 0 1
1685094162.022621155 -0.4441186013213051 -0.734724092563233 0 0 0 0 1
1685094162.055954456 -0.46119247796639606 -0.7565957471135799 0 0 0 0 1
1685094162.089287758 -0.47830587225726257 -0.778436495093144 0 0 0 0 1
1685094162.122621059 -0.49545872824796555 -0.8002462651016446 0 0 0 0 1
1685094162.155954361 -0.5128295103261719 -0.8221998641942695 0 0 0 0 1
1685094162.189287663 -0.5301790011835075 -0.8441702931868827 0 0 0 0 1
1685094162.222620964 -0.5475071845141227 -0.8661575314306644 0 0 0 0 1
1685094162.255954266 -0.5648140440321939 -0.8881615582609969 0 0 0 0 1
1685094162.289287806 -0.5812671817195225 -0.9096499448140207 0 0 0 0 1
1685094162.322621107 -0.5979171004501294 -0.9313339065541474 0 0 0 0 1
1685094162.355954409 -0.6145061022805668 -0.9530645072994749 0 0 0 0 1
1685094162.389287710 -0.630695963824782 -0.9744439752411056 0 0 0 0 1
1685094162.422621012 -0.6466439603141414 -0.9960044639708043 0 0 0 0 1
1685094162.455954313 -0.6623480679123002 -1.0177432374144357 0 0 0 0 1
1685094162.489287615 -0.6778062937329581 -1.0396575368731367 0 0 0 0 1
1685094162.522621155 -0.6928305066988233 -1.0618299648128235 0 0 0 0 1
1685094162.555954456 -0.7076310456743561 -1.0841523209164703 0 0 0 0 1
1685094162.589287758 -0.7223969294974537 -1.1068061800626454 0 0 0 0 1
1685094162.622621059 -0.7369407953342105 -1.1296032111372034 0 0 0 0 1
1685094162.655954361 -0.7512612550837794 -1.152541238337748 0 0 0 0 1
1685094162.689287663 -0.765453395505983 -1.1760678443810522 0 0 0 0 1
1685094162.722620964 -0.7799321351526104 -1.1998753929471453 0 0 0 0 1
1685094162.755954266 -0.7944632948704278 -1.2235528383590162 0 0 0 0 1
1685094162.789287806 -0.7886603128630393 -1.2402830934907794 0 0 0 0 1
1685094162.822621107 -0.7649164097176316 -1.2534574561155223 0 0 0 0 1
1685094162.855954409 -0.7411237403624548 -1.266543542318125 0 0 0 0 1
1685094162.889287710 -0.7167862099253891 -1.27970811491713 0 0 0 0 1
1685094162.922621012 -0.6924566817599674 -1.292887470695677 0 0 0 0 1
1685094162.955954313 -0.668135164845834 -1.3060816047894737 0 0 0 0 1
1685094162.989287615 -0.6572289145843349 -1.3139221322837566 0 0 0 0 1
1685094163.022621155 -0.6306734003118787 -1.3104127074471885 0 0 0 0 1
1685094163.055954456 -0.604130836056605 -1.3068066453688512 0 0 0 0 1
1685094163.089287758 -0.5776015734865297 -1.3031039938262203 0 0 0 0 1
1685094163.122621059 -0.5518518479559182 -1.299027104185939 0 0 0 0 1
1685094163.155954361 -0.526018265357852 -1.2947805787316409 0 0 0 0 1
1685094163.189287663 -0.5004871744349739 -1.2905858975872089 0 0 0 0 1
1685094163.222620964 -0.46869973294466427 -1.2853210890733946 0 0 0 0 1
1685094163.255954266 -0.44335181975526194 -1.2811567391042378 0 0 0 0 1
