1685094203.001480103 2.2936457294821176e-19 6.519267912495823e-21 0 0 0 0 1
1685094203.034813404 -7.350778701646042e-05 -0.016074238480324285 0 0 0 0 1
1685094203.068146706 -0.00022657966480807312 -0.0328743825737513 0 0 0 0 1
1685094203.101480007 -0.00017222455114284104 -0.05055338644014898 0 0 0 0 1
1685094203.134813547 0.00012612158934496729 -0.06909361855438455 0 0 0 0 1
1685094203.168146849 0.00033739263459070626 -0.08795142776268758 0 0 0 0 1
1685094203.201480150 0.0006041927271817174 -0.10742953998102507 0 0 0 0 1
1685094203.234813452 -0.0010509907613910755 -0.12525618225798255 0 0 0 0 1
1685094203.268146753 0.006057743380881309 -0.1443910825201117 0 0 0 0 1
1685094203.301480055 0.013237756702970657 -0.16349935083102257 0 0 0 0 1
1685094203.334813356 0.020897154317067474 -0.1839308783649826 0 0 0 0 1
1685094203.368146896 0.02880151804009923 -0.20450415229361923 0 0 0 0 1
1685094203.401480198 0.03712398614061385 -0.22569924847025877 0 0 0 0 1
1685094203.434813499 0.0458214518541478 -0.24795850901114763 0 0 0 0 1
1685094203.468146801 0.05518704290438983 -0.2699450115512266 0 0 0 0 1
1685094203.501480103 0.04867101022278257 -0.2924849095982317 0 0 0 0 1
1685094203.534813404 0.05022519294429832 -0.3170972263607204 0 0 0 0 1
1685094203.568146706 0.051577601067456694 -0.3423221014558418 0 0 0 0 1
1685094203.601480007 0.04640058374960385 -0.35351397517770394 0 0 0 0 1
1685094203.634813547 0.03486868335082774 -0.3762897273838438 0 0 0 0 1
1685094203.668146849 0.022501903213682117 -0.39998059973885985 0 0 0 0 1
1685094203.701480150 0.010022234611168374 -0.4236122005198818 0 0 0 0 1
1685094203.734813452 -0.0013232268206471785 -0.4474726288890289 0 0 0 0 1
1685094203.768146753 -0.01100740361123539 -0.4713405084563496 0 0 0 0 1
1685094203.801480055 -0.020799199302771392 -0.4961985090445604 0 0 0 0 1
1685094203.834813356 -0.032960461531325626 -0.523838885144484 0 0 0 0 1
1685094203.868146896 -0.04569652188010411 -0.5512191601016343 0 0 0 0 1
1685094203.901480198 -0.05900182096178913 -0.5783273822175127 0 0 0 0 1
1685094203.934813499 -0.07287055091202173 -0.6051517185467568 0 0 0 0 1
1685094203.968146801 -0.08495202447474066 -0.6301196490171158 0 0 0 0 1
1685094204.001480103 -0.09730805483723476 -0.654952853987487 0 0 0 0 1
1685094204.034813404 -0.09726136031970087 -0.6811885593163548 0 0 0 0 1
1685094204.068146706 -0.08629045417555713 -0.7050203371110879 0 0 0 0 1
1685094204.101480007 -0.0750255709828139 -0.7324527726954938 0 0 0 0 1
1685094204.134813547 -0.06376510444816687 -0.7598870215253931 0 0 0 0 1
1685094204.168146849 -0.052509054863484096 -0.7873230828896979 0 0 0 0 1
1685094204.201480150 -0.041257422520519234 -0.8147609560772735 0 0 0 0 1
1685094204.234813452 -0.030010207710911244 -0.8422006403769381 0 0 0 0 1
1685094204.268146753 -0.018072473143863132 -0.8693525653978531 0 0 0 0 1
1685094204.301480055 -0.007177085627003785 -0.8947792983736755 0 0 0 0 1
1685094204.334813356 0.0008398259020650404 -0.9212548974887362 0 0 0 0 1
1685094204.368146896 0.006790670981511075 -0.9515163245544759 0 0 0 0 1
1685094204.401480198 0.012501703616782222 -0.9818059325983589 0 0 0 0 1
1685094204.434813499 0.018675469624195074 -1.0131484498450662 0 0 0 0 1
1685094204.468146801 0.025185619409250515 -1.0444228279180285 0 0 0 0 1
1685094204.501480103 0.03203140147803977 -1.0756254566845456 0 0 0 0 1
1685094204.534813404 0.03921202559321128 -1.1067527342942414 0 0 0 0 1
1685094204.568146706 0.04672666286519082 -1.1378010675948396 0 0 0 0 1
1685094204.601480007 0.05457444584786383 -1.1687668725469367 0 0 0 0 1
1685094204.634813547 0.06135553087773629 -1.199170722986791 0 0 0 0 1
1685094204.668146849 0.06782031840605214 -1.2295673760558765 0 0 0 0 1
1685094204.701480150 0.07434174859805254 -1.2601913039363406 0 0 0 0 1
1685094204.734813452 0.08048981849414694 -1.290892366574786 0 0 0 0 1
1685094204.768146753 0.10908725049135128 -1.3196147791929986 0 0 0 0 1
1685094204.801480055 0.12227275954375806 -1.3272235940744925 0 0 0 0 1
1685094204.834813356 0.15306402291444365 -1.3388323222964176 0 0 0 0 1
1685094204.868146896 0.18293014764903626 -1.3454635943252902 0 0 0 0 1
1685094204.901480198 0.21340909447181705 -1.3481080178838873 0 0 0 0 1
1685094204.934813499 0.22815140024489042 -1.3538701630278667 0 0 0 0 1
1685094204.968146801 0.23506108547901047 -1.368110743989768 0 0 0 0 1
1685094205.001480103 0.23046364119989984 -1.3832567468376336 0 0 0 0 1
1685094205.034813404 0.20813976035725687 -1.3916738715441639 0 0 0 0 1
1685094205.068146706 0.19585926588924496 -1.3744868333739244 0 0 0 0 1
1685094205.101480007 0.21677010141060635 -1.3774771148393903 0 0 0 0 1
1685094205.134813547 0.2220931810971059 -1.361755962145592 0 0 0 0 1
1685094205.168146849 0.23372408765953825 -1.3735970698600972 0 0 0 0 1
1685094205.201480150 0.21791012349440206 -1.3786377401284577 0 0 0 0 1
1685094205.234813452 0.2205431498692015 -1.3622500315796655 0 0 0 0 1
1685094205.268146753 0.2339821679904544 -1.3719908021501683 0 0 0 0 1
1685094205.301480055 0.2192273705516732 -1.3795924974815454 0 0 0 0 1
1685094205.334813356 0.21909693457791243 -1.3629951240198408 0 0 0 0 1
1685094205.368146896 0.19534883952312795 -1.3877714832556332 0 0 0 0 1
1685094205.401480198 0.19922839785966084 -1.3775630288468514 0 0 0 0 1
1685094205.434813499 0.18891703331281848 -1.3811601492903256 0 0 0 0 1
1685094205.468146801 0.20239495236286437 -1.3897985508834183 0 0 0 0 1
1685094205.501480103 0.17786343799544094 -1.4142671761668382 0 0 0 0 1
1685094205.534813404 0.15525832349052657 -1.440525843662338 0 0 0 0 1
1685094205.568146706 0.1347098206484594 -1.4684232960795227 0 0 0 0 1
1685094205.601480007 0.11633629460951618 -1.497798836267165 0 0 0 0 1
1685094205.634813547 0.10024358203750008 -1.5284832528738728 0 0 0 0 1
1685094205.668146849 0.08604157457152964 -1.5580274323960734 0 0 0 0 1
1685094205.701480150 0.10147798320668813 -1.5675788227086378 0 0 0 0 1
1685094205.734813452 0.09190254353888824 -1.536645665721865 0 0 0 0 1
1685094205.768146753 0.08231055587056832 -1.5057176360631424 0 0 0 0 1
1685094205.801480055 0.07270202294723929 -1.4747947425849874 0 0 0 0 1
1685094205.834813356 0.06307694751914736 -1.4438769941384468 0 0 0 0 1
1685094205.868146896 0.053435332341273845 -1.4129643995730947 0 0 0 0 1
1685094205.901480198 0.05780663505609934 -1.4104230348799462 0 0 0 0 1
1685094205.934813499 0.0612628092020294 -1.414113791198267 0 0 0 0 1
1685094205.968146801 0.0675180331558614 -1.3942991050784261 0 0 0 0 1
1685094206.001480103 0.07197440983735655 -1.4145941862463605 0 0 0 0 1
1685094206.034813404 0.057993106236837406 -1.3992230196552877 0 0 0 0 1
1685094206.068146706 0.07777630194846477 -1.4055771348711028 0 0 0 0 1
1685094206.101480007 0.08745653740707762 -1.3736583561934441 0 0 0 0 1
1685094206.134813547 0.097162069956004 -1.34174726049384 0 0 0 0 1
1685094206.168146849 0.106892893497454 -1.309843867821387 0 0 0 0 1
1685094206.201480150 0.11641012586254175 -1.2773361434539436 0 0 0 0 1
1685094206.234813452 0.12591663807196962 -1.2448484996129363 0 0 0 0 1
1685094206.268146753 0.13492646059935076 -1.2122196186215008 0 0 0 0 1
1685094206.301480055 0.1434374967325571 -1.179457093678093 0 0 0 0 1
1685094206.334813356 0.1469669619392224 -1.1413825726744076 0 0 0 0 1
1685094206.368146896 0.15074056196812036 -1.1033314725966559 0 0 0 0 1
1685094206.401480198 0.15475814157727819 -1.0653053588274413 0 0 0 0 1
1685094206.434813499 0.16810158091240265 -1.0671574075370942 0 0 0 0 1
1685094206.468146801 0.17196075111940531 -1.0542506549235797 0 0 0 0 1
1685094206.501480103 0.18580762141828636 -1.0384820272750124 0 0 0 0 1
1685094206.534813404 0.15782628673420054 -1.041605194931644 0 0 0 0 1
1685094206.568146706 0.12770943842340632 -1.0586264855071335 0 0 0 0 1
1685094206.601480007 0.09780750795050255 -1.0760225608985619 0 0 0 0 1
1685094206.634813547 0.06812515902992805 -1.0937907078922107 0 0 0 0 1
1685094206.668146849 0.052911646118601496 -1.1153249198979798 0 0 0 0 1
1685094206.701480150 0.05125864871345583 -1.1416391909574464 0 0 0 0 1
1685094206.734813452 0.06365774926132126 -1.1649079590257483 0 0 0 0 1
1685094206.768146753 0.08355426477341944 -1.1926889668043177 0 0 0 0 1
1685094206.801480055 0.1032967645759723 -1.220521457878037 0 0 0 0 1
1685094206.834813356 0.12329922178528069 -1.2482166300959505 0 0 0 0 1
1685094206.868146896 0.15171657011379427 -1.257309319267446 0 0 0 0 1
1685094206.901480198 0.18144947369520872 -1.2548239365983547 0 0 0 0 1
1685094206.934813499 0.20796288071235872 -1.2411395684822724 0 0 0 0 1
1685094206.968146801 0.24111905573111805 -1.2336216811763736 0 0 0 0 1
1685094207.001480103 0.27423656535250596 -1.2259352562664378 0 0 0 0 1
1685094207.034813404 0.30731455288148457 -1.2180804925875268 0 0 0 0 1
1685094207.068146706 0.33570870927712054 -1.2123174362994689 0 0 0 0 1
1685094207.101480007 0.36699355936536443 -1.1998558910352124 0 0 0 0 1
1685094207.134813547 0.3980834831641419 -1.1869156980844395 0 0 0 0 1
1685094207.168146849 0.42897115802752106 -1.1734999052658546 0 0 0 0 1
1685094207.201480150 0.4596493089454972 -1.159611672416752 0 0 0 0 1
1685094207.234813452 0.490153524310673 -1.1458076784858868 0 0 0 0 1
1685094207.268146753 0.4908680898295591 -1.1269904502667734 0 0 0 0 1
1685094207.301480055 0.5006619405057984 -1.1334802770017158 0 0 0 0 1
1685094207.334813356 0.5120392072688358 -1.1364120278643801 0 0 0 0 1
1685094207.368146896 0.5237497918946192 -1.1354635713074344 0 0 0 0 1
1685094207.401480198 0.534506972242567 -1.1307391207489275 0 0 0 0 1
1685094207.434813499 0.5431287832301284 -1.122757783930273 0 0 0 0 1
1685094207.468146801 0.5606193738087485 -1.1109627987971218 0 0 0 0 1
1685094207.501480103 0.5781295968645462 -1.0991969787400082 0 0 0 0 1
1685094207.534813404 0.5956594037656132 -1.0874603564366592 0 0 0 0 1
1685094207.568146706 0.6242747012285599 -1.06824293959381 0 0 0 0 1
1685094207.601480007 0.6529081519381688 -1.0490525810910323 0 0 0 0 1
1685094207.634813547 0.6815597303083516 -1.0298892980763188 0 0 0 0 1
1685094207.668146849 0.7102294107368213 -1.0107531076734682 0 0 0 0 1
1685094207.701480150 0.6980472893956488 -1.0123093145548288 0 0 0 0 1
1685094207.734813452 0.6846918902823512 -1.0432618067428654 0 0 0 0 1
1685094207.768146753 0.6706970857455616 -1.073930502575962 0 0 0 0 1
1685094207.801480055 0.6935911084395803 -1.076839128528146 0 0 0 0 1
1685094207.834813356 0.6921645064889435 -1.0815645281918511 0 0 0 0 1
1685094207.868146896 0.6913243774354328 -1.0864285572091121 0 0 0 0 1
1685094207.901480198 0.6910832438945275 -1.0913587143793002 0 0 0 0 1
1685094207.934813499 0.6914447001028498 -1.0962815128229473 0 0 0 0 1
1685094207.968146801 0.6924033583439646 -1.1011235753467121 0 0 0 0 1
1685094208.001480103 0.6939449292554474 -1.1058127281734154 0 0 0 0 1
1685094208.034813404 0.7220613566131869 -1.125110963214325 0 0 0 0 1
1685094208.068146706 0.7538255532825248 -1.141335861193086 0 0 0 0 1
1685094208.101480007 0.7857817731482162 -1.1539039522545675 0 0 0 0 1
1685094208.134813547 0.8177358358874974 -1.1664775267458645 0 0 0 0 1
1685094208.168146849 0.8266616526665083 -1.1701402206441769 0 0 0 0 1
1685094208.201480150 0.8477687583966922 -1.1495469892213352 0 0 0 0 1
1685094208.234813452 0.8576266855904014 -1.1433569027280135 0 0 0 0 1
1685094208.268146753 0.8639163208490179 -1.1531516149578265 0 0 0 0 1
1685094208.301480055 0.881061551221256 -1.1811140615448108 0 0 0 0 1
1685094208.334813356 0.8975489122211772 -1.2094127314318937 0 0 0 0 1
1685094208.368146896 0.9137235748609811 -1.2378912861460705 0 0 0 0 1
1685094208.401480198 0.9295835767524024 -1.2665462705314081 0 0 0 0 1
1685094208.434813499 0.9373719958915574 -1.3129318629119322 0 0 0 0 1
1685094208.468146801 0.9454448885243439 -1.3592687926518146 0 0 0 0 1
1685094208.501480103 0.9538019507035107 -1.4055553151493283 0 0 0 0 1
1685094208.534813404 0.962442867782723 -1.451789687700597 0 0 0 0 1
1685094208.568146706 0.9790309013362177 -1.479817285648696 0 0 0 0 1
1685094208.601480007 0.9958655263024886 -1.507697466891959 0 0 0 0 1
1685094208.634813547 1.0122796607390974 -1.535623299505787 0 0 0 0 1
1685094208.668146849 1.0284947217668274 -1.5637161176610612 0 0 0 0 1
1685094208.701480150 1.0384292131413506 -1.5885244853100149 0 0 0 0 1
1685094208.734813452 1.0705886608026607 -1.5916450384691032 0 0 0 0 1
1685094208.768146753 1.1027312808300773 -1.5949344006675146 0 0 0 0 1
1685094208.801480055 1.1348561871296075 -1.5983924812255195 0 0 0 0 1
1685094208.834813356 1.166660474142258 -1.6013593462425573 0 0 0 0 1
1685094208.868146896 1.1984538300793617 -1.6044411442030042 0 0 0 0 1
1685094208.901480198 1.191940466534468 -1.5867431606006455 0 0 0 0 1
1685094208.934813499 1.1727809057883556 -1.6124806329452734 0 0 0 0 1
1685094208.968146801 1.1533027387521886 -1.6364938030661071 0 0 0 0 1
1685094209.001480103 1.133993422811492 -1.6606429572592312 0 0 0 0 1
1685094209.034813404 1.1311684247781966 -1.6636229198751356 0 0 0 0 1
1685094209.068146706 1.1346213134870464 -1.6614006798690588 0 0 0 0 1
1685094209.101480007 1.1307388488648322 -1.6627375641338946 0 0 0 0 1
1685094209.134813547 1.1385696007468225 -1.6535465657150425 0 0 0 0 1
1685094209.168146849 1.12078699690157 -1.6784825438572217 0 0 0 0 1
1685094209.201480150 1.1024037146727501 -1.7044830118448744 0 0 0 0 1
1685094209.234813452 1.08783303922504 -1.7191950565041716 0 0 0 0 1
