1685094351.580352783 9.965286499440344e-21 -7.523151885174162e-19 0 0 0 0 1
1685094351.613686085 6.239096817471492e-05 -0.013472242426366044 0 0 0 0 1
1685094351.647019386 -2.067386441835904e-05 -0.02767002268833326 0 0 0 0 1
1685094351.680352926 -0.0002997793874227159 -0.04225053591043071 0 0 0 0 1
1685094351.713686228 -0.0005857657531136666 -0.05765553862665441 0 0 0 0 1
1685094351.747019529 -0.0009695768980813765 -0.07394968440229743 0 0 0 0 1
1685094351.780352831 -0.0014350695152887565 -0.09107146923488994 0 0 0 0 1
1685094351.813686132 -0.001877557208800389 -0.10879844467227015 0 0 0 0 1
1685094351.847019434 -0.0021674346110731255 -0.1271524068468771 0 0 0 0 1
1685094351.880352736 -0.0025097983751969275 -0.1459417512820577 0 0 0 0 1
1685094351.913686037 -0.002871105781940722 -0.1649211655541334 0 0 0 0 1
1685094351.947019577 -0.0033036870220667282 -0.18446368746229197 0 0 0 0 1
1685094351.980352879 -0.0036287689429395525 -0.2048812787692062 0 0 0 0 1
1685094352.013686180 -0.0038026285605049 -0.22533353709335074 0 0 0 0 1
1685094352.047019482 -0.0038005016472656 -0.24593755664354963 0 0 0 0 1
1685094352.080352783 -0.003757771698208637 -0.26722472996589425 0 0 0 0 1
1685094352.113686085 -0.003614430216700127 -0.288914789007263 0 0 0 0 1
1685094352.147019386 -0.003419572171259193 -0.31142364592648386 0 0 0 0 1
1685094352.180352926 -0.003173329039810452 -0.3339319993488923 0 0 0 0 1
1685094352.213686228 -0.002979039148080512 -0.35682473601984765 0 0 0 0 1
1685094352.247019529 -0.0028151701895177362 -0.3801101971241436 0 0 0 0 1
1685094352.280352831 -0.002649804475578746 -0.40339564764707575 0 0 0 0 1
1685094352.313686132 -0.0022828910974100813 -0.42791120359356566 0 0 0 0 1
1685094352.347019434 -0.0019295081127219727 -0.45290957693655254 0 0 0 0 1
1685094352.380352736 -0.0014866335787823265 -0.47843718729466767 0 0 0 0 1
1685094352.413686037 -0.0013419329846754246 -0.5039803435159385 0 0 0 0 1
1685094352.447019577 -0.0012168510453568072 -0.5295236033414706 0 0 0 0 1
1685094352.480352879 -0.0011379385416725198 -0.5554120062929795 0 0 0 0 1
1685094352.513686180 -0.0010946273960387959 -0.5813004932844511 0 0 0 0 1
1685094352.547019482 -0.0011991997587336226 -0.6072280325050049 0 0 0 0 1
1685094352.580352783 -0.001040478414720585 -0.63335833419766 0 0 0 0 1
1685094352.613686085 -0.0008918423587974762 -0.6594886952042958 0 0 0 0 1
1685094352.647019386 -0.0005067904730592165 -0.6867032999592044 0 0 0 0 1
1685094352.680352926 1.5280568202520014e-05 -0.7133912811263209 0 0 0 0 1
1685094352.713686228 0.0030469757240673646 -0.7294965321484518 0 0 0 0 1
1685094352.747019529 0.002226527554301997 -0.7563306082778413 0 0 0 0 1
1685094352.780352831 0.0013458656838140418 -0.783162775756206 0 0 0 0 1
1685094352.813686132 -0.001951150784297092 -0.796293346688395 0 0 0 0 1
1685094352.847019434 -0.0014381210616816779 -0.8232417618958902 0 0 0 0 1
1685094352.880352736 -0.0007111974248136346 -0.8501852557992058 0 0 0 0 1
1685094352.913686037 0.00022957432354586737 -0.8771221307146323 0 0 0 0 1
1685094352.947019577 0.0010288400112106167 -0.9047779347967215 0 0 0 0 1
1685094352.980352879 0.0016008518426653357 -0.9324393723503097 0 0 0 0 1
1685094353.013686180 0.0017623091892427403 -0.9600278992401963 0 0 0 0 1
1685094353.047019482 0.0019101087947654197 -0.9879399750842226 0 0 0 0 1
1685094353.080352783 0.0020408600292263542 -1.015852135995925 0 0 0 0 1
1685094353.113686085 0.002154562843847328 -1.0437643715623577 0 0 0 0 1
1685094353.147019386 0.002455865535886789 -1.071926935532139 0 0 0 0 1
1685094353.180352926 0.002684047251032538 -1.10009018686733 0 0 0 0 1
1685094353.213686228 0.0028391064510977187 -1.1282539357177357 0 0 0 0 1
1685094353.247019529 0.0029210420908188086 -1.1564179922298081 0 0 0 0 1
1685094353.280352831 0.002912921128499435 -1.1846682268530342 0 0 0 0 1
1685094353.313686132 0.0026201223434776004 -1.2126905258227623 0 0 0 0 1
1685094353.347019434 0.0021526499938208394 -1.2148293976042517 0 0 0 0 1
1685094353.380352736 0.004164853540862371 -1.215692148889744 0 0 0 0 1
1685094353.413686037 0.005391873066079107 -1.2138789401372607 0 0 0 0 1
1685094353.447019577 0.0038428330076943204 -1.212331756310799 0 0 0 0 1
1685094353.480352879 -0.010196258845482142 -1.2313694169421727 0 0 0 0 1
1685094353.513686180 -0.02001008902124625 -1.2528919019208768 0 0 0 0 1
1685094353.547019482 -0.028954870812647252 -1.2784693355779875 0 0 0 0 1
1685094353.580352783 -0.03784206994754328 -1.304066833997098 0 0 0 0 1
1685094353.613686085 -0.046718387425823356 -1.3302035632515639 0 0 0 0 1
1685094353.647019386 -0.055713044263222815 -1.3565267441035214 0 0 0 0 1
1685094353.680352926 -0.0646808498935964 -1.3828590847507802 0 0 0 0 1
1685094353.713686228 -0.06092089489258784 -1.3527244459077152 0 0 0 0 1
1685094353.747019529 -0.08032266423444052 -1.3760869172285561 0 0 0 0 1
1685094353.780352831 -0.10796454504492824 -1.3788154937732509 0 0 0 0 1
1685094353.813686132 -0.13560102190872517 -1.381598271388923 0 0 0 0 1
1685094353.847019434 -0.16311973234615798 -1.3845684741403332 0 0 0 0 1
1685094353.880352736 -0.19063470332059815 -1.3875731206751982 0 0 0 0 1
1685094353.913686037 -0.2181458917205142 -1.39061220628572 0 0 0 0 1
1685094353.947019577 -0.24556162199589565 -1.3930372993918614 0 0 0 0 1
1685094353.980352879 -0.27340854845012136 -1.395496196187815 0 0 0 0 1
1685094354.013686180 -0.3012669701524415 -1.3978212395542726 0 0 0 0 1
1685094354.047019482 -0.32913624370558897 -1.400012375793772 0 0 0 0 1
1685094354.080352783 -0.35701572546167043 -1.402069554301469 0 0 0 0 1
1685094354.113686085 -0.3848000330190592 -1.404126019100989 0 0 0 0 1
1685094354.147019386 -0.4125914704395982 -1.406083772919911 0 0 0 0 1
1685094354.180352926 -0.4460089729426306 -1.4084574299339214 0 0 0 0 1
1685094354.213686228 -0.4653239335764636 -1.423862069371286 0 0 0 0 1
1685094354.247019529 -0.4883015732659447 -1.4365385510560158 0 0 0 0 1
1685094354.280352831 -0.5108545151579297 -1.4490595718389443 0 0 0 0 1
1685094354.313686132 -0.5327005292239704 -1.461309417380006 0 0 0 0 1
1685094354.347019434 -0.5540056294218063 -1.4734462398931454 0 0 0 0 1
1685094354.380352736 -0.5752508468005998 -1.4856875835156034 0 0 0 0 1
1685094354.413686037 -0.5866330049613813 -1.4738567980378565 0 0 0 0 1
1685094354.447019577 -0.5876077028903285 -1.498106231103658 0 0 0 0 1
1685094354.480352879 -0.5883449132783615 -1.5193942328554393 0 0 0 0 1
1685094354.513686180 -0.5881809465839689 -1.5433982612785437 0 0 0 0 1
1685094354.547019482 -0.5884571887709887 -1.5672359238111346 0 0 0 0 1
1685094354.580352783 -0.5889158878442665 -1.5902158294376407 0 0 0 0 1
1685094354.613686085 -0.5893149201071334 -1.6121300912000807 0 0 0 0 1
