1685094117.496033192 -2.5331219227420765e-20 -1.5090228557915834e-19 0 0 0 0 1
1685094117.529366493 -1.2919048462080728e-18 -7.696092015679866e-18 0 0 0 0 1
1685094117.562699795 0.00042343827698323924 -0.01645479791104271 0 0 0 0 1
1685094117.596033096 0.0008034973890812452 -0.032584194643439326 0 0 0 0 1
1685094117.629366636 0.00058010340109233 -0.04865388419174948 0 0 0 0 1
1685094117.662699938 0.0006069123241181087 -0.06512010842850831 0 0 0 0 1
1685094117.696033239 0.0007594810588260428 -0.08243152026512775 0 0 0 0 1
1685094117.729366541 0.0008800444522112363 -0.10020935660149065 0 0 0 0 1
1685094117.762699842 0.0008205242736098517 -0.11888233345337129 0 0 0 0 1
1685094117.796033144 0.0010376627042822488 -0.13853526543054903 0 0 0 0 1
1685094117.829366446 0.0013260881877817578 -0.15900914537403035 0 0 0 0 1
1685094117.862699747 0.001679478262914465 -0.179999391083423 0 0 0 0 1
1685094117.896033287 0.0020169297054903053 -0.20173632693521804 0 0 0 0 1
1685094117.929366589 0.00239317587009433 -0.22396885919262124 0 0 0 0 1
1685094117.962699890 0.0029355905206835836 -0.24680175969523463 0 0 0 0 1
1685094117.996033192 0.0034074571218965727 -0.2703704635211376 0 0 0 0 1
1685094118.029366493 0.0035376231760038458 -0.293885565536061 0 0 0 0 1
1685094118.062699795 0.0036459992142507517 -0.3174007780719542 0 0 0 0 1
1685094118.096033096 0.003732585143579553 -0.3409160809373383 0 0 0 0 1
1685094118.129366636 0.004853309833637873 -0.3650510637991868 0 0 0 0 1
1685094118.162699938 0.007197400669688904 -0.38942675528932397 0 0 0 0 1
1685094118.196033239 0.009161269216289203 -0.4143710586902052 0 0 0 0 1
1685094118.229366541 0.011203408686930063 -0.439156351430408 0 0 0 0 1
1685094118.262699842 0.013215520824968552 -0.4642326425020861 0 0 0 0 1
1685094118.296033144 0.015399966618732672 -0.4898945884992903 0 0 0 0 1
1685094118.329366446 0.004438831779004064 -0.5003046363143203 0 0 0 0 1
1685094118.362699747 -0.01053421872810656 -0.5210444607165311 0 0 0 0 1
1685094118.396033287 -0.02406734624296654 -0.5429118016027868 0 0 0 0 1
1685094118.429366589 -0.0452801415054567 -0.5568867934225833 0 0 0 0 1
1685094118.462699890 -0.04025639508354047 -0.5496558472936758 0 0 0 0 1
1685094118.496033192 -0.04455942316361978 -0.5597979595536541 0 0 0 0 1
1685094118.529366493 -0.031091989260271374 -0.5355230371851644 0 0 0 0 1
1685094118.562699795 -0.028497954287239315 -0.509894939149307 0 0 0 0 1
1685094118.596033096 -0.02660083663060337 -0.4843350759797852 0 0 0 0 1
1685094118.629366636 -0.024630166335455842 -0.4585611288239851 0 0 0 0 1
1685094118.662699938 -0.022708100790302648 -0.4330999962621726 0 0 0 0 1
1685094118.696033239 -0.020164924541076476 -0.40715979548677156 0 0 0 0 1
1685094118.729366541 -0.01807781647942359 -0.38060158803415406 0 0 0 0 1
1685094118.762699842 -0.016033547015553287 -0.3540400488182808 0 0 0 0 1
1685094118.796033144 -0.012683632988271265 -0.35085253650082643 0 0 0 0 1
1685094118.829366446 -0.0182809202634016 -0.35131888063416433 0 0 0 0 1
1685094118.862699747 -0.01817956567945982 -0.3287485836465094 0 0 0 0 1
1685094118.896033287 -0.017403348476455388 -0.3014599071080773 0 0 0 0 1
1685094118.929366589 -0.01711519682210538 -0.2880131947554071 0 0 0 0 1
1685094118.962699890 -0.01607059020112726 -0.26078141676513455 0 0 0 0 1
1685094118.996033192 -0.014985564679025464 -0.2335528944995183 0 0 0 0 1
1685094119.029366493 -0.014853030932403382 -0.20483735483548707 0 0 0 0 1
1685094119.062699795 -0.014869316889494793 -0.17612151394307812 0 0 0 0 1
1685094119.096033096 -0.0005184924364454839 -0.15970842257480514 0 0 0 0 1
1685094119.129366636 0.026824048667693258 -0.1633431078422453 0 0 0 0 1
1685094119.162699938 0.010152532378198962 -0.16533318556147164 0 0 0 0 1
1685094119.196033239 0.038688466143736985 -0.1627013981235388 0 0 0 0 1
1685094119.229366541 0.06722798459744135 -0.16010877253925127 0 0 0 0 1
1685094119.262699842 0.09577103399479242 -0.1575553136909415 0 0 0 0 1
1685094119.296033144 0.1243175605846212 -0.15504102638718467 0 0 0 0 1
1685094119.329366446 0.1528675106092106 -0.1525659153627895 0 0 0 0 1
1685094119.362699747 0.18037082595241152 -0.1485380745586227 0 0 0 0 1
1685094119.396033287 0.20772996692955117 -0.14474899762527796 0 0 0 0 1
1685094119.429366589 0.23554975605197748 -0.1407154700346084 0 0 0 0 1
1685094119.462699890 0.2618490465838021 -0.13719206013934845 0 0 0 0 1
1685094119.496033192 0.27104950499571273 -0.11016250093912718 0 0 0 0 1
1685094119.529366493 0.2725566231765741 -0.08143296684496247 0 0 0 0 1
1685094119.562699795 0.2742078368121207 -0.05265327504676655 0 0 0 0 1
1685094119.596033096 0.27630329792027236 -0.02404210629040886 0 0 0 0 1
1685094119.629366636 0.2784916140508325 0.004205484896882515 0 0 0 0 1
1685094119.662699938 0.2802768325162663 0.03277141049230904 0 0 0 0 1
1685094119.696033239 0.28233041509462337 0.06270364734635271 0 0 0 0 1
1685094119.729366541 0.2844468088461537 0.0926315086461714 0 0 0 0 1
1685094119.762699842 0.28630347080874885 0.12243889759550824 0 0 0 0 1
1685094119.796033144 0.28758395980953433 0.15227659150001874 0 0 0 0 1
1685094119.829366446 0.2887208145663274 0.18209642927056224 0 0 0 0 1
1685094119.862699747 0.28981279478819055 0.21191794403079262 0 0 0 0 1
1685094119.896033287 0.2899670156129128 0.2418341302902545 0 0 0 0 1
1685094119.929366589 0.2904934685179915 0.27192805698344796 0 0 0 0 1
1685094119.962699890 0.291198038520608 0.3020183404249175 0 0 0 0 1
1685094119.996033192 0.2919175608664973 0.3316818631426284 0 0 0 0 1
1685094120.029366493 0.2924568851343795 0.3610142134015295 0 0 0 0 1
1685094120.062699795 0.2928145949441103 0.3903493405713375 0 0 0 0 1
1685094120.096033096 0.29299067658394584 0.4196861201770288 0 0 0 0 1
1685094120.129366636 0.2929851233043192 0.4490234276802382 0 0 0 0 1
1685094120.162699938 0.2927979353180989 0.4783601385223656 0 0 0 0 1
1685094120.196033239 0.3028044146781608 0.494602618746563 0 0 0 0 1
1685094120.229366541 0.3160295794954305 0.5218470803169392 0 0 0 0 1
1685094120.262699842 0.3298456013589528 0.5489941661020855 0 0 0 0 1
1685094120.296033144 0.3324737875384883 0.554189718301002 0 0 0 0 1
1685094120.329366446 0.31580284267227926 0.5499920158001925 0 0 0 0 1
1685094120.362699747 0.3102073966991835 0.5209095583018992 0 0 0 0 1
1685094120.396033287 0.294407690033277 0.5365362972333636 0 0 0 0 1
1685094120.429366589 0.29478889208270737 0.5143173776971137 0 0 0 0 1
1685094120.462699890 0.3100432532395549 0.5304769001547021 0 0 0 0 1
1685094120.496033192 0.3275772032631331 0.5061756707116905 0 0 0 0 1
1685094120.529366493 0.3447402186530465 0.48176658488467 0 0 0 0 1
1685094120.562699795 0.36130314487078385 0.45326320556934374 0 0 0 0 1
1685094120.596033096 0.3808616159386132 0.4267256968924452 0 0 0 0 1
1685094120.629366636 0.3993767524418567 0.41903681499581724 0 0 0 0 1
1685094120.662699938 0.41677807369448816 0.38923656646381805 0 0 0 0 1
1685094120.696033239 0.42916619663866995 0.3570279464401964 0 0 0 0 1
1685094120.729366541 0.44890596637871455 0.3726424215662056 0 0 0 0 1
1685094120.762699842 0.4784109801492734 0.36639194118478113 0 0 0 0 1
1685094120.796033144 0.4968416467430939 0.35928547655196325 0 0 0 0 1
1685094120.829366446 0.507854421561651 0.34288699791930294 0 0 0 0 1
1685094120.862699747 0.5074593669542933 0.3231376879939596 0 0 0 0 1
1685094120.896033287 0.4940053251673654 0.29634335001067297 0 0 0 0 1
1685094120.929366589 0.479867047359053 0.2699036660303002 0 0 0 0 1
1685094120.962699890 0.465053875060533 0.2438361054459002 0 0 0 0 1
1685094120.996033192 0.44951812499634 0.2178106297263318 0 0 0 0 1
1685094121.029366493 0.4341146101521133 0.19170667127305113 0 0 0 0 1
1685094121.062699795 0.41884372699325123 0.16552490196623568 0 0 0 0 1
1685094121.096033096 0.4037058685713942 0.139265995688808 0 0 0 0 1
1685094121.129366636 0.38870142451430767 0.11293062830909062 0 0 0 0 1
1685094121.162699938 0.3686668062319642 0.085675982531739 0 0 0 0 1
1685094121.196033239 0.3549064500820297 0.05954903912205741 0 0 0 0 1
1685094121.229366541 0.36289510754290577 0.07643713528879685 0 0 0 0 1
1685094121.262699842 0.3438024319920206 0.0810850418753126 0 0 0 0 1
1685094121.296033144 0.3193630392996698 0.09841591134629749 0 0 0 0 1
1685094121.329366446 0.29574922224586797 0.11685582989115077 0 0 0 0 1
1685094121.362699747 0.27301126735680015 0.1363655289983631 0 0 0 0 1
1685094121.396033287 0.25142930774043426 0.15613002790267205 0 0 0 0 1
1685094121.429366589 0.2378310851448994 0.1671590659570191 0 0 0 0 1
1685094121.462699890 0.23073315788893434 0.15329641608137717 0 0 0 0 1
1685094121.496033192 0.2281143852254995 0.17382835993226695 0 0 0 0 1
1685094121.529366493 0.23747206068705895 0.20088023341515732 0 0 0 0 1
1685094121.562699795 0.2470669145387267 0.22876566438491353 0 0 0 0 1
1685094121.596033096 0.2571357004524187 0.2571217745449558 0 0 0 0 1
1685094121.629366636 0.26733856118540517 0.28549619495044054 0 0 0 0 1
1685094121.662699938 0.27739378263222103 0.31314816453755173 0 0 0 0 1
1685094121.696033239 0.2877026964111358 0.3406443850403166 0 0 0 0 1
1685094121.729366541 0.2979313100543633 0.3681705781693227 0 0 0 0 1
1685094121.762699842 0.3089674201244743 0.3966825094182981 0 0 0 0 1
1685094121.796033144 0.3164819738603678 0.40233836698014064 0 0 0 0 1
1685094121.829366446 0.3455557068917028 0.4157747591802315 0 0 0 0 1
1685094121.862699747 0.37393844858097847 0.4234973962625951 0 0 0 0 1
1685094121.896033287 0.3859872870942861 0.41350289602852097 0 0 0 0 1
1685094121.929366589 0.37058170345624414 0.43877104520139265 0 0 0 0 1
1685094121.962699890 0.3551400652438319 0.4640171771658772 0 0 0 0 1
1685094121.996033192 0.3392423306810495 0.4888437767317975 0 0 0 0 1
1685094122.029366493 0.3398323699586324 0.5081067154513741 0 0 0 0 1
1685094122.062699795 0.3215112692685636 0.5314569588176422 0 0 0 0 1
1685094122.096033096 0.2964236682828992 0.5303852591749699 0 0 0 0 1
1685094122.129366636 0.3276196560765035 0.5435073391997155 0 0 0 0 1
1685094122.162699938 0.34606120567215115 0.5358590940164019 0 0 0 0 1
1685094122.196033239 0.3744713263097638 0.5275154973665974 0 0 0 0 1
1685094122.229366541 0.4016803371405733 0.514276050041485 0 0 0 0 1
1685094122.262699842 0.4273292366914499 0.49848789400047555 0 0 0 0 1
1685094122.296033144 0.4529732822229692 0.4826918549993972 0 0 0 0 1
1685094122.329366446 0.45129660061598437 0.4568053185669349 0 0 0 0 1
1685094122.362699747 0.46232742067302496 0.4897142128291902 0 0 0 0 1
1685094122.396033287 0.4840610836316959 0.5113339699336529 0 0 0 0 1
1685094122.429366589 0.5044672086552481 0.5326364247998344 0 0 0 0 1
1685094122.462699890 0.5244984025659374 0.5542918119428737 0 0 0 0 1
1685094122.496033192 0.5441485622453835 0.576293533384043 0 0 0 0 1
1685094122.529366493 0.5626526458645795 0.6005741987466569 0 0 0 0 1
1685094122.562699795 0.5829646319074132 0.6233640000628853 0 0 0 0 1
1685094122.596033096 0.5943012748922877 0.6289362416944725 0 0 0 0 1
1685094122.629366636 0.5898448653900465 0.6516129545845961 0 0 0 0 1
1685094122.662699938 0.5574086138536208 0.6241887851450254 0 0 0 0 1
1685094122.696033239 0.5315364277239072 0.6281494165957622 0 0 0 0 1
1685094122.729366541 0.5444035089414772 0.6509418459871098 0 0 0 0 1
1685094122.762699842 0.5645878698923834 0.6495077709271928 0 0 0 0 1
1685094122.796033144 0.5845989590240451 0.628037426610404 0 0 0 0 1
1685094122.829366446 0.6045972194953333 0.6072950145071319 0 0 0 0 1
1685094122.862699747 0.6240910650939545 0.5860158169055762 0 0 0 0 1
1685094122.896033287 0.6425554030820795 0.5638373929433282 0 0 0 0 1
1685094122.929366589 0.6596476390243422 0.5410746761265576 0 0 0 0 1
1685094122.962699890 0.676013715463615 0.5197527539689517 0 0 0 0 1
1685094122.996033192 0.6927618975430008 0.4981953251531722 0 0 0 0 1
1685094123.029366493 0.709577279090878 0.4766902726419374 0 0 0 0 1
1685094123.062699795 0.7264596963127773 0.455237805910641 0 0 0 0 1
1685094123.096033096 0.7426030881663976 0.4344578992635657 0 0 0 0 1
1685094123.129366636 0.7493483794855867 0.43021750380681834 0 0 0 0 1
1685094123.162699938 0.7239850519932026 0.4285590991419095 0 0 0 0 1
1685094123.196033239 0.6990248110063834 0.42656945023247306 0 0 0 0 1
1685094123.229366541 0.6740838090127343 0.42435162416722144 0 0 0 0 1
1685094123.262699842 0.6645517387916666 0.41656737328375415 0 0 0 0 1
1685094123.296033144 0.6472016901429355 0.3976540940060711 0 0 0 0 1
1685094123.329366446 0.6296281773110616 0.3790039545077444 0 0 0 0 1
1685094123.362699747 0.6200369597754667 0.3605851242537945 0 0 0 0 1
1685094123.396033287 0.6021686749841985 0.3424527095965983 0 0 0 0 1
1685094123.429366589 0.5837571244463595 0.3243010231877002 0 0 0 0 1
1685094123.462699890 0.5703883436721501 0.31163897586786865 0 0 0 0 1
1685094123.496033192 0.5515585591212808 0.2939286083874385 0 0 0 0 1
1685094123.529366493 0.5331295960794404 0.26956144958605677 0 0 0 0 1
1685094123.562699795 0.518887506404442 0.24783001736719595 0 0 0 0 1
1685094123.596033096 0.5046024730472138 0.22612678980592027 0 0 0 0 1
1685094123.629366636 0.4970246881628004 0.20017159568435788 0 0 0 0 1
1685094123.662699938 0.4910687370215985 0.17604755872280728 0 0 0 0 1
1685094123.696033239 0.4851473843657219 0.16628010189448048 0 0 0 0 1
1685094123.729366541 0.47889203148610693 0.13920859996865892 0 0 0 0 1
1685094123.762699842 0.47652710628966627 0.11417989482073423 0 0 0 0 1
1685094123.796033144 0.4737659849473732 0.08928588833598652 0 0 0 0 1
1685094123.829366446 0.47115811397103574 0.06452185119342121 0 0 0 0 1
1685094123.862699747 0.46959274718735566 0.040154612881117394 0 0 0 0 1
1685094123.896033287 0.46831030123471085 0.015770847615789688 0 0 0 0 1
1685094123.929366589 0.4641084403801173 0.04661575427355976 0 0 0 0 1
1685094123.962699890 0.4853018545858405 0.059887924730019984 0 0 0 0 1
1685094123.996033192 0.507297277455574 0.07354416695628387 0 0 0 0 1
1685094124.029366493 0.5293884333789555 0.08704499689112985 0 0 0 0 1
1685094124.062699795 0.5512169563397994 0.10052041748929864 0 0 0 0 1
1685094124.096033096 0.5610692011295765 0.1160016644951935 0 0 0 0 1
1685094124.129366636 0.5846448386350179 0.12592435053936438 0 0 0 0 1
1685094124.162699938 0.6081992741877286 0.13590528714288166 0 0 0 0 1
1685094124.196033239 0.6313054015705668 0.14604027086763716 0 0 0 0 1
1685094124.229366541 0.644539278191113 0.16498119186101845 0 0 0 0 1
1685094124.262699842 0.6654889546730425 0.16911236614161435 0 0 0 0 1
1685094124.296033144 0.686293567651237 0.1739210691332432 0 0 0 0 1
1685094124.329366446 0.7020029399283549 0.17628726435274192 0 0 0 0 1
1685094124.362699747 0.7274693159850711 0.17602256987742237 0 0 0 0 1
1685094124.396033287 0.7344101608702414 0.19223451313239423 0 0 0 0 1
1685094124.429366589 0.7231040334089509 0.20576868889789515 0 0 0 0 1
1685094124.462699890 0.7080242202153145 0.2265407925544415 0 0 0 0 1
1685094124.496033192 0.6902092750649077 0.2556323561110472 0 0 0 0 1
1685094124.529366493 0.6822113808628287 0.2791316772267568 0 0 0 0 1
1685094124.562699795 0.6739784710129025 0.30160771063483505 0 0 0 0 1
1685094124.596033096 0.671485979451242 0.28995247548085107 0 0 0 0 1
1685094124.629366636 0.6477595303765843 0.290055795802156 0 0 0 0 1
1685094124.662699938 0.6251252950223298 0.2900638671223308 0 0 0 0 1
1685094124.696033239 0.6184204063101406 0.30212253538185707 0 0 0 0 1
1685094124.729366541 0.62295967544477 0.3151518119757264 0 0 0 0 1
