1685094121.576639414 2.542045305692926e-18 -1.4703513010284745e-18 0 0 0 0 1
1685094121.609972715 3.1476636704616386e-05 -0.009515713141148468 0 0 0 0 1
1685094121.643306017 -0.0010218766792431165 -0.019676512908835313 0 0 0 0 1
1685094121.676639318 -0.0030055872920561584 -0.02690035925596126 0 0 0 0 1
1685094121.709972620 -0.005040888046658405 -0.03338083538584101 0 0 0 0 1
1685094121.743305922 -0.008571208347880294 -0.043917244198965255 0 0 0 0 1
1685094121.776639223 -0.010547094739704345 -0.05609323364356052 0 0 0 0 1
1685094121.809972763 -0.012826170732585993 -0.07031573934509733 0 0 0 0 1
1685094121.843306065 -0.014082368177104619 -0.07990531027445713 0 0 0 0 1
1685094121.876639366 -0.019165670857099498 -0.08937411720566144 0 0 0 0 1
1685094121.909972668 -0.026245390056208205 -0.09591741497154939 0 0 0 0 1
1685094121.943305969 -0.029635606281920482 -0.10815969790341512 0 0 0 0 1
1685094121.976639271 -0.03401151770693169 -0.12274669286509714 0 0 0 0 1
1685094122.009972572 -0.03977087317508686 -0.137423460294334 0 0 0 0 1
1685094122.043306112 -0.03787827556714639 -0.1464852274790287 0 0 0 0 1
1685094122.076639414 -0.033867234360911096 -0.16048136373786076 0 0 0 0 1
1685094122.109972715 -0.03271322931220723 -0.17284607067482227 0 0 0 0 1
1685094122.143306017 -0.03161192309893508 -0.18041604729510702 0 0 0 0 1
1685094122.176639318 -0.0346106396486601 -0.19693525286373864 0 0 0 0 1
1685094122.209972620 -0.03427795172965534 -0.20786957196373743 0 0 0 0 1
1685094122.243305922 -0.03496884218009275 -0.22160669084563683 0 0 0 0 1
1685094122.276639223 -0.03698409651404263 -0.23092230315267162 0 0 0 0 1
1685094122.309972763 -0.04713790044551268 -0.24065154409805797 0 0 0 0 1
1685094122.343306065 -0.05891666474227154 -0.25024369415478037 0 0 0 0 1
1685094122.376639366 -0.07767795000805763 -0.2597881465652247 0 0 0 0 1
1685094122.409972668 -0.0867473446759884 -0.2590160521649452 0 0 0 0 1
1685094122.443305969 -0.08918246866756725 -0.2605898884345094 0 0 0 0 1
1685094122.476639271 -0.09885168443433129 -0.25615922467504215 0 0 0 0 1
1685094122.509972572 -0.10905441118942091 -0.24328237193861083 0 0 0 0 1
1685094122.543306112 -0.10895151380240951 -0.23468428794121649 0 0 0 0 1
1685094122.576639414 -0.12155029974190282 -0.24168876488051277 0 0 0 0 1
1685094122.609972715 -0.12908590459479044 -0.23672285811894314 0 0 0 0 1
1685094122.643306017 -0.13906006270140123 -0.23605799759550894 0 0 0 0 1
1685094122.676639318 -0.15677793752137942 -0.23084814857003094 0 0 0 0 1
1685094122.709972620 -0.15940500528066828 -0.22799480077964523 0 0 0 0 1
1685094122.743305922 -0.17374749494307568 -0.2233265370149839 0 0 0 0 1
1685094122.776639223 -0.1894693512163626 -0.21638400493021043 0 0 0 0 1
1685094122.809972763 -0.20552389538986626 -0.21652903305368926 0 0 0 0 1
1685094122.843306065 -0.21605241047146936 -0.21827649203481922 0 0 0 0 1
1685094122.876639366 -0.22750974111870845 -0.21994091219347434 0 0 0 0 1
