1685094299.997174740 1.3660839727057502e-19 1.596881756758767e-18 0 0 0 0 1
1685094300.030508041 0.0003529332527846015 -0.01967500643068464 0 0 0 0 1
1685094300.063841343 0.0003968642486368355 -0.04008214233965667 0 0 0 0 1
1685094300.097174644 0.00045900935858668045 -0.06151460553308238 0 0 0 0 1
1685094300.130507946 0.0006048196033161821 -0.08401228629063827 0 0 0 0 1
1685094300.163841248 0.0008435033024987465 -0.10684828120498033 0 0 0 0 1
1685094300.197174788 0.0009361037670225921 -0.12997085231100255 0 0 0 0 1
1685094300.230508089 0.0014373625352800373 -0.15311018818689806 0 0 0 0 1
1685094300.263841391 0.0015618773186086023 -0.17637472718891054 0 0 0 0 1
1685094300.297174692 0.0014350511211799226 -0.20007520379161087 0 0 0 0 1
1685094300.330507994 0.001713671220862224 -0.22493672098845752 0 0 0 0 1
1685094300.363841295 0.0019661908173963377 -0.2502833425070316 0 0 0 0 1
1685094300.397174597 0.002299009402585382 -0.27612893046961107 0 0 0 0 1
1685094300.430508137 0.0025423729932670994 -0.30263366768146227 0 0 0 0 1
1685094300.463841438 0.0027914103777352157 -0.3296432216704308 0 0 0 0 1
1685094300.497174740 0.002881593250685141 -0.35672936329555927 0 0 0 0 1
1685094300.530508041 0.002254513362589064 -0.3832125666370413 0 0 0 0 1
1685094300.563841343 0.0010169183756449003 -0.4107940880080169 0 0 0 0 1
1685094300.597174644 -0.00016921307093223457 -0.4386052011203863 0 0 0 0 1
1685094300.630507946 -0.0011365397518521827 -0.4662013465841017 0 0 0 0 1
1685094300.663841248 -0.001915929443876363 -0.4940041042834989 0 0 0 0 1
1685094300.697174788 -0.002543226989913272 -0.522393198755056 0 0 0 0 1
1685094300.730508089 -0.0030071287598870348 -0.551256565512159 0 0 0 0 1
1685094300.763841391 -0.004867741596148379 -0.5790907321955262 0 0 0 0 1
1685094300.797174692 -0.009029020916127065 -0.6081109163622733 0 0 0 0 1
1685094300.830507994 -0.013084478342371903 -0.63712697243105 0 0 0 0 1
1685094300.863841295 -0.016603061243619936 -0.6661303983180661 0 0 0 0 1
1685094300.897174597 -0.020307564516059907 -0.6949848574736796 0 0 0 0 1
1685094300.930508137 -0.023794691287251084 -0.7244678055748297 0 0 0 0 1
1685094300.963841438 -0.027491352208282638 -0.7542554422834976 0 0 0 0 1
1685094300.997174740 -0.03138276393000997 -0.7836063524993008 0 0 0 0 1
1685094301.030508041 -0.036271359779334884 -0.8120017171058889 0 0 0 0 1
1685094301.063841343 -0.04178631423156292 -0.8411904332065915 0 0 0 0 1
1685094301.097174644 -0.047285635427697106 -0.8700983336836247 0 0 0 0 1
1685094301.130507946 -0.05300360040913702 -0.8988401588307404 0 0 0 0 1
1685094301.163841248 -0.05820129293668155 -0.9255319016805885 0 0 0 0 1
1685094301.197174788 -0.06409105161960582 -0.9540645205174295 0 0 0 0 1
1685094301.230508089 -0.07008742362460543 -0.9828666384775687 0 0 0 0 1
1685094301.263841391 -0.07616421487480568 -1.0109172705822251 0 0 0 0 1
1685094301.297174692 -0.08227313784671743 -1.038550415474087 0 0 0 0 1
1685094301.330507994 -0.08816564243697528 -1.067484603203953 0 0 0 0 1
1685094301.363841295 -0.0936373912249708 -1.0954191382673477 0 0 0 0 1
1685094301.397174597 -0.09796809022772887 -1.1243007690134799 0 0 0 0 1
1685094301.430508137 -0.1025799463211586 -1.1526548222956863 0 0 0 0 1
1685094301.463841438 -0.10717363346253472 -1.180830348243313 0 0 0 0 1
1685094301.497174740 -0.11160134859749804 -1.2067745143855921 0 0 0 0 1
1685094301.530508041 -0.1164751924249016 -1.234578775257742 0 0 0 0 1
1685094301.563841343 -0.12154641549826607 -1.2619631555398598 0 0 0 0 1
1685094301.597174644 -0.1265304273402144 -1.2892633334509904 0 0 0 0 1
1685094301.630507946 -0.13168532047952516 -1.3169444912313553 0 0 0 0 1
1685094301.663841248 -0.13664083403063323 -1.3447116374590415 0 0 0 0 1
1685094301.697174788 -0.14075200839585775 -1.3715778906450244 0 0 0 0 1
1685094301.730508089 -0.14127830067983527 -1.398155049445974 0 0 0 0 1
1685094301.763841391 -0.1413981478037565 -1.4271808515181235 0 0 0 0 1
1685094301.797174692 -0.14109095816745204 -1.4561396894161278 0 0 0 0 1
1685094301.830507994 -0.14067233318794778 -1.4846977075846557 0 0 0 0 1
1685094301.863841295 -0.14013623682970863 -1.5134115856196746 0 0 0 0 1
1685094301.897174597 -0.13963393728428714 -1.5425809267866306 0 0 0 0 1
1685094301.930508137 -0.13914072257705415 -1.5718746620703936 0 0 0 0 1
1685094301.963841438 -0.13870223136403276 -1.6010887768887538 0 0 0 0 1
1685094301.997174740 -0.13813919513922499 -1.6305688594700494 0 0 0 0 1
1685094302.030508041 -0.135434486174861 -1.657291522637456 0 0 0 0 1
1685094302.063841343 -0.13036539557923166 -1.6863208607483398 0 0 0 0 1
1685094302.097174644 -0.12503583918120545 -1.715641411127561 0 0 0 0 1
1685094302.130507946 -0.11985836956005036 -1.7454838119401417 0 0 0 0 1
1685094302.163841248 -0.11433187417294287 -1.7754935245071273 0 0 0 0 1
1685094302.197174788 -0.10892260969686346 -1.8053907531035218 0 0 0 0 1
1685094302.230508089 -0.10378728397770667 -1.8311763748845626 0 0 0 0 1
1685094302.263841391 -0.10410410499775195 -1.861591274670473 0 0 0 0 1
1685094302.297174692 -0.1060892420599892 -1.8912454838800148 0 0 0 0 1
1685094302.330507994 -0.10802241103002504 -1.9212781496278877 0 0 0 0 1
1685094302.363841295 -0.10997906799972187 -1.9514430049877436 0 0 0 0 1
1685094302.397174597 -0.11185611958461494 -1.980592607466651 0 0 0 0 1
1685094302.430508137 -0.1145009602853273 -2.0109474471187583 0 0 0 0 1
1685094302.463841438 -0.1169715706263154 -2.0408009234129856 0 0 0 0 1
1685094302.497174740 -0.1194095239453153 -2.0705807407143193 0 0 0 0 1
1685094302.530508041 -0.12156401378841528 -2.100585497108512 0 0 0 0 1
1685094302.563841343 -0.12368558730193618 -2.130206823744827 0 0 0 0 1
1685094302.597174644 -0.12576566699286246 -2.1598413281998576 0 0 0 0 1
1685094302.630507946 -0.12744228473430882 -2.189578792637076 0 0 0 0 1
1685094302.663841248 -0.1290582407726101 -2.219223120857263 0 0 0 0 1
1685094302.697174788 -0.1307471560848493 -2.2486720065318075 0 0 0 0 1
1685094302.730508089 -0.13241224307855862 -2.2780501131345514 0 0 0 0 1
1685094302.763841391 -0.13403684992584575 -2.307514893402742 0 0 0 0 1
1685094302.797174692 -0.1355833335025862 -2.3368959122980217 0 0 0 0 1
1685094302.830507994 -0.13706830217353033 -2.3661216729960532 0 0 0 0 1
1685094302.863841295 -0.1384817557643955 -2.395357091187434 0 0 0 0 1
1685094302.897174597 -0.14232013370191035 -2.422572895990894 0 0 0 0 1
1685094302.930508137 -0.14707863557531556 -2.451808766320168 0 0 0 0 1
1685094302.963841438 -0.15216258257162485 -2.4805917064715053 0 0 0 0 1
1685094302.997174740 -0.1575739855412508 -2.509451311232102 0 0 0 0 1
1685094303.030508041 -0.16281019082012552 -2.538197143171233 0 0 0 0 1
1685094303.063841343 -0.16818957092159867 -2.5664559322845837 0 0 0 0 1
1685094303.097174644 -0.17289038625786232 -2.592802226008622 0 0 0 0 1
1685094303.130507946 -0.17690515496152415 -2.6209062588840415 0 0 0 0 1
1685094303.163841248 -0.17664035748501603 -2.648165282150246 0 0 0 0 1
1685094303.197174788 -0.17534137885318296 -2.6767628672585118 0 0 0 0 1
1685094303.230508089 -0.17396049288818835 -2.7048911373578117 0 0 0 0 1
1685094303.263841391 -0.17241836262085122 -2.732566456753587 0 0 0 0 1
1685094303.297174692 -0.1706599672890377 -2.760312763750625 0 0 0 0 1
1685094303.330507994 -0.16874229950476177 -2.7878160616216343 0 0 0 0 1
1685094303.363841295 -0.16696615067434054 -2.814719973265513 0 0 0 0 1
1685094303.397174597 -0.16523528418817643 -2.84135830297553 0 0 0 0 1
1685094303.430508137 -0.1634775984338729 -2.8679658352009025 0 0 0 0 1
