1685094263.889804125 -2.71622079584979e-20 2.1518629096964453e-19 0 0 0 0 1
1685094263.923137426 -0.00034043002207745636 -0.01837935254837918 0 0 0 0 1
1685094263.956470728 -0.0006628010233491891 -0.03706841993787224 0 0 0 0 1
1685094263.989804268 -0.0009489672207552558 -0.056184283940811076 0 0 0 0 1
1685094264.023137569 -0.0012317276538517318 -0.07576881856596175 0 0 0 0 1
1685094264.056470871 -0.0016283537987294913 -0.0957151297401874 0 0 0 0 1
1685094264.089804173 -0.0018754031754263012 -0.11592518806212306 0 0 0 0 1
1685094264.123137474 -0.0019814320282411607 -0.1367586065275741 0 0 0 0 1
1685094264.156470776 -0.0019195705680583246 -0.1577500008489506 0 0 0 0 1
1685094264.189804077 -0.001701855241596147 -0.17897649650765446 0 0 0 0 1
1685094264.223137617 -0.0012953838797113433 -0.20023149926768144 0 0 0 0 1
1685094264.256470919 -0.000808695505219165 -0.22243115105862435 0 0 0 0 1
1685094264.289804220 -0.00018795486564311995 -0.24486962225476597 0 0 0 0 1
1685094264.323137522 0.0006835609921094002 -0.2678786351099636 0 0 0 0 1
1685094264.356470823 0.0015266286972571406 -0.29120311114483427 0 0 0 0 1
1685094264.389804125 0.0024586645507859834 -0.3149602961851147 0 0 0 0 1
1685094264.423137426 0.003424525392348873 -0.3389816960818579 0 0 0 0 1
1685094264.456470728 0.004514026787938855 -0.3630533493586829 0 0 0 0 1
1685094264.489804268 0.005610690243314595 -0.3869312670272089 0 0 0 0 1
1685094264.523137569 0.006808946003600185 -0.41117536084629513 0 0 0 0 1
1685094264.556470871 0.007905398848420639 -0.43583883519379657 0 0 0 0 1
1685094264.589804173 0.008918843173238369 -0.46084864718029306 0 0 0 0 1
1685094264.623137474 0.009985636977823483 -0.4860208218967335 0 0 0 0 1
1685094264.656470776 0.011079307482784939 -0.5112440118171125 0 0 0 0 1
1685094264.689804077 0.01240401540316736 -0.5367294054908575 0 0 0 0 1
1685094264.723137617 0.01373798509248652 -0.5628311743697076 0 0 0 0 1
1685094264.756470919 0.01526839608138181 -0.5892872127158171 0 0 0 0 1
1685094264.789804220 0.017178448838108023 -0.6136879892775708 0 0 0 0 1
1685094264.823137522 0.02031536951371658 -0.6400184812626368 0 0 0 0 1
1685094264.856470823 0.02378805058552762 -0.6669413879357358 0 0 0 0 1
1685094264.889804125 0.027123346058776043 -0.6938268398116622 0 0 0 0 1
1685094264.923137426 0.03051420073166354 -0.7205815850906411 0 0 0 0 1
1685094264.956470728 0.0341349026036521 -0.7474147285363805 0 0 0 0 1
1685094264.989804268 0.03779860519186669 -0.7741693664086647 0 0 0 0 1
1685094265.023137569 0.04142830975878353 -0.8007259422442164 0 0 0 0 1
1685094265.056470871 0.045053434672924164 -0.826856874381395 0 0 0 0 1
1685094265.089804173 0.04864567770329553 -0.8529895382109859 0 0 0 0 1
1685094265.123137474 0.05214333953944496 -0.8794181954634006 0 0 0 0 1
1685094265.156470776 0.0556047888990955 -0.9063243869617927 0 0 0 0 1
1685094265.189804077 0.0590006041462002 -0.9335320423625043 0 0 0 0 1
1685094265.223137617 0.06222238675526103 -0.9607811369208804 0 0 0 0 1
1685094265.256470919 0.06541737137393557 -0.9884063750357259 0 0 0 0 1
1685094265.289804220 0.06861518242177328 -1.0163824153184278 0 0 0 0 1
1685094265.323137522 0.07147895451453383 -1.0441156415978103 0 0 0 0 1
1685094265.356470823 0.0738590332372789 -1.072033186972202 0 0 0 0 1
1685094265.389804125 0.07626582954099961 -1.1003548877467346 0 0 0 0 1
1685094265.423137426 0.07845323967606194 -1.1286460319060934 0 0 0 0 1
1685094265.456470728 0.08023319510139748 -1.156939797413298 0 0 0 0 1
1685094265.489804268 0.0817260099016704 -1.1848244693429357 0 0 0 0 1
1685094265.523137569 0.08360549482544377 -1.2123638439707551 0 0 0 0 1
1685094265.556470871 0.08569721811382103 -1.2398185172597112 0 0 0 0 1
1685094265.589804173 0.08760969547381758 -1.2638527717668522 0 0 0 0 1
1685094265.623137474 0.09215160513836307 -1.2904668485138915 0 0 0 0 1
1685094265.656470776 0.0968678955547298 -1.317382216282613 0 0 0 0 1
1685094265.689804077 0.1020205993110464 -1.3447219632496925 0 0 0 0 1
1685094265.723137617 0.1072208265475887 -1.3721730965527361 0 0 0 0 1
1685094265.756470919 0.11259821258474795 -1.3995869904368743 0 0 0 0 1
1685094265.789804220 0.11805418323468013 -1.4274360861146578 0 0 0 0 1
1685094265.823137522 0.12360965481935451 -1.4558804532777339 0 0 0 0 1
1685094265.856470823 0.1290310087090174 -1.4847358941171558 0 0 0 0 1
1685094265.889804125 0.1344202888896133 -1.5135817898403923 0 0 0 0 1
1685094265.923137426 0.14017931901406575 -1.5426973304616107 0 0 0 0 1
1685094265.956470728 0.14565070351050208 -1.5721857281035672 0 0 0 0 1
1685094265.989804268 0.15127078751654602 -1.6029326197935188 0 0 0 0 1
1685094266.023137569 0.15676048179666405 -1.6337328429818634 0 0 0 0 1
1685094266.056470871 0.16209752938532024 -1.6645417255022061 0 0 0 0 1
1685094266.089804173 0.16723511439404062 -1.6945647512639408 0 0 0 0 1
1685094266.123137474 0.17079740410458324 -1.7255176559491 0 0 0 0 1
1685094266.156470776 0.17450511277005082 -1.7557705934062553 0 0 0 0 1
1685094266.189804077 0.17994129324819386 -1.7845151214097679 0 0 0 0 1
1685094266.223137617 0.18564649099047767 -1.8145425521755283 0 0 0 0 1
1685094266.256470919 0.19138393801807577 -1.8446179532217897 0 0 0 0 1
1685094266.289804220 0.19740698443066398 -1.874462573058224 0 0 0 0 1
1685094266.323137522 0.2038975647019703 -1.9043772521317326 0 0 0 0 1
1685094266.356470823 0.21070109123828976 -1.9346228317141245 0 0 0 0 1
1685094266.389804125 0.21734163449881794 -1.964930587442724 0 0 0 0 1
1685094266.423137426 0.22368329292891623 -1.995372333383868 0 0 0 0 1
1685094266.456470728 0.23002597185915646 -2.0262303209029957 0 0 0 0 1
1685094266.489804268 0.2364912538062902 -2.0569294145463166 0 0 0 0 1
1685094266.523137569 0.2426816011383121 -2.08757966450382 0 0 0 0 1
1685094266.556470871 0.2490678135072641 -2.1181759050734734 0 0 0 0 1
1685094266.589804173 0.254953095128995 -2.1484798674892094 0 0 0 0 1
1685094266.623137474 0.2583082697563523 -2.173621004707913 0 0 0 0 1
1685094266.656470776 0.25909473614785267 -2.2022605292627757 0 0 0 0 1
1685094266.689804077 0.2599417503725335 -2.2320304889260973 0 0 0 0 1
1685094266.723137617 0.2608443512579579 -2.2617931282832258 0 0 0 0 1
1685094266.756470919 0.2618642608896102 -2.2914919349843856 0 0 0 0 1
1685094266.789804220 0.2628906803762162 -2.3210631084447577 0 0 0 0 1
1685094266.823137522 0.2640649809337368 -2.350948231201666 0 0 0 0 1
1685094266.856470823 0.2654485504899935 -2.3805705136477626 0 0 0 0 1
1685094266.889804125 0.26658039559102015 -2.4085791848679854 0 0 0 0 1
1685094266.923137426 0.2690680870083084 -2.437503778416526 0 0 0 0 1
1685094266.956470728 0.27184795704720977 -2.4661866749701007 0 0 0 0 1
1685094266.989804268 0.27460011644981297 -2.4949471935636303 0 0 0 0 1
1685094267.023137569 0.2773609513805259 -2.5235663524173733 0 0 0 0 1
1685094267.056470871 0.28034452221321177 -2.5518030877553293 0 0 0 0 1
1685094267.089804173 0.2834852821343748 -2.5800753319607 0 0 0 0 1
1685094267.123137474 0.28655592632020327 -2.6086111599716033 0 0 0 0 1
1685094267.156470776 0.2894915247097993 -2.637091640896741 0 0 0 0 1
1685094267.189804077 0.292056641636222 -2.6654455651957725 0 0 0 0 1
1685094267.223137617 0.2944322900361389 -2.6937599748639007 0 0 0 0 1
1685094267.256470919 0.2965962732064049 -2.721690175548046 0 0 0 0 1
1685094267.289804220 0.29832371192788226 -2.74926602501098 0 0 0 0 1
1685094267.323137522 0.29983782972344447 -2.77676521166544 0 0 0 0 1
1685094267.356470823 0.30188396337977524 -2.8030617819727643 0 0 0 0 1
1685094267.389804125 0.30427367247170795 -2.8297846283114807 0 0 0 0 1
1685094267.423137426 0.30727782854303676 -2.8533752053703973 0 0 0 0 1
1685094267.456470728 0.3100745943443208 -2.878947586798354 0 0 0 0 1
