1685094158.228782654 -1.8079377055149867e-20 2.0523443401040324e-19 0 0 0 0 1
1685094158.262115955 0.0005803348158957536 -0.020332756374994813 0 0 0 0 1
1685094158.295449257 0.0010837434920764897 -0.04011579727507657 0 0 0 0 1
1685094158.328782797 0.009840458208202727 -0.04654059252202932 0 0 0 0 1
1685094158.362116098 0.01816534365283589 -0.06411817229713489 0 0 0 0 1
1685094158.395449400 0.026867755450982665 -0.08224457975152422 0 0 0 0 1
1685094158.428782701 0.02734797375775358 -0.08799923917611291 0 0 0 0 1
1685094158.462116003 0.022232093360284828 -0.09067776161842327 0 0 0 0 1
1685094158.495449305 0.0005434664248826881 -0.08390244443194843 0 0 0 0 1
1685094158.528782606 -0.021505423707749334 -0.07676638487582281 0 0 0 0 1
1685094158.562116146 -0.04417204059485474 -0.0699467340566354 0 0 0 0 1
1685094158.595449448 -0.06688823632227274 -0.06329409472505493 0 0 0 0 1
1685094158.628782749 -0.06338839910564356 -0.07344819854047993 0 0 0 0 1
1685094158.662116051 -0.05033173479591468 -0.049995195904486894 0 0 0 0 1
1685094158.695449352 -0.03731146290286015 -0.02652196997851371 0 0 0 0 1
1685094158.728782654 -0.023649050762582818 -0.0027289683365005774 0 0 0 0 1
1685094158.762115955 -0.015282803402293437 -0.001698801048017816 0 0 0 0 1
1685094158.795449257 0.01181238096100711 0.0016275924655382863 0 0 0 0 1
1685094158.828782797 0.010673751970650479 0.0024801762341532608 0 0 0 0 1
1685094158.862116098 0.030957846995179276 -0.015814632856968942 0 0 0 0 1
1685094158.895449400 0.05228979409480536 -0.03334034400095092 0 0 0 0 1
1685094158.928782701 0.07391857366233841 -0.05049838621393674 0 0 0 0 1
1685094158.962116003 0.09578714626584132 -0.06732209863787524 0 0 0 0 1
1685094158.995449305 0.11744149452278757 -0.08370232559553689 0 0 0 0 1
1685094159.028782606 0.12311199137213139 -0.10901597397697381 0 0 0 0 1
1685094159.062116146 0.11414209910425763 -0.13335681130029078 0 0 0 0 1
1685094159.095449448 0.09340149077211599 -0.14893764872676243 0 0 0 0 1
1685094159.128782749 0.06752555987376463 -0.15077382111550688 0 0 0 0 1
1685094159.162116051 0.04479260668321445 -0.13827789505403795 0 0 0 0 1
1685094159.195449352 0.0324754212448383 -0.11544760220059219 0 0 0 0 1
1685094159.228782654 0.034514552016201 -0.08958687377707857 0 0 0 0 1
1685094159.262115955 0.029729873662383707 -0.07474875300293501 0 0 0 0 1
1685094159.295449257 0.012281514240790294 -0.05084454188458551 0 0 0 0 1
1685094159.328782797 -0.005336037848797596 -0.027064751850474834 0 0 0 0 1
1685094159.362116098 -0.023024787744683715 -0.002969541293126416 0 0 0 0 1
1685094159.395449400 -0.012364811364830397 0.00968344188842945 0 0 0 0 1
1685094159.428782701 0.01272575021388854 -0.0067874313460601346 0 0 0 0 1
1685094159.462116003 0.03844218232463868 -0.023023138841309344 0 0 0 0 1
1685094159.495449305 0.0693737121286567 -0.037050376641862635 0 0 0 0 1
1685094159.528782606 0.06069854016903488 -0.03603854769211765 0 0 0 0 1
1685094159.562116146 0.07577093101958964 -0.008252103183280212 0 0 0 0 1
1685094159.595449448 0.08995548995658 0.024759191009992965 0 0 0 0 1
1685094159.628782749 0.09774027170762141 0.0611550554750031 0 0 0 0 1
1685094159.662116051 0.1038619193521878 0.09786727697115488 0 0 0 0 1
1685094159.695449352 0.1083077672445635 0.13481989817161363 0 0 0 0 1
1685094159.728782654 0.11106861695687745 0.17193646436425528 0 0 0 0 1
1685094159.762115955 0.11213875631058544 0.2091401816359256 0 0 0 0 1
1685094159.795449257 0.11151597119492723 0.24635407575850363 0 0 0 0 1
1685094159.828782797 0.10920155014790596 0.2835011514480359 0 0 0 0 1
1685094159.862116098 0.10520028169031219 0.32050455166743463 0 0 0 0 1
1685094159.895449400 0.10645564787714837 0.3553105629991829 0 0 0 0 1
1685094159.928782701 0.11454719272465379 0.38918623673520847 0 0 0 0 1
1685094159.962116003 0.1291574080281222 0.4208023082475761 0 0 0 0 1
1685094159.995449305 0.14971299618878836 0.44891817857836835 0 0 0 0 1
1685094160.028782606 0.15564300536138492 0.46357525669645894 0 0 0 0 1
1685094160.062116146 0.16951826270335027 0.46626368357781456 0 0 0 0 1
1685094160.095449448 0.18355774577728098 0.46788951272596335 0 0 0 0 1
1685094160.128782749 0.18125486872352878 0.4808296740644946 0 0 0 0 1
1685094160.162116051 0.19838605909271947 0.4531702263404484 0 0 0 0 1
1685094160.195449352 0.21545824854643308 0.42547432268808116 0 0 0 0 1
1685094160.228782654 0.23247135950516593 0.397742088963216 0 0 0 0 1
1685094160.262115955 0.24942531465787904 0.36997365118676745 0 0 0 0 1
1685094160.295449257 0.2663200369623495 0.34216913554416856 0 0 0 0 1
1685094160.328782797 0.2728315153328454 0.32961922900715285 0 0 0 0 1
1685094160.362116098 0.2864779589225226 0.2985327870660563 0 0 0 0 1
1685094160.395449400 0.29979928024441505 0.2673056403273243 0 0 0 0 1
1685094160.428782701 0.31130422521176043 0.23255153052261046 0 0 0 0 1
1685094160.462116003 0.31670233565378614 0.19634279800301724 0 0 0 0 1
1685094160.495449305 0.31583487842500935 0.15974417200454571 0 0 0 0 1
1685094160.528782606 0.31202806133130984 0.125506633715602 0 0 0 0 1
1685094160.562116146 0.3085012643399403 0.09123911866922846 0 0 0 0 1
1685094160.595449448 0.3052547231546002 0.05694391703979261 0 0 0 0 1
1685094160.628782749 0.30228865474886923 0.022623320852017934 0 0 0 0 1
1685094160.662116051 0.30862021324135713 0.031160769104757565 0 0 0 0 1
1685094160.695449352 0.2826017157966148 0.05113253001101972 0 0 0 0 1
1685094160.728782654 0.2565578943444349 0.07107125632806269 0 0 0 0 1
1685094160.762115955 0.2304887908274158 0.09097691594531501 0 0 0 0 1
1685094160.795449257 0.20439444722887165 0.1108494768054579 0 0 0 0 1
1685094160.828782797 0.1773814685098922 0.1308051919307529 0 0 0 0 1
1685094160.862116098 0.15020432057460692 0.15053674573519488 0 0 0 0 1
1685094160.895449400 0.12265394412905457 0.17031130329457791 0 0 0 0 1
1685094160.928782701 0.09509528105884471 0.19007431062503372 0 0 0 0 1
1685094160.962116003 0.06752833620629876 0.20982576425401228 0 0 0 0 1
1685094160.995449305 0.04026752815420048 0.2297843370833105 0 0 0 0 1
1685094161.028782606 0.012761608234774019 0.24940373193692023 0 0 0 0 1
1685094161.062116146 0.009192540436290862 0.2484819824831523 0 0 0 0 1
1685094161.095449448 0.03280299520379752 0.27149578348105247 0 0 0 0 1
1685094161.128782749 0.056555274208474254 0.29436318063908995 0 0 0 0 1
1685094161.162116051 0.0804484696453869 0.3170832999722476 0 0 0 0 1
1685094161.195449352 0.08383972516166127 0.35147649010929316 0 0 0 0 1
1685094161.228782654 0.07067752053017383 0.3404823179142624 0 0 0 0 1
1685094161.262115955 0.07299844565785456 0.35747433838173004 0 0 0 0 1
1685094161.295449257 0.05252195646133484 0.3305294428388573 0 0 0 0 1
1685094161.328782797 0.03189197409797299 0.30370188548976396 0 0 0 0 1
1685094161.362116098 0.01110696176303348 0.27655646833525144 0 0 0 0 1
1685094161.395449400 -0.008473893493494694 0.24853004298917888 0 0 0 0 1
1685094161.428782701 -0.02874830204370781 0.21892110488957298 0 0 0 0 1
1685094161.462116003 -0.050505772636647524 0.19038422820615486 0 0 0 0 1
1685094161.495449305 -0.07368972465572578 0.162993623498987 0 0 0 0 1
1685094161.528782606 -0.11891409450847203 0.15069891522228088 0 0 0 0 1
1685094161.562116146 -0.15160604444619244 0.14907866159787098 0 0 0 0 1
1685094161.595449448 -0.18435414586894544 0.1474095855240271 0 0 0 0 1
1685094161.628782749 -0.21708236366331196 0.14538777402447867 0 0 0 0 1
1685094161.662116051 -0.2102616211154273 0.1474346615782951 0 0 0 0 1
1685094161.695449352 -0.21221834877647047 0.1542818138639538 0 0 0 0 1
1685094161.728782654 -0.21909071907889008 0.1524155866567482 0 0 0 0 1
1685094161.762115955 -0.22003127008092394 0.1852142111361201 0 0 0 0 1
1685094161.795449257 -0.22126775953550215 0.21800301254384158 0 0 0 0 1
1685094161.828782797 -0.22280008674871807 0.25077932071358394 0 0 0 0 1
1685094161.862116098 -0.22462812693502437 0.28354046649640924 0 0 0 0 1
1685094161.895449400 -0.22619875317154267 0.3161603453477954 0 0 0 0 1
1685094161.928782701 -0.2421746547158339 0.29590214806247467 0 0 0 0 1
1685094161.962116003 -0.23477674902894322 0.2854201653179897 0 0 0 0 1
1685094161.995449305 -0.21422022009043018 0.2605825847779546 0 0 0 0 1
1685094162.028782606 -0.20648516368991837 0.2957092795532819 0 0 0 0 1
1685094162.062116146 -0.17425646133585565 0.2983495713437783 0 0 0 0 1
1685094162.095449448 -0.1420066263366126 0.3007178066968056 0 0 0 0 1
1685094162.128782749 -0.10981043454095352 0.3036158876135822 0 0 0 0 1
1685094162.162116051 -0.07709481959642693 0.30621193188514095 0 0 0 0 1
1685094162.195449352 -0.04439328312025998 0.30897967810839655 0 0 0 0 1
1685094162.228782654 -0.01170672625265127 0.31191905001392417 0 0 0 0 1
1685094162.262115955 0.020963950278986326 0.3150299666028942 0 0 0 0 1
1685094162.295449257 0.03777404607500191 0.352989234249601 0 0 0 0 1
1685094162.328782797 0.02294927190486887 0.3506916015488047 0 0 0 0 1
1685094162.362116098 0.010932550384503088 0.3596722167351486 0 0 0 0 1
1685094162.395449400 0.008936702073100268 0.3745406273677981 0 0 0 0 1
1685094162.428782701 0.018159698955708455 0.3863723378834679 0 0 0 0 1
1685094162.462116003 0.03306560334586881 0.3880655772447548 0 0 0 0 1
1685094162.495449305 0.04470741472796309 0.3786040090361039 0 0 0 0 1
1685094162.528782606 0.04609734559765939 0.3636667690835331 0 0 0 0 1
1685094162.562116146 0.04033867295798314 0.3294930404941202 0 0 0 0 1
1685094162.595449448 0.03595820835025947 0.29511546690181595 0 0 0 0 1
1685094162.628782749 0.0329630312778982 0.2605896077440916 0 0 0 0 1
1685094162.662116051 0.03040869264511378 0.22761003536345206 0 0 0 0 1
1685094162.695449352 0.02792711998355835 0.195191142381783 0 0 0 0 1
1685094162.728782654 0.02247126558583417 0.16079175160760084 0 0 0 0 1
1685094162.762115955 0.01606665732810014 0.12655631052808478 0 0 0 0 1
1685094162.795449257 0.017230007199501598 0.10242209973605663 0 0 0 0 1
1685094162.828782797 0.024183670808907688 0.0701327365432597 0 0 0 0 1
1685094162.862116098 0.05283247667253171 0.07622804504387352 0 0 0 0 1
1685094162.895449400 0.07644999791894296 0.09790616327225062 0 0 0 0 1
1685094162.928782701 0.10057633341873272 0.11901654117269965 0 0 0 0 1
1685094162.962116003 0.12519783877202065 0.13954723998901367 0 0 0 0 1
1685094162.995449305 0.08985600621776094 0.14441167500172733 0 0 0 0 1
1685094163.028782606 0.06239803283306109 0.1671881443043072 0 0 0 0 1
1685094163.062116146 0.051086851567110673 0.20102252082664113 0 0 0 0 1
1685094163.095449448 0.059326338265632335 0.23573301945790734 0 0 0 0 1
1685094163.128782749 0.0542716755648557 0.2529174279953557 0 0 0 0 1
1685094163.162116051 0.07534851434325132 0.27791697591340647 0 0 0 0 1
1685094163.195449352 0.09484431775001516 0.3005185580311915 0 0 0 0 1
1685094163.228782654 0.1139998846503947 0.32310494640477916 0 0 0 0 1
1685094163.262115955 0.13309269292537151 0.3462006759816712 0 0 0 0 1
1685094163.295449257 0.152142317588975 0.369332036786643 0 0 0 0 1
1685094163.328782797 0.17149181039187114 0.39259588828839304 0 0 0 0 1
1685094163.362116098 0.1906250066539073 0.416037954307053 0 0 0 0 1
1685094163.395449400 0.21373346249692732 0.44916600492147635 0 0 0 0 1
1685094163.428782701 0.22552116644419573 0.47023555447701443 0 0 0 0 1
1685094163.462116003 0.2418046154111301 0.4963385272129113 0 0 0 0 1
1685094163.495449305 0.2580551025287043 0.5225426969315097 0 0 0 0 1
1685094163.528782606 0.2577146917119114 0.5172584611903934 0 0 0 0 1
1685094163.562116146 0.25270945027267877 0.5155302872909061 0 0 0 0 1
1685094163.595449448 0.2599649595676355 0.4861631273168372 0 0 0 0 1
1685094163.628782749 0.2670446901369878 0.4567530964576706 0 0 0 0 1
1685094163.662116051 0.2739483887083688 0.4273012468365133 0 0 0 0 1
1685094163.695449352 0.2806758083068323 0.39780863207250905 0 0 0 0 1
1685094163.728782654 0.2872267082636879 0.3682763072431459 0 0 0 0 1
1685094163.762115955 0.280737803705878 0.3609321609723501 0 0 0 0 1
1685094163.795449257 0.27212148182753626 0.36560135406067085 0 0 0 0 1
1685094163.828782797 0.27473129736659563 0.3750475823905015 0 0 0 0 1
1685094163.862116098 0.262749491722285 0.36998575602647493 0 0 0 0 1
1685094163.895449400 0.2479266188481095 0.385720457627716 0 0 0 0 1
1685094163.928782701 0.2261102462474412 0.387097962023227 0 0 0 0 1
1685094163.962116003 0.21431512121339452 0.4055024901954472 0 0 0 0 1
1685094163.995449305 0.2319093672066485 0.4192809915151476 0 0 0 0 1
1685094164.028782606 0.24159232143985943 0.44929771447919775 0 0 0 0 1
1685094164.062116146 0.25135560318651406 0.47928840619710306 0 0 0 0 1
1685094164.095449448 0.25571663931168526 0.4875148164577628 0 0 0 0 1
1685094164.128782749 0.2644061163982637 0.49085928200902296 0 0 0 0 1
1685094164.162116051 0.2945844720752143 0.48540103371378224 0 0 0 0 1
1685094164.195449352 0.32472487622617563 0.47973696596756427 0 0 0 0 1
1685094164.228782654 0.35497729830397223 0.47421427425010404 0 0 0 0 1
1685094164.262115955 0.3852072367448365 0.46856980906367457 0 0 0 0 1
1685094164.295449257 0.4152319853308935 0.462868455809491 0 0 0 0 1
1685094164.328782797 0.44520680707844934 0.45691018275539397 0 0 0 0 1
1685094164.362116098 0.4550551695834281 0.4559361655884076 0 0 0 0 1
1685094164.395449400 0.4815335660939429 0.4653778884576872 0 0 0 0 1
1685094164.428782701 0.49421895326993054 0.48822078325144613 0 0 0 0 1
1685094164.462116003 0.5012316611831653 0.5133909802726677 0 0 0 0 1
1685094164.495449305 0.54811352619127 0.4997891797338764 0 0 0 0 1
1685094164.528782606 0.5082460947587211 0.527958421035449 0 0 0 0 1
