1685093645.969287634 -2.6690473218379894e-20 5.670395109841161e-18 0 0 0 0 1
1685093646.002620935 0.0001639509490510871 -0.01180343887464652 0 0 0 0 1
1685093646.035954237 0.00037257275930338275 -0.02423736864451173 0 0 0 0 1
1685093646.069287539 0.0005656787555037435 -0.03735389793395443 0 0 0 0 1
1685093646.102620840 0.0006607910027893528 -0.05132375409860006 0 0 0 0 1
1685093646.135954142 0.0007121768673880119 -0.0660793100916075 0 0 0 0 1
1685093646.169287443 0.000696345385807898 -0.08147393780780636 0 0 0 0 1
1685093646.202620983 0.0005554619602212557 -0.09750119003343534 0 0 0 0 1
1685093646.235954285 0.000498464315026364 -0.1141556928957456 0 0 0 0 1
1685093646.269287586 0.0005177904689923799 -0.13138494485106245 0 0 0 0 1
1685093646.302620888 0.0005014091412548948 -0.14914078592250712 0 0 0 0 1
1685093646.335954189 0.0003010689418269148 -0.16762056800543035 0 0 0 0 1
1685093646.369287491 3.4235056904086024e-05 -0.18655014979887777 0 0 0 0 1
1685093646.402620792 -0.00018835198600404733 -0.20594047440572788 0 0 0 0 1
1685093646.435954094 -0.0003730390322091946 -0.22577908781266068 0 0 0 0 1
1685093646.469287634 -0.00037192891289875295 -0.24609094524086025 0 0 0 0 1
1685093646.502620935 -0.00015499361224007854 -0.26689530182574017 0 0 0 0 1
1685093646.535954237 0.00038171418715677067 -0.2882098260872392 0 0 0 0 1
1685093646.569287539 0.0010722779397800463 -0.3099790687355013 0 0 0 0 1
1685093646.602620840 0.0017453140607770847 -0.33192459349002545 0 0 0 0 1
1685093646.635954142 0.002500670292153533 -0.3537305080504567 0 0 0 0 1
1685093646.669287443 0.0031615250311522757 -0.3757446187587163 0 0 0 0 1
1685093646.702620983 0.00369715969734941 -0.39806675869117597 0 0 0 0 1
1685093646.735954285 0.0042242422842184765 -0.4208859766852925 0 0 0 0 1
1685093646.769287586 0.005047603437323445 -0.44393450295568654 0 0 0 0 1
1685093646.802620888 0.00719542559130156 -0.46192222523403564 0 0 0 0 1
1685093646.835954189 0.012627985824541879 -0.48521877179668194 0 0 0 0 1
1685093646.869287491 0.018081707394455086 -0.5087554416253758 0 0 0 0 1
1685093646.902620792 0.02347897919388169 -0.5324439670277242 0 0 0 0 1
1685093646.935954094 0.02890525599378369 -0.5561097065503382 0 0 0 0 1
1685093646.969287634 0.03439097643967088 -0.580010805416865 0 0 0 0 1
1685093647.002620935 0.041151977805221125 -0.6103226169517779 0 0 0 0 1
1685093647.035954237 0.046419954374152916 -0.6347622208705402 0 0 0 0 1
1685093647.069287539 0.051859873911409546 -0.6593089722398945 0 0 0 0 1
1685093647.102620840 0.05599292177856195 -0.6827680174797238 0 0 0 0 1
1685093647.135954142 0.06444740155433346 -0.7061871803344187 0 0 0 0 1
1685093647.169287443 0.0730342684321338 -0.7297124986714968 0 0 0 0 1
1685093647.202620983 0.08192696081500388 -0.7533506837476113 0 0 0 0 1
1685093647.235954285 0.09047062391653356 -0.7803764648148293 0 0 0 0 1
1685093647.269287586 0.10170583424360871 -0.8032886309733613 0 0 0 0 1
1685093647.302620888 0.11319429961464382 -0.8263718527222405 0 0 0 0 1
1685093647.335954189 0.12401892784181097 -0.8479224440232525 0 0 0 0 1
1685093647.369287491 0.13231826255465196 -0.8723538576412824 0 0 0 0 1
1685093647.402620792 0.14058301099167836 -0.8968678911717874 0 0 0 0 1
1685093647.435954094 0.14868024308693192 -0.921534026031171 0 0 0 0 1
1685093647.469287634 0.15698518898120875 -0.9461773466717748 0 0 0 0 1
1685093647.502620935 0.16515941575940574 -0.9706700123297276 0 0 0 0 1
1685093647.535954237 0.17343573378189647 -0.9950157586079719 0 0 0 0 1
1685093647.569287539 0.18149405276660885 -1.0192240881943546 0 0 0 0 1
1685093647.602620840 0.1895276229684159 -1.0436984165232976 0 0 0 0 1
1685093647.635954142 0.19751811631701097 -1.06817277208296 0 0 0 0 1
1685093647.669287443 0.20563613625551216 -1.0924328264099823 0 0 0 0 1
1685093647.702620983 0.21353588360787637 -1.116239477999388 0 0 0 0 1
1685093647.735954285 0.22154241390689977 -1.1396909532253297 0 0 0 0 1
1685093647.769287586 0.22947818438268552 -1.1625918137775189 0 0 0 0 1
1685093647.802620888 0.2369991622352882 -1.1852105253073681 0 0 0 0 1
1685093647.835954189 0.24459011664384325 -1.2076252121451747 0 0 0 0 1
1685093647.869287491 0.25200115869604245 -1.2301462215307046 0 0 0 0 1
1685093647.902620792 0.25918386496281837 -1.2524143363983429 0 0 0 0 1
1685093647.935954094 0.26620054239623286 -1.274406129403871 0 0 0 0 1
1685093647.969287634 0.27320804550555594 -1.2960845653334954 0 0 0 0 1
1685093648.002620935 0.2801365381080198 -1.317020711269622 0 0 0 0 1
1685093648.035954237 0.2870199608096858 -1.3371962438289433 0 0 0 0 1
1685093648.069287539 0.2935334039731211 -1.356795259909849 0 0 0 0 1
1685093648.102620840 0.2999871667981885 -1.3758602691172548 0 0 0 0 1
1685093648.135954142 0.3064555444148095 -1.3944327438993835 0 0 0 0 1
