1685094221.975647688 -5.4100489862126693e-20 5.587487719146704e-20 0 0 0 0 1
1685094222.008981228 -0.003562397287452379 -0.02048002161849749 0 0 0 0 1
1685094222.042314529 -0.005413854286531101 -0.03724757328218681 0 0 0 0 1
1685094222.075647831 -0.0035345931564785375 -0.055811713253613005 0 0 0 0 1
1685094222.108981133 -0.0025577701691587994 -0.07556634839937333 0 0 0 0 1
1685094222.142314434 -0.0010743758724604678 -0.09585271443585826 0 0 0 0 1
1685094222.175647736 0.0011261448191945745 -0.11652435987182665 0 0 0 0 1
1685094222.208981037 0.0035269868074637857 -0.137728333933304 0 0 0 0 1
1685094222.242314339 -0.005455741016470261 -0.14876802658319432 0 0 0 0 1
1685094222.275647879 -0.0011023287600329772 -0.17129595981481177 0 0 0 0 1
1685094222.308981180 5.759800338238045e-05 -0.1872908454866411 0 0 0 0 1
1685094222.342314482 0.00595786807405241 -0.2109450431663446 0 0 0 0 1
1685094222.375647783 0.012020339502286276 -0.23455818982152762 0 0 0 0 1
1685094222.408981085 0.018244726732178307 -0.2581291732203952 0 0 0 0 1
1685094222.442314386 0.01155940316695648 -0.2617865026949629 0 0 0 0 1
1685094222.475647688 0.038422154194895836 -0.2665475572123084 0 0 0 0 1
1685094222.508981228 0.06596748621987335 -0.2714171852211275 0 0 0 0 1
1685094222.542314529 0.09359220133175293 -0.27602948847204295 0 0 0 0 1
1685094222.575647831 0.1208457434724453 -0.2806314025474287 0 0 0 0 1
1685094222.608981133 0.13966143234736705 -0.2756916921624055 0 0 0 0 1
1685094222.642314434 0.11313618978207812 -0.2864156935339466 0 0 0 0 1
1685094222.675647736 0.0867422622238057 -0.29745893973299947 0 0 0 0 1
1685094222.708981037 0.0596470127273723 -0.3086715530455599 0 0 0 0 1
1685094222.742314339 0.0420967278207098 -0.32921492641648 0 0 0 0 1
1685094222.775647879 0.034641364234301066 -0.33497161217508825 0 0 0 0 1
1685094222.808981180 0.00858158392461458 -0.31940755093259254 0 0 0 0 1
1685094222.842314482 -0.017644568167012615 -0.30412549941402617 0 0 0 0 1
1685094222.875647783 -0.04403404035078419 -0.28912723584749206 0 0 0 0 1
1685094222.908981085 -0.07068910655949665 -0.27329195939023476 0 0 0 0 1
1685094222.942314386 -0.09721016337975018 -0.2572332520884157 0 0 0 0 1
1685094222.975647688 -0.12356479871071545 -0.24101192301980323 0 0 0 0 1
1685094223.008981228 -0.14961834042844882 -0.2243112857821796 0 0 0 0 1
1685094223.042314529 -0.1753620724372264 -0.20713692749895354 0 0 0 0 1
1685094223.075647831 -0.17479176938522994 -0.20743620776304203 0 0 0 0 1
1685094223.108981133 -0.1804052073809749 -0.19853917610386523 0 0 0 0 1
1685094223.142314434 -0.18444683423391356 -0.1888266527006464 0 0 0 0 1
1685094223.175647736 -0.17032982549591785 -0.16005380478756792 0 0 0 0 1
1685094223.208981037 -0.15609998742832193 -0.13133659006698978 0 0 0 0 1
1685094223.242314339 -0.14175753926957846 -0.1026754509837023 0 0 0 0 1
1685094223.275647879 -0.13353256306765393 -0.07070046845084177 0 0 0 0 1
1685094223.308981180 -0.11981874371044125 -0.06361433404742425 0 0 0 0 1
1685094223.342314482 -0.14597717825304332 -0.04696658800925301 0 0 0 0 1
1685094223.375647783 -0.1731924226426609 -0.03210921210755252 0 0 0 0 1
1685094223.408981085 -0.20134212371449248 -0.019109001515505694 0 0 0 0 1
1685094223.442314386 -0.23029972721221578 -0.008024402039670517 0 0 0 0 1
1685094223.475647688 -0.25993504674535445 0.0010947526382483828 0 0 0 0 1
1685094223.508981228 -0.2901148490758426 0.008207465001595098 0 0 0 0 1
1685094223.542314529 -0.3207034531024798 0.013281758013694122 0 0 0 0 1
1685094223.575647831 -0.3515633398503878 0.016294818878883146 0 0 0 0 1
1685094223.608981133 -0.3862649841394105 0.020092373317208367 0 0 0 0 1
1685094223.642314434 -0.4205794429323302 0.023007188889965138 0 0 0 0 1
1685094223.675647736 -0.45493057240311624 0.025452211621038574 0 0 0 0 1
1685094223.708981037 -0.48931194100867326 0.027426983730166245 0 0 0 0 1
1685094223.742314339 -0.5237171115442494 0.02893113548185127 0 0 0 0 1
1685094223.775647879 -0.5581396423486703 0.029964385254587698 0 0 0 0 1
1685094223.808981180 -0.5544322713631273 0.009749542746536728 0 0 0 0 1
1685094223.842314482 -0.5399474899193182 0.024329514069376626 0 0 0 0 1
1685094223.875647783 -0.497716825203939 0.03616486292219531 0 0 0 0 1
1685094223.908981085 -0.46989378897114453 0.00226230874763065 0 0 0 0 1
1685094223.942314386 -0.4552485933242578 -0.02946731564135827 0 0 0 0 1
1685094223.975647688 -0.4413320510952629 -0.061523214814373374 0 0 0 0 1
1685094224.008981228 -0.4312748477207657 -0.08813623094305315 0 0 0 0 1
1685094224.042314529 -0.41780323433332395 -0.09034558234111044 0 0 0 0 1
1685094224.075647831 -0.40469512394737195 -0.08653204815737842 0 0 0 0 1
1685094224.108981133 -0.39451123973591284 -0.0774406179492984 0 0 0 0 1
1685094224.142314434 -0.3892410452847441 -0.06484733992855786 0 0 0 0 1
1685094224.175647736 -0.3899140947141762 -0.05121236265221678 0 0 0 0 1
1685094224.208981037 -0.3877712011079367 -0.059871122991708874 0 0 0 0 1
1685094224.242314339 -0.3828222299960235 -0.05244995000101047 0 0 0 0 1
1685094224.275647879 -0.354731944203785 -0.07531599962980862 0 0 0 0 1
1685094224.308981180 -0.35822731616910947 -0.06911309309275383 0 0 0 0 1
1685094224.342314482 -0.3636558239627833 -0.07372015048521537 0 0 0 0 1
1685094224.375647783 -0.35810389541570287 -0.07817770184123204 0 0 0 0 1
1685094224.408981085 -0.3547787013923883 -0.07188192870437857 0 0 0 0 1
1685094224.442314386 -0.3615903591162847 -0.06980949203806121 0 0 0 0 1
1685094224.475647688 -0.3809614332916932 -0.03992325722601059 0 0 0 0 1
1685094224.508981228 -0.38405660908217204 -0.027931697889354692 0 0 0 0 1
1685094224.542314529 -0.3959361580858855 -0.024431137367541607 0 0 0 0 1
1685094224.575647831 -0.42323055843810714 -0.04977126424555906 0 0 0 0 1
1685094224.608981133 -0.4504005565863469 -0.07524473125352692 0 0 0 0 1
1685094224.642314434 -0.4774455011372529 -0.10085092767196815 0 0 0 0 1
1685094224.675647736 -0.5043647436955996 -0.12658923959925422 0 0 0 0 1
1685094224.708981037 -0.5311933099343078 -0.15130837432304073 0 0 0 0 1
1685094224.742314339 -0.5583153038467977 -0.17570519858621744 0 0 0 0 1
1685094224.775647879 -0.5857268535432466 -0.19977622953955596 0 0 0 0 1
1685094224.808981180 -0.5801950605537599 -0.17740847285464462 0 0 0 0 1
1685094224.842314482 -0.5618642603906318 -0.19136909741708413 0 0 0 0 1
1685094224.875647783 -0.5405654854645462 -0.19261254573310985 0 0 0 0 1
1685094224.908981085 -0.5192304491907079 -0.19259825375361989 0 0 0 0 1
1685094224.942314386 -0.49793335930917043 -0.19132627118912252 0 0 0 0 1
1685094224.975647688 -0.4767482915744598 -0.18880102226230422 0 0 0 0 1
1685094225.008981228 -0.4557489321045324 -0.1850312903196532 0 0 0 0 1
1685094225.042314529 -0.43500832108497006 -0.18003018728113448 0 0 0 0 1
1685094225.075647831 -0.4145985987198641 -0.17381510803417635 0 0 0 0 1
1685094225.108981133 -0.3945907543130244 -0.16640766993059639 0 0 0 0 1
1685094225.142314434 -0.36074511117208613 -0.1536486848523393 0 0 0 0 1
1685094225.175647736 -0.327444648536545 -0.14193641662751547 0 0 0 0 1
1685094225.208981037 -0.2941771597264891 -0.13100996581341318 0 0 0 0 1
1685094225.242314339 -0.26012581974802934 -0.11967837750890126 0 0 0 0 1
1685094225.275647879 -0.22603714895541174 -0.108459590969166 0 0 0 0 1
1685094225.308981180 -0.19191152102554462 -0.09735372917352493 0 0 0 0 1
1685094225.342314482 -0.15774931004045709 -0.0863609138634248 0 0 0 0 1
1685094225.375647783 -0.1235508904831984 -0.07548126554110707 0 0 0 0 1
1685094225.408981085 -0.09144722922100423 -0.043744522932291245 0 0 0 0 1
1685094225.442314386 -0.06958779655835344 -0.015648477058427285 0 0 0 0 1
1685094225.475647688 -0.04730381673098555 0.012112049469949182 0 0 0 0 1
1685094225.508981228 -0.05056632704382234 0.004085232105871568 0 0 0 0 1
1685094225.542314529 -0.03574168960332133 0.0069628461661609894 0 0 0 0 1
1685094225.575647831 -0.02798756949484798 0.019921401612878382 0 0 0 0 1
1685094225.608981133 -0.03245923208034951 0.03434550545484047 0 0 0 0 1
1685094225.642314434 -0.044506699089709584 0.049553638976672774 0 0 0 0 1
1685094225.675647736 -0.04770047084262693 0.055771806668239485 0 0 0 0 1
1685094225.708981037 -0.01739844578779389 0.07444270463296332 0 0 0 0 1
1685094225.742314339 0.012914515204963749 0.09309584241416281 0 0 0 0 1
1685094225.775647879 0.0416029127567244 0.1122347241506834 0 0 0 0 1
1685094225.808981180 0.0689193025906534 0.13328551498269747 0 0 0 0 1
1685094225.842314482 0.0778138804993873 0.13964758641988861 0 0 0 0 1
1685094225.875647783 0.08820601394180615 0.13624273228770906 0 0 0 0 1
1685094225.908981085 0.09161133358755477 0.1258507513766056 0 0 0 0 1
1685094225.942314386 0.07352930821734568 0.09466072245307354 0 0 0 0 1
1685094225.975647688 0.07414372155823906 0.08349634530600891 0 0 0 0 1
1685094226.008981228 0.07802862885842411 0.07301167477688233 0 0 0 0 1
1685094226.042314529 0.07963053758037483 0.03639438237058166 0 0 0 0 1
1685094226.075647831 0.08112457610566444 -0.0002274698983429291 0 0 0 0 1
1685094226.108981133 0.08251073147034556 -0.036853564257787706 0 0 0 0 1
1685094226.142314434 0.08378899164658565 -0.0734835828988398 0 0 0 0 1
1685094226.175647736 0.08495934554277139 -0.11011720797853494 0 0 0 0 1
1685094226.208981037 0.08602178300360484 -0.14675412162261534 0 0 0 0 1
1685094226.242314339 0.08697629481019166 -0.18339400592828792 0 0 0 0 1
1685094226.275647879 0.11818044283806407 -0.17218932345182597 0 0 0 0 1
1685094226.308981180 0.0842378085868239 -0.14815771350129067 0 0 0 0 1
1685094226.342314482 0.12581479461483652 -0.1471703282904568 0 0 0 0 1
1685094226.375647783 0.09235794830747253 -0.15579078916843994 0 0 0 0 1
1685094226.408981085 0.11843993424768777 -0.1652384404008072 0 0 0 0 1
1685094226.442314386 0.1368870954870174 -0.1369296303298969 0 0 0 0 1
1685094226.475647688 0.1509986476412396 -0.12284313165361618 0 0 0 0 1
1685094226.508981228 0.15625468411887808 -0.10360932210626118 0 0 0 0 1
1685094226.542314529 0.1545806807250807 -0.08243045319881127 0 0 0 0 1
1685094226.575647831 0.1588516066849469 -0.06161925508321171 0 0 0 0 1
1685094226.608981133 0.1687317529268904 -0.04281155756865126 0 0 0 0 1
1685094226.642314434 0.18149969842869948 -0.012932323585970615 0 0 0 0 1
1685094226.675647736 0.1946478572272942 0.016781561652009974 0 0 0 0 1
1685094226.708981037 0.19553067639245883 0.02525283077589577 0 0 0 0 1
1685094226.742314339 0.18149704926467886 0.05398121567066798 0 0 0 0 1
1685094226.775647879 0.1676828889225659 0.08281577415638319 0 0 0 0 1
1685094226.808981180 0.15408899857738606 0.11175482967495473 0 0 0 0 1
1685094226.842314482 0.14071616863301534 0.14079669959241495 0 0 0 0 1
1685094226.875647783 0.12756517663998207 0.1699396952967504 0 0 0 0 1
1685094226.908981085 0.11276279424224123 0.19593828901815302 0 0 0 0 1
1685094226.942314386 0.09063449010088058 0.219508201955231 0 0 0 0 1
1685094226.975647688 0.06868482364307316 0.24310798459209493 0 0 0 0 1
1685094227.008981228 0.07780271474600096 0.23374125369094292 0 0 0 0 1
1685094227.042314529 0.08743384375537455 0.2425794062096681 0 0 0 0 1
1685094227.075647831 0.10705203890053318 0.21847708242972674 0 0 0 0 1
1685094227.108981133 0.1267242538068616 0.19395108459814459 0 0 0 0 1
1685094227.142314434 0.1462730106794651 0.16932657011173538 0 0 0 0 1
1685094227.175647736 0.1656978161639389 0.14460416042242924 0 0 0 0 1
1685094227.208981037 0.18499818003405452 0.11978447945274964 0 0 0 0 1
1685094227.242314339 0.1983029653581817 0.10153770541202037 0 0 0 0 1
1685094227.275647879 0.20401684961972782 0.08572494884835911 0 0 0 0 1
1685094227.308981180 0.2158406493811305 0.057739760266754696 0 0 0 0 1
1685094227.342314482 0.22764357532386265 0.029745761625329985 0 0 0 0 1
1685094227.375647783 0.23942562088344552 0.0017429684936150307 0 0 0 0 1
1685094227.408981085 0.2511867795070134 -0.02626860355396886 0 0 0 0 1
1685094227.442314386 0.2629270446533174 -0.05428893893811779 0 0 0 0 1
1685094227.475647688 0.27523514325692267 -0.08286626996680962 0 0 0 0 1
1685094227.508981228 0.28601573483526516 -0.11062761251749534 0 0 0 0 1
1685094227.542314529 0.31513154134908833 -0.11688725356512403 0 0 0 0 1
1685094227.575647831 0.3363691020631653 -0.09600953075080737 0 0 0 0 1
1685094227.608981133 0.3303004947126189 -0.06475855926315319 0 0 0 0 1
1685094227.642314434 0.3309548173333706 -0.0522744598656764 0 0 0 0 1
1685094227.675647736 0.3256447519004935 -0.021174805827664078 0 0 0 0 1
1685094227.708981037 0.32028577427873295 0.00878132586699409 0 0 0 0 1
1685094227.742314339 0.314729587806632 0.03870150733612085 0 0 0 0 1
1685094227.775647879 0.30377392810001047 0.05032055537635208 0 0 0 0 1
1685094227.808981180 0.28894400271605164 0.056245255375061295 0 0 0 0 1
1685094227.842314482 0.26376525121362737 0.06905672194719908 0 0 0 0 1
1685094227.875647783 0.23197731621953463 0.07982551939213108 0 0 0 0 1
1685094227.908981085 0.21494543124165036 0.10125968355246087 0 0 0 0 1
1685094227.942314386 0.1995570139022407 0.1239026760874595 0 0 0 0 1
1685094227.975647688 0.18589752083009675 0.14762875347424848 0 0 0 0 1
1685094228.008981228 0.17404280740418268 0.1723061574856371 0 0 0 0 1
