1685094151.153300047 -6.584985818048643e-21 -1.2176750744667169e-19 0 0 0 0 1
1685094151.186633348 0.0012773051642462235 -0.014414763454275984 0 0 0 0 1
1685094151.219966650 0.001496786043713428 -0.03290855947307911 0 0 0 0 1
1685094151.253299952 -0.0010376434260574226 -0.04994638756597776 0 0 0 0 1
1685094151.286633253 0.000145290996989255 -0.06311686310409956 0 0 0 0 1
1685094151.319966555 0.0021147401572688663 -0.07748013057814516 0 0 0 0 1
1685094151.353300095 0.0063545026893741 -0.0887793374938575 0 0 0 0 1
1685094151.386633396 0.01653573004389665 -0.10288777696290677 0 0 0 0 1
1685094151.419966698 0.022804156022706676 -0.11753364631931629 0 0 0 0 1
1685094151.453299999 0.023236493786682078 -0.13036209541578586 0 0 0 0 1
1685094151.486633301 0.03268278820412955 -0.14235943127835482 0 0 0 0 1
1685094151.519966602 0.04630896605284015 -0.15636547961893815 0 0 0 0 1
1685094151.553299904 0.059403052725140224 -0.17150002121115387 0 0 0 0 1
1685094151.586633205 0.0679488447704444 -0.17988996714020375 0 0 0 0 1
1685094151.619966745 0.07565377601821974 -0.1870532457649149 0 0 0 0 1
1685094151.653300047 0.08828725279285903 -0.20235573685460811 0 0 0 0 1
1685094151.686633348 0.10763599271358704 -0.21645551835172624 0 0 0 0 1
1685094151.719966650 0.1220782818788813 -0.22857501465808372 0 0 0 0 1
1685094151.753299952 0.13737118931943038 -0.2387307218406381 0 0 0 0 1
1685094151.786633253 0.1513279354645851 -0.2529537778404494 0 0 0 0 1
1685094151.819966555 0.1678788823877444 -0.26585717236048656 0 0 0 0 1
1685094151.853300095 0.1807661434552398 -0.28026977246065193 0 0 0 0 1
1685094151.886633396 0.1911850640007397 -0.29971086493345456 0 0 0 0 1
1685094151.919966698 0.20000348298480305 -0.3163317849540649 0 0 0 0 1
1685094151.953299999 0.21221907128888168 -0.32823774541466944 0 0 0 0 1
1685094151.986633301 0.22263048338308963 -0.3476051780598664 0 0 0 0 1
1685094152.019966602 0.2290478503193583 -0.3624404005411909 0 0 0 0 1
1685094152.053299904 0.23859119115710758 -0.37554637588282985 0 0 0 0 1
1685094152.086633205 0.24572545077179012 -0.39524831742041566 0 0 0 0 1
1685094152.119966745 0.25494419675963065 -0.4152948221941641 0 0 0 0 1
1685094152.153300047 0.26071779282208535 -0.4254710217273079 0 0 0 0 1
1685094152.186633348 0.2692596898802572 -0.4409787506951715 0 0 0 0 1
1685094152.219966650 0.2804444137778332 -0.45818928859266317 0 0 0 0 1
