1685094163.489279032 7.58051155810303e-18 1.8990909189283054e-17 0 0 0 0 1
1685094163.522612333 0.0004060573925587483 -0.011765910544611555 0 0 0 0 1
1685094163.555945635 0.0013960646272531423 -0.02570201159176131 0 0 0 0 1
1685094163.589278936 0.006214568340869787 -0.03874451628715032 0 0 0 0 1
1685094163.622612238 0.009659158791553523 -0.052092891349155984 0 0 0 0 1
1685094163.655945539 0.011776556813652432 -0.06289272033760444 0 0 0 0 1
1685094163.689279079 0.009222242327789537 -0.07587368145863034 0 0 0 0 1
1685094163.722612381 0.0031785980486216604 -0.09017269155852761 0 0 0 0 1
1685094163.755945683 0.0006434782509300153 -0.0855203070259063 0 0 0 0 1
1685094163.789278984 -0.012559325264268544 -0.09509627951603014 0 0 0 0 1
1685094163.822612286 -0.026541585620310105 -0.10779113954914502 0 0 0 0 1
1685094163.855945587 -0.033870485894638334 -0.12162706149858794 0 0 0 0 1
1685094163.889278889 -0.03306933564922239 -0.12690775488098094 0 0 0 0 1
1685094163.922612429 -0.03473183302032259 -0.12727584584782972 0 0 0 0 1
1685094163.955945730 -0.05036452230650847 -0.12470193039574781 0 0 0 0 1
1685094163.989279032 -0.06884556916023624 -0.12159133471053973 0 0 0 0 1
1685094164.022612333 -0.08509138023245189 -0.12384640984141972 0 0 0 0 1
1685094164.055945635 -0.11087135785948063 -0.11213341280388639 0 0 0 0 1
1685094164.089278936 -0.10095981091157247 -0.1231014353913415 0 0 0 0 1
1685094164.122612238 -0.08612490016929374 -0.13765383285836208 0 0 0 0 1
1685094164.155945539 -0.07853910736489579 -0.1537999458333428 0 0 0 0 1
1685094164.189279079 -0.07135594638495114 -0.15871767784762175 0 0 0 0 1
1685094164.222612381 -0.08047971584825546 -0.1525671757208221 0 0 0 0 1
1685094164.255945683 -0.07920637133520456 -0.16605597139188885 0 0 0 0 1
1685094164.289278984 -0.08060089484170076 -0.18847162061105266 0 0 0 0 1
1685094164.322612286 -0.08326014461532258 -0.2016939042045857 0 0 0 0 1
1685094164.355945587 -0.08130697567572148 -0.21276670744180134 0 0 0 0 1
1685094164.389278889 -0.07819593214975613 -0.22787833071191987 0 0 0 0 1
1685094164.422612429 -0.07187606195045339 -0.24405644863317738 0 0 0 0 1
1685094164.455945730 -0.06885113356107803 -0.2670510500095772 0 0 0 0 1
1685094164.489279032 -0.06335342163935755 -0.2840118365105405 0 0 0 0 1
1685094164.522612333 -0.05614207048190136 -0.30145739320270654 0 0 0 0 1
1685094164.555945635 -0.04880978519305608 -0.3179965518783623 0 0 0 0 1
1685094164.589278936 -0.03877572391959756 -0.3335513733212622 0 0 0 0 1
1685094164.622612238 -0.04176702825817091 -0.3313117333768993 0 0 0 0 1
1685094164.655945539 -0.047098369576467826 -0.3330687240364262 0 0 0 0 1
