1685094169.861491203 -1.1855265884335028e-20 5.435754195669445e-20 0 0 0 0 1
1685094169.894824505 0.0038027463215614147 -0.015486419704586208 0 0 0 0 1
1685094169.928157806 0.006892377891244658 -0.02258699856703214 0 0 0 0 1
1685094169.961491346 0.010478886608167693 -0.034749988614385975 0 0 0 0 1
1685094169.994824648 0.013082600000663845 -0.044464265204115304 0 0 0 0 1
1685094170.028157949 0.0183874429296968 -0.053735532721419545 0 0 0 0 1
1685094170.061491251 0.020867457462312933 -0.06412406204306022 0 0 0 0 1
1685094170.094824553 0.02860440926752247 -0.07054264877685931 0 0 0 0 1
1685094170.128157854 0.0379350134559959 -0.08240754645260885 0 0 0 0 1
1685094170.161491156 0.047269516179087874 -0.08946949038775931 0 0 0 0 1
1685094170.194824457 0.05066836004669602 -0.09686233140631645 0 0 0 0 1
1685094170.228157997 0.06390995314431842 -0.11021203615889912 0 0 0 0 1
1685094170.261491299 0.07355722952131492 -0.12914211696850092 0 0 0 0 1
1685094170.294824600 0.07967045625058784 -0.1324286191872964 0 0 0 0 1
1685094170.328157902 0.08707140068858173 -0.14377740758935847 0 0 0 0 1
1685094170.361491203 0.0897675146949602 -0.14696251479358863 0 0 0 0 1
1685094170.394824505 0.0945692522238971 -0.15687859093975343 0 0 0 0 1
1685094170.428157806 0.09387347381429087 -0.17167707228115592 0 0 0 0 1
1685094170.461491346 0.09434982541874379 -0.1902113812676308 0 0 0 0 1
1685094170.494824648 0.09526392649878436 -0.2002907594052671 0 0 0 0 1
1685094170.528157949 0.09331963015945438 -0.21604266891477225 0 0 0 0 1
1685094170.561491251 0.09150148301809807 -0.23548361549762808 0 0 0 0 1
1685094170.594824553 0.08892202181376314 -0.24143542953273314 0 0 0 0 1
1685094170.628157854 0.09943549224495546 -0.2558836846059343 0 0 0 0 1
1685094170.661491156 0.10709293677737934 -0.269773432930376 0 0 0 0 1
1685094170.694824457 0.109411504575821 -0.2756302809755346 0 0 0 0 1
1685094170.728157997 0.1084269890494622 -0.2851949025565944 0 0 0 0 1
1685094170.761491299 0.10671846028343222 -0.30084772850070934 0 0 0 0 1
1685094170.794824600 0.10234177782392065 -0.308576918167414 0 0 0 0 1
1685094170.828157902 0.09694745968818402 -0.3213382476160343 0 0 0 0 1
1685094170.861491203 0.09436405496744295 -0.3335061603240418 0 0 0 0 1
1685094170.894824505 0.09040553909500187 -0.34877008184673175 0 0 0 0 1
1685094170.928157806 0.09263639309015502 -0.36131175952388467 0 0 0 0 1
1685094170.961491346 0.09082121049607635 -0.3784154497678872 0 0 0 0 1
1685094170.994824648 0.08303796391669825 -0.39259833281594125 0 0 0 0 1
1685094171.028157949 0.07978492268115517 -0.40323986378162907 0 0 0 0 1
1685094171.061491251 0.07526666607631374 -0.41110150026157216 0 0 0 0 1
1685094171.094824553 0.06635884125395916 -0.4160366609478409 0 0 0 0 1
1685094171.128157854 0.056632662193036525 -0.4221651760932304 0 0 0 0 1
