1685093648.360317707 9.735644289472815e-19 -1.2727093448386567e-17 0 0 0 0 1
1685093648.393651009 0.0015314569920376827 -0.006552951272316236 0 0 0 0 1
1685093648.426984310 0.0026845743697397483 -0.01397846415765158 0 0 0 0 1
1685093648.460317850 0.0032084216785586 -0.02139357034744154 0 0 0 0 1
1685093648.493651152 0.0040929418739203485 -0.029175322779223363 0 0 0 0 1
1685093648.526984453 0.004514107063709601 -0.03693084568136343 0 0 0 0 1
1685093648.560317755 0.004744423550389911 -0.04718774996474334 0 0 0 0 1
1685093648.593651056 0.0048121900229152505 -0.05588108166956728 0 0 0 0 1
1685093648.626984358 0.004736546973951125 -0.06535549706207607 0 0 0 0 1
1685093648.660317659 0.0048874007867207156 -0.0754578936245672 0 0 0 0 1
1685093648.693650961 0.007568214567331976 -0.08315947245180981 0 0 0 0 1
1685093648.726984501 0.008020830798569807 -0.09440551321719275 0 0 0 0 1
1685093648.760317802 0.008231385976159687 -0.10624211559977789 0 0 0 0 1
1685093648.793651104 0.00851465938329344 -0.11855608453535903 0 0 0 0 1
1685093648.826984406 0.008672579389040985 -0.12824120146542636 0 0 0 0 1
1685093648.860317707 0.009007383161162357 -0.14110147268682494 0 0 0 0 1
1685093648.893651009 0.0102599257669518 -0.1542970448599424 0 0 0 0 1
1685093648.926984310 0.01146667202451302 -0.1679424358687483 0 0 0 0 1
1685093648.960317850 0.012760444253718752 -0.17718232190535418 0 0 0 0 1
1685093648.993651152 0.015290799153409931 -0.1916730788013344 0 0 0 0 1
1685093649.026984453 0.017773588293166723 -0.20617206115956585 0 0 0 0 1
1685093649.060317755 0.02145442523150994 -0.22313201750282644 0 0 0 0 1
1685093649.093651056 0.02421857054258781 -0.23930934815109287 0 0 0 0 1
1685093649.126984358 0.028461890457405374 -0.25202651093385825 0 0 0 0 1
1685093649.160317659 0.02904910053537361 -0.2690399675650829 0 0 0 0 1
1685093649.193650961 0.029706020147659815 -0.2859706588149438 0 0 0 0 1
1685093649.226984501 0.03175552550897797 -0.3026438030014896 0 0 0 0 1
1685093649.260317802 0.0333770539405525 -0.3196467807040139 0 0 0 0 1
1685093649.293651104 0.035020350296234036 -0.33692795402754755 0 0 0 0 1
1685093649.326984406 0.03819365192778448 -0.35157535236620385 0 0 0 0 1
1685093649.360317707 0.04156366796803072 -0.3684292557260159 0 0 0 0 1
1685093649.393651009 0.04264253563225675 -0.3899041030787175 0 0 0 0 1
1685093649.426984310 0.043199728005491204 -0.41069307057130255 0 0 0 0 1
1685093649.460317850 0.043597473575852995 -0.43139780325320226 0 0 0 0 1
1685093649.493651152 0.04400320566434701 -0.45221247346751176 0 0 0 0 1
1685093649.526984453 0.04442257636954228 -0.47302687335964766 0 0 0 0 1
1685093649.560317755 0.045279884961976886 -0.4942701639143178 0 0 0 0 1
1685093649.593651056 0.04618573178286587 -0.5155645025740613 0 0 0 0 1
1685093649.626984358 0.04706397294304204 -0.5370681910964276 0 0 0 0 1
1685093649.660317659 0.04666075876208122 -0.5540554898165363 0 0 0 0 1
1685093649.693650961 0.054021526200194875 -0.5739582354119301 0 0 0 0 1
1685093649.726984501 0.06147781173994408 -0.5945089041838016 0 0 0 0 1
1685093649.760317802 0.06874256931245738 -0.6136535813158613 0 0 0 0 1
1685093649.793651104 0.07702888353234048 -0.6335901599378763 0 0 0 0 1
1685093649.826984406 0.08741797521486247 -0.6581186253045943 0 0 0 0 1
1685093649.860317707 0.09582005365326787 -0.6779746090493768 0 0 0 0 1
1685093649.893651009 0.10460888116171492 -0.6984474415746937 0 0 0 0 1
1685093649.926984310 0.12312335923515814 -0.7249247424933697 0 0 0 0 1
1685093649.960317850 0.14224789675041785 -0.7421735342351619 0 0 0 0 1
1685093649.993651152 0.16139858405929292 -0.759393288220687 0 0 0 0 1
1685093650.026984453 0.18057537707232935 -0.7765839648059601 0 0 0 0 1
1685093650.060317755 0.20855685045912084 -0.7717937143554255 0 0 0 0 1
1685093650.093651056 0.18467658918310695 -0.7871443649495822 0 0 0 0 1
1685093650.126984358 0.20065267925337624 -0.7636779229878955 0 0 0 0 1
1685093650.160317659 0.17903632084166476 -0.7744303038988348 0 0 0 0 1
1685093650.193650961 0.15741108672599657 -0.7851648227832585 0 0 0 0 1
1685093650.226984501 0.1357769916661162 -0.7958814723145983 0 0 0 0 1
1685093650.260317802 0.11435420809235622 -0.8068130769272036 0 0 0 0 1
1685093650.293651104 0.09348526197599064 -0.818031478924625 0 0 0 0 1
1685093650.326984406 0.07258028331522694 -0.8294138883953455 0 0 0 0 1
1685093650.360317707 0.05170856890359001 -0.8410182327955746 0 0 0 0 1
1685093650.393651009 0.03480962584265466 -0.8530073253787199 0 0 0 0 1
1685093650.426984310 0.02031549221586275 -0.8726904196843087 0 0 0 0 1
1685093650.460317850 0.005593953762275325 -0.8925014362812194 0 0 0 0 1
1685093650.493651152 -0.009778002101493759 -0.9127127489187883 0 0 0 0 1
1685093650.526984453 -0.025976589887935008 -0.9335081678639179 0 0 0 0 1
1685093650.560317755 -0.04228587647137429 -0.954216882612008 0 0 0 0 1
1685093650.593651056 -0.058705397769557535 -0.9748383038946697 0 0 0 0 1
1685093650.626984358 -0.07523468656349182 -0.9953718449274588 0 0 0 0 1
1685093650.660317659 -0.09187327251073993 -1.015816921426571 0 0 0 0 1
1685093650.693650961 -0.10883807566170427 -1.0375904540966112 0 0 0 0 1
1685093650.726984501 -0.1255441500281488 -1.0590508293754497 0 0 0 0 1
1685093650.760317802 -0.14220869233675992 -1.0805434713138038 0 0 0 0 1
1685093650.793651104 -0.15883164026680846 -1.1020682995352014 0 0 0 0 1
1685093650.826984406 -0.1729938992859974 -1.1206430880855958 0 0 0 0 1
1685093650.860317707 -0.18691756994179382 -1.1393973874776657 0 0 0 0 1
1685093650.893651009 -0.20060037713807266 -1.1583281333015347 0 0 0 0 1
1685093650.926984310 -0.2111943584793643 -1.1742026825997252 0 0 0 0 1
1685093650.960317850 -0.22046608181974886 -1.2001867498137808 0 0 0 0 1
1685093650.993651152 -0.22813140577978522 -1.2185952383705714 0 0 0 0 1
1685093651.026984453 -0.2414670471576634 -1.2398808876141012 0 0 0 0 1
1685093651.060317755 -0.25661522620920907 -1.2630113288538476 0 0 0 0 1
1685093651.093651056 -0.26711341460470384 -1.2805478050127692 0 0 0 0 1
1685093651.126984358 -0.2764813222362398 -1.2987132189157542 0 0 0 0 1
1685093651.160317659 -0.2906551833070231 -1.3248051276946675 0 0 0 0 1
1685093651.193650961 -0.30800542182981094 -1.3489019172024708 0 0 0 0 1
1685093651.226984501 -0.3282551640998521 -1.3706190528187974 0 0 0 0 1
1685093651.260317802 -0.3510812663658261 -1.3896099742478463 0 0 0 0 1
1685093651.293651104 -0.35235920551286487 -1.380161054705496 0 0 0 0 1
1685093651.326984406 -0.3440819896490437 -1.3754278838312257 0 0 0 0 1
1685093651.360317707 -0.33658660287601333 -1.381321472390331 0 0 0 0 1
1685093651.393651009 -0.3392336436345121 -1.390481624365281 0 0 0 0 1
1685093651.426984310 -0.34871736048743873 -1.3914687026979637 0 0 0 0 1
1685093651.460317850 -0.3531940330406266 -1.3830499966315382 0 0 0 0 1
1685093651.493651152 -0.34707297793243175 -1.3757391900177791 0 0 0 0 1
1685093651.526984453 -0.3513648843631455 -1.3486831931946746 0 0 0 0 1
1685093651.560317755 -0.35551866921596986 -1.3212987237462455 0 0 0 0 1
1685093651.593651056 -0.3598204951203322 -1.2938428764206042 0 0 0 0 1
1685093651.626984358 -0.36380371182400817 -1.266526963921597 0 0 0 0 1
1685093651.660317659 -0.3679578938313045 -1.239298692044615 0 0 0 0 1
1685093651.693650961 -0.3712342898855094 -1.2142995663051712 0 0 0 0 1
1685093651.726984501 -0.3755583843721426 -1.187087721821538 0 0 0 0 1
1685093651.760317802 -0.3801209410355192 -1.160086406443326 0 0 0 0 1
1685093651.793651104 -0.3845416630290969 -1.1331377154971802 0 0 0 0 1
1685093651.826984406 -0.38892934208313157 -1.1061836249138532 0 0 0 0 1
1685093651.860317707 -0.3951901742510494 -1.0981864948508577 0 0 0 0 1
1685093651.893651009 -0.4188409357860067 -1.0853523980880508 0 0 0 0 1
1685093651.926984310 -0.43958152779876014 -1.0761522409644744 0 0 0 0 1
1685093651.960317850 -0.4485036035663304 -1.0891966243719335 0 0 0 0 1
1685093651.993651152 -0.4577247219375456 -1.1020313565649753 0 0 0 0 1
1685093652.026984453 -0.4672399585175161 -1.114649583354436 0 0 0 0 1
1685093652.060317755 -0.49123808911209066 -1.1025019863363412 0 0 0 0 1
1685093652.093651056 -0.5156702881102591 -1.0901449401447525 0 0 0 0 1
1685093652.126984358 -0.5405299981766687 -1.0774871902727643 0 0 0 0 1
1685093652.160317659 -0.562437211772314 -1.0704813186480335 0 0 0 0 1
1685093652.193650961 -0.5890483351052647 -1.0643733771778154 0 0 0 0 1
1685093652.226984501 -0.6160200916829189 -1.0588472601302537 0 0 0 0 1
1685093652.260317802 -0.6429295058626379 -1.0537245115582794 0 0 0 0 1
1685093652.293651104 -0.6692933569467928 -1.0489810311321592 0 0 0 0 1
1685093652.326984406 -0.6957537004500277 -1.0442761450806959 0 0 0 0 1
1685093652.360317707 -0.7225250513419179 -1.039575062821515 0 0 0 0 1
1685093652.393651009 -0.7441386889613635 -1.031696742057771 0 0 0 0 1
1685093652.426984310 -0.7706437848958236 -1.027274547012159 0 0 0 0 1
1685093652.460317850 -0.7966739063160225 -1.022688036199773 0 0 0 0 1
1685093652.493651152 -0.8034873809859233 -1.011652550598202 0 0 0 0 1
1685093652.526984453 -0.7998320472992243 -0.9992089210963749 0 0 0 0 1
1685093652.560317755 -0.7919198756137876 -0.9741093273999365 0 0 0 0 1
1685093652.593651056 -0.7838820620765414 -0.9487478526293771 0 0 0 0 1
1685093652.626984358 -0.7764117275777886 -0.9230356140116325 0 0 0 0 1
1685093652.660317659 -0.7689835785807547 -0.9009260784011804 0 0 0 0 1
1685093652.693650961 -0.7585866916073604 -0.8800475319073643 0 0 0 0 1
1685093652.726984501 -0.7454184654934739 -0.8607963817223608 0 0 0 0 1
1685093652.760317802 -0.7238538665015146 -0.8340323043199345 0 0 0 0 1
1685093652.793651104 -0.7065554619925332 -0.8127265529960533 0 0 0 0 1
1685093652.826984406 -0.6946381534523292 -0.7965631961062247 0 0 0 0 1
1685093652.860317707 -0.6797917443726296 -0.7746641055772163 0 0 0 0 1
1685093652.893651009 -0.6651081741896054 -0.7526367856759941 0 0 0 0 1
1685093652.926984310 -0.6499060778587328 -0.7303958105341024 0 0 0 0 1
1685093652.960317850 -0.6342379164897929 -0.7079408307612326 0 0 0 0 1
1685093652.993651152 -0.6237249266495284 -0.6884934673329498 0 0 0 0 1
1685093653.026984453 -0.6171559476091244 -0.6834670820471701 0 0 0 0 1
1685093653.060317755 -0.6057430366441906 -0.7078333651046728 0 0 0 0 1
1685093653.093651056 -0.594470562115542 -0.7319440789020663 0 0 0 0 1
1685093653.126984358 -0.588504062878913 -0.7449806268365295 0 0 0 0 1
1685093653.160317659 -0.5721759971881558 -0.7654895421341216 0 0 0 0 1
1685093653.193650961 -0.5553500846653957 -0.7863029052430882 0 0 0 0 1
1685093653.226984501 -0.5385762975797874 -0.8070335399887119 0 0 0 0 1
1685093653.260317802 -0.5221311788142501 -0.8274621083834246 0 0 0 0 1
1685093653.293651104 -0.505425447091998 -0.8478746733230341 0 0 0 0 1
1685093653.326984406 -0.4844687328907257 -0.8729229381463544 0 0 0 0 1
1685093653.360317707 -0.46943025284325474 -0.8890146710658086 0 0 0 0 1
1685093653.393651009 -0.453512717016757 -0.901422987686943 0 0 0 0 1
1685093653.426984310 -0.45869986183368583 -0.8748027587716427 0 0 0 0 1
1685093653.460317850 -0.4638301561751421 -0.8481837779325143 0 0 0 0 1
1685093653.493651152 -0.4690855948032722 -0.8206214022291066 0 0 0 0 1
1685093653.526984453 -0.4745069955275056 -0.793051102105337 0 0 0 0 1
1685093653.560317755 -0.4786534309250643 -0.7679095379033444 0 0 0 0 1
1685093653.593651056 -0.48761036378769756 -0.7410156056741699 0 0 0 0 1
1685093653.626984358 -0.4965861223478979 -0.7142953294290177 0 0 0 0 1
1685093653.660317659 -0.5059216138861359 -0.6922764949979343 0 0 0 0 1
1685093653.693650961 -0.5192016788682122 -0.6679818020244482 0 0 0 0 1
1685093653.726984501 -0.5325148774572647 -0.6437052500466124 0 0 0 0 1
1685093653.760317802 -0.5458611848721601 -0.6194468842527007 0 0 0 0 1
1685093653.793651104 -0.5592405762701366 -0.5952067497971356 0 0 0 0 1
1685093653.826984406 -0.57265302674685 -0.570984891800404 0 0 0 0 1
1685093653.860317707 -0.5867846377800925 -0.5459308132829669 0 0 0 0 1
1685093653.893651009 -0.6009066381877988 -0.5208713163758558 0 0 0 0 1
1685093653.926984310 -0.61441401467812 -0.4954116700521567 0 0 0 0 1
1685093653.960317850 -0.628178859353388 -0.4700902984138573 0 0 0 0 1
1685093653.993651152 -0.6421997568615468 -0.4449098050977043 0 0 0 0 1
1685093654.026984453 -0.6565714068516705 -0.4201115405722703 0 0 0 0 1
1685093654.060317755 -0.6623007446527676 -0.4054209694651233 0 0 0 0 1
1685093654.093651056 -0.6628549069592803 -0.37715929546478844 0 0 0 0 1
1685093654.126984358 -0.6634572019234455 -0.3494160987758914 0 0 0 0 1
1685093654.160317659 -0.6644247532658706 -0.3215371061379852 0 0 0 0 1
1685093654.193650961 -0.6654369537596145 -0.29344702357110636 0 0 0 0 1
1685093654.226984501 -0.6664681366851876 -0.26542452839325653 0 0 0 0 1
1685093654.260317802 -0.6682329804130859 -0.22995946963077687 0 0 0 0 1
1685093654.293651104 -0.6700160889897477 -0.20106475319372927 0 0 0 0 1
1685093654.326984406 -0.6717351788662319 -0.1719044186333462 0 0 0 0 1
1685093654.360317707 -0.6767541542092509 -0.18540588537874028 0 0 0 0 1
1685093654.393651009 -0.6480573418183706 -0.18860233415920996 0 0 0 0 1
1685093654.426984310 -0.6193976334203747 -0.1921112436351113 0 0 0 0 1
1685093654.460317850 -0.5907242718897414 -0.19550678036762154 0 0 0 0 1
1685093654.493651152 -0.5855087444262527 -0.1966352801381348 0 0 0 0 1
1685093654.526984453 -0.5829200040024989 -0.20130150575129113 0 0 0 0 1
1685093654.560317755 -0.5899553605761546 -0.22875232703103474 0 0 0 0 1
1685093654.593651056 -0.5939751965443034 -0.24461239585265282 0 0 0 0 1
1685093654.626984358 -0.6001479199616363 -0.26763473008615435 0 0 0 0 1
1685093654.660317659 -0.6098608390087102 -0.2932018545867372 0 0 0 0 1
1685093654.693650961 -0.6195643942891121 -0.31884076697772407 0 0 0 0 1
1685093654.726984501 -0.6294340556174456 -0.34388311476852135 0 0 0 0 1
1685093654.760317802 -0.6394440859676165 -0.3687381850976387 0 0 0 0 1
1685093654.793651104 -0.6492164457022012 -0.3931567595490654 0 0 0 0 1
1685093654.826984406 -0.6587238022649936 -0.4176358973328528 0 0 0 0 1
1685093654.860317707 -0.6681224554231632 -0.4420528965136831 0 0 0 0 1
1685093654.893651009 -0.6770536532526337 -0.46552998366412784 0 0 0 0 1
1685093654.926984310 -0.6854670733715897 -0.48884003804219006 0 0 0 0 1
1685093654.960317850 -0.6930287717778717 -0.5111548872119076 0 0 0 0 1
1685093654.993651152 -0.7010067112183513 -0.5333543004362403 0 0 0 0 1
1685093655.026984453 -0.7084807205787765 -0.5560387311582566 0 0 0 0 1
