1685094210.649278641 -3.3555769010848217e-21 -4.862805674086421e-19 0 0 0 0 1
1685094210.682611942 9.713881262923242e-06 -0.016917815594702026 0 0 0 0 1
1685094210.715945244 -6.085827691313322e-05 -0.034273892861395205 0 0 0 0 1
1685094210.749278545 -0.0006345418851011509 -0.05100145579636568 0 0 0 0 1
1685094210.782612085 -0.0005557381862775186 -0.07015159083132966 0 0 0 0 1
1685094210.815945387 -0.0010586474287002557 -0.0893032538697281 0 0 0 0 1
1685094210.849278688 -0.0014763497612237987 -0.10939657782216493 0 0 0 0 1
1685094210.882611990 -0.0019154571665816916 -0.1299725081792695 0 0 0 0 1
1685094210.915945292 -0.002296936893226004 -0.15093041317957803 0 0 0 0 1
1685094210.949278593 -0.0023729086649618004 -0.1722036403880862 0 0 0 0 1
1685094210.982611895 -0.00237832747437067 -0.19383276663041862 0 0 0 0 1
1685094211.015945196 -0.002311397122070587 -0.2159992977581442 0 0 0 0 1
1685094211.049278736 -0.002147490772136836 -0.23885652813862449 0 0 0 0 1
1685094211.082612038 -0.0017979941859531834 -0.2624148430076947 0 0 0 0 1
1685094211.115945339 -0.0007371886547423775 -0.2860422792559487 0 0 0 0 1
1685094211.149278641 -0.0015871379311735393 -0.3102752785110957 0 0 0 0 1
1685094211.182611942 -0.0024612343502007673 -0.3344685061846081 0 0 0 0 1
1685094211.215945244 -0.0033646768637838977 -0.3589594855908292 0 0 0 0 1
1685094211.249278545 -0.004273500624232288 -0.3840064212483331 0 0 0 0 1
1685094211.282612085 -0.005496087291209347 -0.4093974797028135 0 0 0 0 1
1685094211.315945387 -0.007771571787839149 -0.4352579701442079 0 0 0 0 1
1685094211.349278688 -0.009257245932566592 -0.4607993290350966 0 0 0 0 1
1685094211.382611990 -0.011159158817387391 -0.4865596234725632 0 0 0 0 1
1685094211.415945292 -0.013146998087385876 -0.5125582146427182 0 0 0 0 1
1685094211.449278593 -0.015137436475016025 -0.5388376653519351 0 0 0 0 1
1685094211.482611895 -0.017102304646617526 -0.5652527512345454 0 0 0 0 1
1685094211.515945196 -0.019095810677190295 -0.5917513611135512 0 0 0 0 1
1685094211.549278736 -0.0209308957802688 -0.618313721634521 0 0 0 0 1
1685094211.582612038 -0.0227614335841882 -0.6451527731022166 0 0 0 0 1
1685094211.615945339 -0.024441715284012514 -0.6725678887281984 0 0 0 0 1
1685094211.649278641 -0.02615695282700686 -0.7002689971285464 0 0 0 0 1
1685094211.682611942 -0.02758202932797323 -0.728312334160306 0 0 0 0 1
1685094211.715945244 -0.029065416468556645 -0.7569401405445528 0 0 0 0 1
1685094211.749278545 -0.02983818769395744 -0.7852173698839082 0 0 0 0 1
1685094211.782612085 -0.03022736786810173 -0.8135080216484148 0 0 0 0 1
1685094211.815945387 -0.028938673086907875 -0.8383931734406258 0 0 0 0 1
1685094211.849278688 -0.027194434333728805 -0.866376208446161 0 0 0 0 1
1685094211.882611990 -0.02508991550663684 -0.8934511171090501 0 0 0 0 1
1685094211.915945292 -0.02338125511384118 -0.9214742113928909 0 0 0 0 1
1685094211.949278593 -0.02139890900420204 -0.9497726130474942 0 0 0 0 1
1685094211.982611895 -0.01938024490241153 -0.9781961949254954 0 0 0 0 1
1685094212.015945196 -0.017501024344930702 -1.006363663385447 0 0 0 0 1
1685094212.049278736 -0.01579594233718601 -1.0342646955772803 0 0 0 0 1
1685094212.082612038 -0.014018633226957308 -1.0623604136159972 0 0 0 0 1
1685094212.115945339 -0.011602383716565797 -1.0899498869113688 0 0 0 0 1
1685094212.149278641 -0.01076361646318676 -1.1186103591471976 0 0 0 0 1
1685094212.182611942 -0.00997282258494418 -1.1473045493860359 0 0 0 0 1
1685094212.215945244 -0.009315370205402887 -1.176233656064448 0 0 0 0 1
1685094212.249278545 -0.008326106663030039 -1.205318052583414 0 0 0 0 1
1685094212.282612085 -0.007123540938613982 -1.2347401549557768 0 0 0 0 1
1685094212.315945387 -0.006016470253164248 -1.2640601536456995 0 0 0 0 1
1685094212.349278688 -0.004774491605844067 -1.29343831487704 0 0 0 0 1
1685094212.382611990 -0.003630312289864063 -1.3228450850692954 0 0 0 0 1
1685094212.415945292 -0.002161422787810637 -1.3503346311068463 0 0 0 0 1
1685094212.449278593 -0.00040977077301605156 -1.3794633903250104 0 0 0 0 1
1685094212.482611895 0.0017951335962704729 -1.4089402135868665 0 0 0 0 1
1685094212.515945196 0.003691784861203986 -1.4385854263316065 0 0 0 0 1
1685094212.549278736 0.005364295259578055 -1.4677425670719615 0 0 0 0 1
1685094212.582612038 0.006541571346314539 -1.4957047002978927 0 0 0 0 1
1685094212.615945339 0.0071871565473753465 -1.5246373466891086 0 0 0 0 1
1685094212.649278641 0.007591220617298945 -1.5534358896296754 0 0 0 0 1
1685094212.682611942 0.008316559334629525 -1.5822312902562197 0 0 0 0 1
1685094212.715945244 0.008682333388771397 -1.6107509427112106 0 0 0 0 1
1685094212.749278545 0.009843312408801224 -1.6372204395316017 0 0 0 0 1
1685094212.782612085 0.012368532317629924 -1.6659843707652964 0 0 0 0 1
1685094212.815945387 0.014572858808443072 -1.6947998626098366 0 0 0 0 1
1685094212.849278688 0.016549351286683254 -1.7236843862658804 0 0 0 0 1
1685094212.882611990 0.018838321183961098 -1.75299997887534 0 0 0 0 1
1685094212.915945292 0.020196409724464973 -1.780445148039299 0 0 0 0 1
1685094212.949278593 0.02331057472958186 -1.8094713425528026 0 0 0 0 1
1685094212.982611895 0.026311559714429444 -1.838110082631367 0 0 0 0 1
1685094213.015945196 0.030999496964565533 -1.8817103080619422 0 0 0 0 1
1685094213.049278736 0.03418560480789551 -1.9111404254785034 0 0 0 0 1
1685094213.082612038 0.03706078831877577 -1.940271314414719 0 0 0 0 1
1685094213.115945339 0.03999593490243625 -1.969175488680679 0 0 0 0 1
1685094213.149278641 0.042998074551399715 -1.9980485934436532 0 0 0 0 1
1685094213.182611942 0.046182091811766385 -2.0269873840571115 0 0 0 0 1
1685094213.215945244 0.0492996412188163 -2.05611026813494 0 0 0 0 1
1685094213.249278545 0.05265326609754651 -2.0854818933845345 0 0 0 0 1
1685094213.282612085 0.05590744712738329 -2.1152144976736573 0 0 0 0 1
1685094213.315945387 0.05912087356943536 -2.145096046768677 0 0 0 0 1
1685094213.349278688 0.06326043129721501 -2.182486266828559 0 0 0 0 1
1685094213.382611990 0.06682177523717722 -2.2123520823622873 0 0 0 0 1
1685094213.415945292 0.06968636270165014 -2.241718184781139 0 0 0 0 1
1685094213.449278593 0.07289330364086238 -2.2715591760254568 0 0 0 0 1
1685094213.482611895 0.07338636116428358 -2.3009250408809527 0 0 0 0 1
1685094213.515945196 0.0746588827506197 -2.330696915950401 0 0 0 0 1
1685094213.549278736 0.07605836511170075 -2.3602732000093196 0 0 0 0 1
1685094213.582612038 0.07728791335267614 -2.389455263364731 0 0 0 0 1
1685094213.615945339 0.07862251817246481 -2.4266074816204464 0 0 0 0 1
1685094213.649278641 0.07980908824425752 -2.456767779036113 0 0 0 0 1
1685094213.682611942 0.08101678746866212 -2.486724265782566 0 0 0 0 1
1685094213.715945244 0.08197895270061706 -2.5164051212814913 0 0 0 0 1
1685094213.749278545 0.08269936821319776 -2.545773204199878 0 0 0 0 1
1685094213.782612085 0.08322126082863945 -2.5751681550579084 0 0 0 0 1
1685094213.815945387 0.08380065397642386 -2.604622742180935 0 0 0 0 1
1685094213.849278688 0.08474251493875783 -2.630691722602409 0 0 0 0 1
1685094213.882611990 0.08764260791163633 -2.659902114147885 0 0 0 0 1
1685094213.915945292 0.09041086497400012 -2.689108555474317 0 0 0 0 1
1685094213.949278593 0.09333355673218721 -2.718341154670978 0 0 0 0 1
1685094213.982611895 0.09399866054585526 -2.74505140521194 0 0 0 0 1
1685094214.015945196 0.09429896379162923 -2.7739989805247944 0 0 0 0 1
1685094214.049278736 0.09441688638634996 -2.803196440383674 0 0 0 0 1
1685094214.082612038 0.09447249757689036 -2.832082917668439 0 0 0 0 1
1685094214.115945339 0.0925618936353959 -2.8590819763626607 0 0 0 0 1
1685094214.149278641 0.09055223662375952 -2.8873920447303867 0 0 0 0 1
