1685093671.902878761 3.749223594303836e-21 5.762127620251403e-21 0 0 0 0 1
1685093671.936212063 0.0002928943814477502 -0.010919981334741853 0 0 0 0 1
1685093671.969545364 0.0006237182735607742 -0.022516215270358183 0 0 0 0 1
1685093672.002878666 0.0011827587732821197 -0.034816095205604115 0 0 0 0 1
1685093672.036211967 0.0023134160107347473 -0.04609973559991889 0 0 0 0 1
1685093672.069545269 0.0031259377879052164 -0.05929266411378548 0 0 0 0 1
1685093672.102878571 0.0038440397007480664 -0.07291197739517 0 0 0 0 1
1685093672.136212111 0.004491710775622232 -0.08684048674565198 0 0 0 0 1
1685093672.169545412 0.0049900582905298835 -0.10125821488542884 0 0 0 0 1
1685093672.202878714 0.0054470627782557905 -0.11625200522942052 0 0 0 0 1
1685093672.236212015 0.0058498829268014765 -0.13182885294952862 0 0 0 0 1
1685093672.269545317 0.0059328882058706294 -0.14783249915904131 0 0 0 0 1
1685093672.302878618 0.005935576682595547 -0.16423317068390722 0 0 0 0 1
1685093672.336211920 0.00588917591402458 -0.18115476013328471 0 0 0 0 1
1685093672.369545460 0.005836758963663648 -0.19823709184812724 0 0 0 0 1
1685093672.402878761 0.005702588248083772 -0.21543202502792927 0 0 0 0 1
1685093672.436212063 0.005730217569954869 -0.23285161887415243 0 0 0 0 1
1685093672.469545364 0.005834945579004782 -0.2504759293528001 0 0 0 0 1
1685093672.502878666 0.006068682931619278 -0.2687334770720094 0 0 0 0 1
1685093672.536211967 0.0065296893530698156 -0.28726810211019776 0 0 0 0 1
1685093672.569545269 0.007083495305246787 -0.30627210098940405 0 0 0 0 1
1685093672.602878571 0.007824155521796152 -0.3256847236955859 0 0 0 0 1
1685093672.636212111 0.00877489360929797 -0.3451581966723748 0 0 0 0 1
1685093672.669545412 0.009904618019220247 -0.3649941623168202 0 0 0 0 1
1685093672.702878714 0.011060021473769076 -0.38476354234727744 0 0 0 0 1
1685093672.736212015 0.01225822527066504 -0.40446365581695165 0 0 0 0 1
1685093672.769545317 0.013324409238112771 -0.42438740876005737 0 0 0 0 1
1685093672.802878618 0.014332805547206107 -0.44463794327200723 0 0 0 0 1
1685093672.836211920 0.015531431893843048 -0.4653442641448658 0 0 0 0 1
1685093672.869545460 0.016601166439251417 -0.4866882612394201 0 0 0 0 1
1685093672.902878761 0.017424260358599775 -0.5084331379855332 0 0 0 0 1
1685093672.936212063 0.018192070081096724 -0.5306466604460571 0 0 0 0 1
1685093672.969545364 0.018781001322498585 -0.5532474894200898 0 0 0 0 1
1685093673.002878666 0.01910204159083296 -0.5763848928991621 0 0 0 0 1
1685093673.036211967 0.019254056524695574 -0.5995962996820488 0 0 0 0 1
1685093673.069545269 0.0194362660037633 -0.622850658565139 0 0 0 0 1
1685093673.102878571 0.019677529189872568 -0.6459057496699627 0 0 0 0 1
1685093673.136212111 0.020006054741681944 -0.6689484399072673 0 0 0 0 1
1685093673.169545412 0.020714043784529967 -0.6919857018664662 0 0 0 0 1
1685093673.202878714 0.02136755983106105 -0.7152507400820429 0 0 0 0 1
1685093673.236212015 0.022127581016416265 -0.7381522266441288 0 0 0 0 1
1685093673.269545317 0.022922834900386425 -0.7606729964240341 0 0 0 0 1
1685093673.302878618 0.023963299394243475 -0.7831121591391238 0 0 0 0 1
1685093673.336211920 0.025223924002383147 -0.8054686275371642 0 0 0 0 1
1685093673.369545460 0.026542024922303162 -0.8281716804180965 0 0 0 0 1
1685093673.402878761 0.027778711904895958 -0.8507841503121804 0 0 0 0 1
1685093673.436212063 0.029209197745526685 -0.8736599545744786 0 0 0 0 1
1685093673.469545364 0.0305616409283536 -0.8967654408420538 0 0 0 0 1
1685093673.502878666 0.031876900126093795 -0.9202642138470927 0 0 0 0 1
1685093673.536211967 0.033078576771483244 -0.9439308604637078 0 0 0 0 1
1685093673.569545269 0.03413893918759324 -0.968142138282068 0 0 0 0 1
1685093673.602878571 0.034911863122833786 -0.9924764030821447 0 0 0 0 1
1685093673.636212111 0.03563339256914395 -1.0165823339323934 0 0 0 0 1
1685093673.669545412 0.036497167515284486 -1.0405300782637639 0 0 0 0 1
1685093673.702878714 0.037670448029780576 -1.064522714938178 0 0 0 0 1
1685093673.736212015 0.03888317069547366 -1.0878833002575998 0 0 0 0 1
1685093673.769545317 0.040196692170399735 -1.1163855077819043 0 0 0 0 1
1685093673.802878618 0.04149363236012366 -1.1391103164015304 0 0 0 0 1
1685093673.836211920 0.04278783915688787 -1.1620696436573221 0 0 0 0 1
1685093673.869545460 0.04396877117193397 -1.1850519728235342 0 0 0 0 1
1685093673.902878761 0.04515660983162717 -1.2078270356109402 0 0 0 0 1
1685093673.936212063 0.046400190123849556 -1.2304477964181757 0 0 0 0 1
1685093673.969545364 0.047667567933126063 -1.2529498264026235 0 0 0 0 1
1685093674.002878666 0.0489354657392009 -1.2754155288510876 0 0 0 0 1
1685093674.036211967 0.05035399941652143 -1.297805834452679 0 0 0 0 1
1685093674.069545269 0.051910135109662275 -1.3255254134939263 0 0 0 0 1
1685093674.102878571 0.052926242887739776 -1.3474617171356489 0 0 0 0 1
1685093674.136212111 0.053976594127654945 -1.3688748087000224 0 0 0 0 1
1685093674.169545412 0.05502269515824557 -1.3901319812421002 0 0 0 0 1
1685093674.202878714 0.0558534070571041 -1.4107934495633367 0 0 0 0 1
1685093674.236212015 0.05654974542461412 -1.4304710989018892 0 0 0 0 1
1685093674.269545317 0.05721348921530864 -1.4492250512775111 0 0 0 0 1
