1685094409.816522121 -1.2471714988848606e-19 1.3953503292641436e-20 0 0 0 0 1
1685094409.849855423 2.0110973929402606e-05 -0.014958878238824996 0 0 0 0 1
1685094409.883188725 -0.0002818627126120776 -0.0326307383122394 0 0 0 0 1
1685094409.916522026 0.005681033145949778 -0.03343541766798868 0 0 0 0 1
1685094409.949855328 -0.008478127696335772 -0.04429267635445185 0 0 0 0 1
1685094409.983188868 -0.023094811900227066 -0.055514056064277666 0 0 0 0 1
1685094410.016522169 -0.033285411085369296 -0.06740961904864137 0 0 0 0 1
1685094410.049855471 -0.046707481442599376 -0.08069579204333992 0 0 0 0 1
1685094410.083188772 -0.05993066704956141 -0.09204919819066971 0 0 0 0 1
1685094410.116522074 -0.07135870922793669 -0.08121819905953223 0 0 0 0 1
1685094410.149855375 -0.06985218133252138 -0.09329347779522332 0 0 0 0 1
1685094410.183188677 -0.08042353996706418 -0.10990847381632342 0 0 0 0 1
1685094410.216521978 -0.06439308938523292 -0.10997247268555167 0 0 0 0 1
1685094410.249855518 -0.07936338231123133 -0.09664688742102975 0 0 0 0 1
1685094410.283188820 -0.09413699450705429 -0.08297055340964524 0 0 0 0 1
1685094410.316522121 -0.10947187308329191 -0.06873953488908974 0 0 0 0 1
1685094410.349855423 -0.12489718608470822 -0.0546065908260616 0 0 0 0 1
1685094410.383188725 -0.12001856281922442 -0.04918459180447069 0 0 0 0 1
1685094410.416522026 -0.1391635163372231 -0.02224185740158468 0 0 0 0 1
1685094410.449855328 -0.1590573834004741 -0.010115168793536737 0 0 0 0 1
1685094410.483188868 -0.17910809521733445 0.0020599007257010252 0 0 0 0 1
1685094410.516522169 -0.1992392330835075 0.013965695655684375 0 0 0 0 1
1685094410.549855471 -0.18990572833073335 0.006860074947110858 0 0 0 0 1
1685094410.583188772 -0.18298094537069415 0.028487412210007813 0 0 0 0 1
1685094410.616522074 -0.15430359191928517 0.03800267727532795 0 0 0 0 1
1685094410.649855375 -0.1331273588128061 0.029526555775275517 0 0 0 0 1
1685094410.683188677 -0.12831718180591045 0.03390746275859944 0 0 0 0 1
1685094410.716521978 -0.10868197861052843 0.028231425938017307 0 0 0 0 1
1685094410.749855518 -0.09131548930202289 0.025027246822398735 0 0 0 0 1
1685094410.783188820 -0.06700921430928243 0.0221333073806521 0 0 0 0 1
1685094410.816522121 -0.04171627289198283 0.01921233867154643 0 0 0 0 1
1685094410.849855423 -0.015875944471291255 0.016086000645759352 0 0 0 0 1
1685094410.883188725 -0.0018406051161666429 0.017407885980880652 0 0 0 0 1
1685094410.916522026 0.022571904799318875 0.007619355712473311 0 0 0 0 1
1685094410.949855328 0.047323250036747797 -0.002358230445425152 0 0 0 0 1
1685094410.983188868 0.07280834396253925 -0.01304531612581356 0 0 0 0 1
1685094411.016522169 0.09809654073673585 -0.024439665821673978 0 0 0 0 1
1685094411.049855471 0.12348963424871305 -0.03559829042213538 0 0 0 0 1
1685094411.083188772 0.14898542723304192 -0.046520224370950825 0 0 0 0 1
1685094411.116522074 0.17744900738286384 -0.05832419994395756 0 0 0 0 1
1685094411.149855375 0.18716768344557164 -0.05054660423450879 0 0 0 0 1
1685094411.183188677 0.19321152581119747 -0.07686606838919874 0 0 0 0 1
1685094411.216521978 0.1989826985373186 -0.10401733479364349 0 0 0 0 1
1685094411.249855518 0.20495723938620214 -0.13197913843488146 0 0 0 0 1
1685094411.283188820 0.21130589518951642 -0.16030770387542442 0 0 0 0 1
1685094411.316522121 0.21753003356938086 -0.18866388753713004 0 0 0 0 1
1685094411.349855423 0.22362953439207445 -0.21704714210988899 0 0 0 0 1
1685094411.383188725 0.22957074816983264 -0.24550597481768927 0 0 0 0 1
1685094411.416522026 0.23137588995635386 -0.2800931869152555 0 0 0 0 1
1685094411.449855328 0.2297383698037738 -0.30939632951598056 0 0 0 0 1
1685094411.483188868 0.22811961036475814 -0.33848518108594056 0 0 0 0 1
1685094411.516522169 0.22200015085001173 -0.3306603830204434 0 0 0 0 1
1685094411.549855471 0.21505399147244028 -0.3377615181001194 0 0 0 0 1
1685094411.583188772 0.22301189349500927 -0.3437068561828208 0 0 0 0 1
1685094411.616522074 0.200222923856202 -0.3438784193412943 0 0 0 0 1
1685094411.649855375 0.17276305865545868 -0.35082676653953615 0 0 0 0 1
1685094411.683188677 0.1454294237090542 -0.3582561760885516 0 0 0 0 1
1685094411.716521978 0.12902254676832486 -0.37131046017517827 0 0 0 0 1
1685094411.749855518 0.13682694602346052 -0.3692052486775596 0 0 0 0 1
1685094411.783188820 0.13698915802211223 -0.36112352544233545 0 0 0 0 1
1685094411.816522121 0.16582614020459105 -0.3683850168386361 0 0 0 0 1
1685094411.849855423 0.1947224898690074 -0.37540653909260185 0 0 0 0 1
1685094411.883188725 0.22456483174542122 -0.38249784939625564 0 0 0 0 1
1685094411.916522026 0.25433057128950504 -0.38990411700452043 0 0 0 0 1
1685094411.949855328 0.28401638452719113 -0.39762451485104927 0 0 0 0 1
1685094411.983188868 0.3131259607887746 -0.4053987479212285 0 0 0 0 1
1685094412.016522169 0.3375719074369082 -0.39385582174028594 0 0 0 0 1
1685094412.049855471 0.3455386548924106 -0.36340311873247 0 0 0 0 1
1685094412.083188772 0.3533378297364727 -0.33290706886935256 0 0 0 0 1
1685094412.116522074 0.36096919614846557 -0.3023685942481817 0 0 0 0 1
1685094412.149855375 0.36843252338171883 -0.27178861824898626 0 0 0 0 1
1685094412.183188677 0.3757275857704976 -0.24116806550665615 0 0 0 0 1
1685094412.216521978 0.38285416273682593 -0.21050786188298481 0 0 0 0 1
1685094412.249855518 0.38981203879715637 -0.17980893443867382 0 0 0 0 1
1685094412.283188820 0.39620194017695254 -0.1493279405161839 0 0 0 0 1
1685094412.316522121 0.41182092641146745 -0.1223841267706797 0 0 0 0 1
1685094412.349855423 0.43509589951832534 -0.10169119423269876 0 0 0 0 1
1685094412.383188725 0.4636826732177961 -0.0893332737117683 0 0 0 0 1
1685094412.416522026 0.4947020724242464 -0.08655501832083327 0 0 0 0 1
1685094412.449855328 0.52502991522385 -0.09363624570518654 0 0 0 0 1
1685094412.483188868 0.5516116712135753 -0.10986375563890997 0 0 0 0 1
1685094412.516522169 0.5717701047465251 -0.13360316143695036 0 0 0 0 1
1685094412.549855471 0.5834749181681398 -0.16246350053599043 0 0 0 0 1
1685094412.583188772 0.5851699059446777 -0.1943884855386008 0 0 0 0 1
1685094412.616522074 0.5970835771449452 -0.1928752487426631 0 0 0 0 1
1685094412.649855375 0.5938030686408684 -0.16266590007200035 0 0 0 0 1
1685094412.683188677 0.593185189404989 -0.158296784075101 0 0 0 0 1
1685094412.716521978 0.5626001285214095 -0.164913605525327 0 0 0 0 1
1685094412.749855518 0.5316790377234443 -0.16972135127779933 0 0 0 0 1
1685094412.783188820 0.5005288263421749 -0.17270339860449835 0 0 0 0 1
1685094412.816522121 0.5008378751857625 -0.1773348074193741 0 0 0 0 1
1685094412.849855423 0.5023414420363179 -0.1817262474479004 0 0 0 0 1
1685094412.883188725 0.4763513538932147 -0.2006743927891109 0 0 0 0 1
1685094412.916522026 0.48211437981759575 -0.20937778481383035 0 0 0 0 1
1685094412.949855328 0.45911035103295184 -0.18843017716329238 0 0 0 0 1
1685094412.983188868 0.43446017655520486 -0.1694471188000508 0 0 0 0 1
1685094413.016522169 0.4083498881596904 -0.15156787132995403 0 0 0 0 1
1685094413.049855471 0.3821425424192103 -0.1338311952199035 0 0 0 0 1
1685094413.083188772 0.3558389178150855 -0.1162376173325271 0 0 0 0 1
1685094413.116522074 0.3294301922810103 -0.09806486904845366 0 0 0 0 1
1685094413.149855375 0.30259542135321343 -0.08011337706165966 0 0 0 0 1
1685094413.183188677 0.2745507171103038 -0.07116086769762209 0 0 0 0 1
1685094413.216521978 0.2835992944004057 -0.06682966787606444 0 0 0 0 1
1685094413.249855518 0.26088846803753474 -0.04441294979078568 0 0 0 0 1
1685094413.283188820 0.23810501485108543 -0.022332012921405426 0 0 0 0 1
1685094413.316522121 0.2153781720048299 -0.00019281405671548105 0 0 0 0 1
1685094413.349855423 0.1984918988488055 0.016532685985430957 0 0 0 0 1
1685094413.383188725 0.17584053947762177 0.03801440811474413 0 0 0 0 1
1685094413.416522026 0.19477077287053815 0.03646676200334795 0 0 0 0 1
1685094413.449855328 0.18321033971945933 0.007100712065925372 0 0 0 0 1
1685094413.483188868 0.17194722822598732 -0.022393250895937928 0 0 0 0 1
1685094413.516522169 0.1610844177882004 -0.05203698347304187 0 0 0 0 1
1685094413.549855471 0.15062389920306635 -0.08182505294120665 0 0 0 0 1
1685094413.583188772 0.14056758954064716 -0.11175200012403302 0 0 0 0 1
1685094413.616522074 0.13091733179276316 -0.1418123403933904 0 0 0 0 1
1685094413.649855375 0.12232953775771899 -0.17391264797635203 0 0 0 0 1
1685094413.683188677 0.11448138006160519 -0.20326456413115493 0 0 0 0 1
1685094413.716521978 0.10912172198826915 -0.23506415058848182 0 0 0 0 1
1685094413.749855518 0.10375514888475418 -0.26602401217288235 0 0 0 0 1
1685094413.783188820 0.11209410887237033 -0.28517044551755066 0 0 0 0 1
1685094413.816522121 0.12805672082950828 -0.29863592668246736 0 0 0 0 1
1685094413.849855423 0.15006878169247478 -0.3217128850120801 0 0 0 0 1
1685094413.883188725 0.14284315686322274 -0.3246639360252807 0 0 0 0 1
1685094413.916522026 0.11470503364800357 -0.33889530114949795 0 0 0 0 1
1685094413.949855328 0.112548735159096 -0.3574009451146643 0 0 0 0 1
1685094413.983188868 0.09450298742317614 -0.3620333818805906 0 0 0 0 1
1685094414.016522169 0.08369970452007836 -0.34685452947817236 0 0 0 0 1
1685094414.049855471 0.11412396256131231 -0.3460945240756582 0 0 0 0 1
1685094414.083188772 0.14447240270293749 -0.3452323432554185 0 0 0 0 1
1685094414.116522074 0.17480646225987376 -0.34396112116906324 0 0 0 0 1
1685094414.149855375 0.2051206283574787 -0.34228108884692937 0 0 0 0 1
1685094414.183188677 0.23499432613892218 -0.34024330270264347 0 0 0 0 1
1685094414.216521978 0.26487099248441465 -0.3382495124461273 0 0 0 0 1
1685094414.249855518 0.2958897066590279 -0.33652729673136783 0 0 0 0 1
1685094414.283188820 0.3269191829631647 -0.33501129663059853 0 0 0 0 1
1685094414.316522121 0.3579580504693186 -0.3337015791229143 0 0 0 0 1
1685094414.349855423 0.3685795832759578 -0.3209960280476199 0 0 0 0 1
1685094414.383188725 0.37909277058974833 -0.3082006820267193 0 0 0 0 1
1685094414.416522026 0.38949685331358463 -0.29531646493894115 0 0 0 0 1
1685094414.449855328 0.3997910802281792 -0.2823443070798854 0 0 0 0 1
1685094414.483188868 0.39848518255383447 -0.2896843228293174 0 0 0 0 1
1685094414.516522169 0.40620088039848185 -0.2602435736731063 0 0 0 0 1
1685094414.549855471 0.41380240357208176 -0.23077313849562603 0 0 0 0 1
1685094414.583188772 0.4212896378649279 -0.2012734600778386 0 0 0 0 1
1685094414.616522074 0.43198772107732153 -0.17613725294480442 0 0 0 0 1
1685094414.649855375 0.44089475071326123 -0.1461955847447261 0 0 0 0 1
1685094414.683188677 0.4496278559964291 -0.11636970663666829 0 0 0 0 1
1685094414.716521978 0.4583880709772499 -0.08636104533073967 0 0 0 0 1
1685094414.749855518 0.46695688885750325 -0.056297171993806135 0 0 0 0 1
1685094414.783188820 0.47533396170445413 -0.026179307355007255 0 0 0 0 1
1685094414.816522121 0.48200483095510627 0.007808416089008779 0 0 0 0 1
1685094414.849855423 0.4956022479918425 0.039663966490709406 0 0 0 0 1
1685094414.883188725 0.501521091011358 0.05960185388458076 0 0 0 0 1
1685094414.916522026 0.5110740113780636 0.08808969783645401 0 0 0 0 1
1685094414.949855328 0.5191829160622958 0.11702170788382087 0 0 0 0 1
1685094414.983188868 0.5282806561938934 0.14636060859723035 0 0 0 0 1
1685094415.016522169 0.5375813073165009 0.17563581755069338 0 0 0 0 1
1685094415.049855471 0.5687796268780014 0.1494356749241654 0 0 0 0 1
1685094415.083188772 0.551203558239689 0.12382499541467056 0 0 0 0 1
1685094415.116522074 0.5501252956073892 0.11717519739647522 0 0 0 0 1
1685094415.149855375 0.5545554058827835 0.10978196922587555 0 0 0 0 1
1685094415.183188677 0.5425020069173095 0.10101753909233674 0 0 0 0 1
1685094415.216521978 0.5266387700924211 0.0976224270638028 0 0 0 0 1
1685094415.249855518 0.5303076236120089 0.11342459723440289 0 0 0 0 1
1685094415.283188820 0.5430522463840366 0.10338748317469897 0 0 0 0 1
1685094415.316522121 0.5285501558700975 0.09611710223734037 0 0 0 0 1
1685094415.349855423 0.5510472567980956 0.08813010007734268 0 0 0 0 1
1685094415.383188725 0.5786748946259688 0.07545555612911102 0 0 0 0 1
1685094415.416522026 0.606391809676631 0.062289025393563284 0 0 0 0 1
1685094415.449855328 0.6268986852904629 0.05227141873357001 0 0 0 0 1
1685094415.483188868 0.6470606422757321 0.041644893333654176 0 0 0 0 1
1685094415.516522169 0.6461398822547013 0.0375469131900644 0 0 0 0 1
1685094415.549855471 0.6494267120609906 0.006075056997432293 0 0 0 0 1
1685094415.583188772 0.6508864504485476 -0.025534279380054647 0 0 0 0 1
1685094415.616522074 0.6505142031059489 -0.05717511398189717 0 0 0 0 1
1685094415.649855375 0.6509575397502909 -0.087854887870658 0 0 0 0 1
1685094415.683188677 0.640179791123415 -0.09097294223607677 0 0 0 0 1
1685094415.716521978 0.6182528479837229 -0.11106480668665715 0 0 0 0 1
1685094415.749855518 0.5964420095092948 -0.1312826497366511 0 0 0 0 1
1685094415.783188820 0.5747479994838295 -0.15162580046525734 0 0 0 0 1
1685094415.816522121 0.5521646454033738 -0.17375131504457145 0 0 0 0 1
1685094415.849855423 0.5320286598552293 -0.19652231412784316 0 0 0 0 1
1685094415.883188725 0.5123049800955101 -0.21982102105798587 0 0 0 0 1
1685094415.916522026 0.5036137910170507 -0.23045788822698923 0 0 0 0 1
1685094415.949855328 0.4983308691467704 -0.25965341890747634 0 0 0 0 1
1685094415.983188868 0.4929811712801099 -0.2891935653728564 0 0 0 0 1
1685094416.016522169 0.48830285166289905 -0.3189154693104422 0 0 0 0 1
1685094416.049855471 0.4839746958081733 -0.3487661131067 0 0 0 0 1
1685094416.083188772 0.4800732170224526 -0.37949458589598317 0 0 0 0 1
1685094416.116522074 0.476855383181432 -0.41030215188307023 0 0 0 0 1
1685094416.149855375 0.47432278272998596 -0.4411736032844941 0 0 0 0 1
1685094416.183188677 0.4724766658557887 -0.47209370078052326 0 0 0 0 1
1685094416.216521978 0.4713179438721746 -0.503047181037868 0 0 0 0 1
1685094416.249855518 0.4695326186365645 -0.5326546851965674 0 0 0 0 1
1685094416.283188820 0.4676096697630235 -0.5622497806183571 0 0 0 0 1
1685094416.316522121 0.4533981281326745 -0.5642747120181227 0 0 0 0 1
1685094416.349855423 0.45405996863171727 -0.5786145247727833 0 0 0 0 1
1685094416.383188725 0.46201166968043 -0.5493499853856332 0 0 0 0 1
1685094416.416522026 0.47021872002010373 -0.5201560281370479 0 0 0 0 1
1685094416.449855328 0.47674574487167276 -0.5000415550068709 0 0 0 0 1
1685094416.483188868 0.48538066342901426 -0.4711457220605541 0 0 0 0 1
1685094416.516522169 0.48530693960920274 -0.46825565672043457 0 0 0 0 1
1685094416.549855471 0.4829057316000894 -0.46664565269288133 0 0 0 0 1
1685094416.583188772 0.48020413620617614 -0.46767487336861324 0 0 0 0 1
