1685093634.997307062 6.121042134284982e-18 -1.7870137277774035e-17 0 0 0 0 1
1685093635.030640364 0.0008008532749976452 -0.007643701062727958 0 0 0 0 1
1685093635.063973904 0.0015426903113789172 -0.015380476249058314 0 0 0 0 1
1685093635.097307205 0.0022426858941885 -0.02347452105313855 0 0 0 0 1
1685093635.130640507 0.003030529117386914 -0.03191360212452049 0 0 0 0 1
1685093635.163973808 0.0034589955119269508 -0.0405805592336114 0 0 0 0 1
1685093635.197307110 0.004266212238764365 -0.04794565010401219 0 0 0 0 1
1685093635.230640411 0.004745635245015206 -0.05866701325335615 0 0 0 0 1
1685093635.263973713 0.009128829399826828 -0.06680480388104311 0 0 0 0 1
1685093635.297307253 0.00980225582963032 -0.07321850118516594 0 0 0 0 1
1685093635.330640554 0.011831002412833289 -0.08330467406314981 0 0 0 0 1
1685093635.363973856 0.013850012558032223 -0.09384847432848609 0 0 0 0 1
1685093635.397307158 0.015542412033752574 -0.10473371458622016 0 0 0 0 1
1685093635.430640459 0.016848184360733723 -0.11574984776014725 0 0 0 0 1
1685093635.463973761 0.019553055740433343 -0.1270636012272948 0 0 0 0 1
1685093635.497307062 0.02124531061303929 -0.13904587647662314 0 0 0 0 1
1685093635.530640364 0.0226944079729535 -0.15131448895073116 0 0 0 0 1
1685093635.563973904 0.024384347020823656 -0.16407996525487045 0 0 0 0 1
1685093635.597307205 0.026087066336058853 -0.1775722104019769 0 0 0 0 1
1685093635.630640507 0.02802066981471548 -0.19153118524450316 0 0 0 0 1
1685093635.663973808 0.02804638195149338 -0.202331104952621 0 0 0 0 1
1685093635.697307110 0.03265848747926034 -0.2171491548513097 0 0 0 0 1
1685093635.730640411 0.037273156226388264 -0.23245246594955574 0 0 0 0 1
1685093635.763973713 0.04176240943757463 -0.24811685740887404 0 0 0 0 1
1685093635.797307253 0.04536175543038456 -0.26195279031152796 0 0 0 0 1
1685093635.830640554 0.048992484829933035 -0.2778932274493322 0 0 0 0 1
1685093635.863973856 0.0529071749034226 -0.2938735676397897 0 0 0 0 1
1685093635.897307158 0.055619878305372746 -0.3091701748019738 0 0 0 0 1
1685093635.930640459 0.06169653761125081 -0.32483113589841 0 0 0 0 1
1685093635.963973761 0.06811016332018097 -0.34124369394908594 0 0 0 0 1
1685093635.997307062 0.07464916878864504 -0.3584075034943136 0 0 0 0 1
1685093636.030640364 0.08113016461993984 -0.3707039503980426 0 0 0 0 1
1685093636.063973904 0.09060902139740713 -0.3880733140297243 0 0 0 0 1
1685093636.097307205 0.10295345441072609 -0.4041045561855883 0 0 0 0 1
1685093636.130640507 0.11472844200508305 -0.42081470888546374 0 0 0 0 1
1685093636.163973808 0.12627914047653158 -0.43727000641616 0 0 0 0 1
1685093636.197307110 0.13804446196039766 -0.4535460277046861 0 0 0 0 1
1685093636.230640411 0.1501001827403226 -0.46967456148292097 0 0 0 0 1
1685093636.263973713 0.16567006572905948 -0.48954559714206597 0 0 0 0 1
1685093636.297307253 0.17830059302300463 -0.5053993534449468 0 0 0 0 1
1685093636.330640554 0.1948529494311421 -0.5253617031912979 0 0 0 0 1
1685093636.363973856 0.20894912667994758 -0.5415631400648389 0 0 0 0 1
1685093636.397307158 0.22289760908683476 -0.5578139579584644 0 0 0 0 1
1685093636.430640459 0.23662454142166597 -0.5739526461916332 0 0 0 0 1
1685093636.463973761 0.25025397537008626 -0.5902640576090397 0 0 0 0 1
1685093636.497307062 0.2637724210929351 -0.606853468290248 0 0 0 0 1
1685093636.530640364 0.27740434266309055 -0.619332071705917 0 0 0 0 1
1685093636.563973904 0.2937811073780302 -0.6341189751921289 0 0 0 0 1
1685093636.597307205 0.31003661817402167 -0.6493848998039856 0 0 0 0 1
1685093636.630640507 0.3142253466578829 -0.6542160082366019 0 0 0 0 1
1685093636.663973808 0.31208921853781263 -0.676551748966206 0 0 0 0 1
1685093636.697307110 0.3100371338514575 -0.6988300781185683 0 0 0 0 1
1685093636.730640411 0.3083558657955531 -0.7211219825277774 0 0 0 0 1
1685093636.763973713 0.30653264497722227 -0.7403286235813434 0 0 0 0 1
1685093636.797307253 0.30392995609133155 -0.7624349238508986 0 0 0 0 1
1685093636.830640554 0.3013858630887012 -0.7845480442059831 0 0 0 0 1
1685093636.863973856 0.2992077007904397 -0.8062720187400053 0 0 0 0 1
1685093636.897307158 0.29704755241032904 -0.827997791902964 0 0 0 0 1
1685093636.930640459 0.29490220145658985 -0.8490276160593253 0 0 0 0 1
1685093636.963973761 0.2930388971784566 -0.8694575694534475 0 0 0 0 1
1685093636.997307062 0.29116006554890494 -0.8900719331248209 0 0 0 0 1
1685093637.030640364 0.2852242145271893 -0.9091772676854568 0 0 0 0 1
1685093637.063973904 0.28085588646284976 -0.9297466045633039 0 0 0 0 1
1685093637.097307205 0.2764138507522104 -0.9505604411649046 0 0 0 0 1
1685093637.130640507 0.27195563178500565 -0.9713412116799136 0 0 0 0 1
1685093637.163973808 0.2678202973812598 -0.9924080523134425 0 0 0 0 1
1685093637.197307110 0.2635680811318286 -1.0142214294793161 0 0 0 0 1
1685093637.230640411 0.25911392865157173 -1.0366332938191634 0 0 0 0 1
1685093637.263973713 0.25472047761271216 -1.0590571366092436 0 0 0 0 1
1685093637.297307253 0.25038776022704656 -1.0814927934429766 0 0 0 0 1
1685093637.330640554 0.24576463735369883 -1.1059587528082018 0 0 0 0 1
1685093637.363973856 0.26407638561132757 -1.1089183229052333 0 0 0 0 1
1685093637.397307158 0.2701998411001067 -1.1264278195366888 0 0 0 0 1
1685093637.430640459 0.25147536004280446 -1.1091865367536808 0 0 0 0 1
1685093637.463973761 0.23271142899742084 -1.0919643073717926 0 0 0 0 1
1685093637.497307062 0.21381187768931761 -1.0748910167249761 0 0 0 0 1
1685093637.530640364 0.1947778882861468 -1.05796773274821 0 0 0 0 1
1685093637.563973904 0.17561065136466805 -1.0411955139935494 0 0 0 0 1
1685093637.597307205 0.15625387179996097 -1.023744612440248 0 0 0 0 1
1685093637.630640507 0.15929487166355058 -1.0243321588034788 0 0 0 0 1
1685093637.663973808 0.16113506318278373 -1.0218408567198607 0 0 0 0 1
1685093637.697307110 0.1602699505368504 -1.0481459685714334 0 0 0 0 1
1685093637.730640411 0.16459491162933115 -1.067836789638828 0 0 0 0 1
1685093637.763973713 0.1690943662669124 -1.0940955720174765 0 0 0 0 1
1685093637.797307253 0.17359838717441683 -1.1202417113757688 0 0 0 0 1
1685093637.830640554 0.17675848888954274 -1.1481408260494876 0 0 0 0 1
1685093637.863973856 0.18032855456035168 -1.1755008691062165 0 0 0 0 1
1685093637.897307158 0.18403587900910207 -1.2026979344509887 0 0 0 0 1
1685093637.930640459 0.18790145117619322 -1.229619400196436 0 0 0 0 1
1685093637.963973761 0.19187563514659162 -1.2565250469612275 0 0 0 0 1
1685093637.997307062 0.19595836619738166 -1.283414436564363 0 0 0 0 1
1685093638.030640364 0.20014957783786763 -1.3102871310896047 0 0 0 0 1
1685093638.063973904 0.20444920181065646 -1.3371426928926076 0 0 0 0 1
1685093638.097307205 0.20885716809276947 -1.363980684608048 0 0 0 0 1
1685093638.130640507 0.21337340489678275 -1.3908006691567456 0 0 0 0 1
1685093638.163973808 0.21799783867199615 -1.4176022097527818 0 0 0 0 1
1685093638.197307110 0.22216772088978118 -1.4442463954417168 0 0 0 0 1
1685093638.230640411 0.2262189368614934 -1.4709088821578358 0 0 0 0 1
1685093638.263973713 0.22127815752469687 -1.4983224003595828 0 0 0 0 1
1685093638.297307253 0.22598215695534896 -1.52085657707451 0 0 0 0 1
1685093638.330640554 0.23426593807307097 -1.5467099568199716 0 0 0 0 1
1685093638.363973856 0.24278280563485827 -1.5725164034295975 0 0 0 0 1
1685093638.397307158 0.2512487076014606 -1.598828761642728 0 0 0 0 1
1685093638.430640459 0.25994924884276677 -1.625484051277482 0 0 0 0 1
1685093638.463973761 0.26838676107125353 -1.6517795604319925 0 0 0 0 1
1685093638.497307062 0.27703300012179166 -1.6782135066406187 0 0 0 0 1
1685093638.530640364 0.285710454123681 -1.7047299511991956 0 0 0 0 1
1685093638.563973904 0.29443916103110357 -1.7314459967982463 0 0 0 0 1
1685093638.597307205 0.3029564560845129 -1.7548224922571478 0 0 0 0 1
1685093638.630640507 0.31197518905572047 -1.7812011641352876 0 0 0 0 1
1685093638.663973808 0.3204401024938251 -1.8071814151391874 0 0 0 0 1
1685093638.697307110 0.32913689923599476 -1.8319757935962524 0 0 0 0 1
1685093638.730640411 0.33857170890487326 -1.8575831476223466 0 0 0 0 1
1685093638.763973713 0.34832460195462217 -1.8829594956141658 0 0 0 0 1
1685093638.797307253 0.3581695856103404 -1.9084447174378265 0 0 0 0 1
1685093638.830640554 0.36819492107966384 -1.9338595336541624 0 0 0 0 1
1685093638.863973856 0.3784574761899229 -1.9593182273264125 0 0 0 0 1
1685093638.897307158 0.38482196093481363 -1.9794229516724229 0 0 0 0 1
1685093638.930640459 0.3899539307116175 -2.006394517232932 0 0 0 0 1
1685093638.963973761 0.3945327451106184 -2.0338846409309848 0 0 0 0 1
1685093638.997307062 0.40074022151014416 -2.046350354707547 0 0 0 0 1
1685093639.030640364 0.4022042784253508 -2.0734858618016627 0 0 0 0 1
1685093639.063973904 0.40390216541564716 -2.100218719881798 0 0 0 0 1
1685093639.097307205 0.40745674693615663 -2.1286248451652505 0 0 0 0 1
1685093639.130640507 0.4066241252636524 -2.155459899480012 0 0 0 0 1
1685093639.163973808 0.4063151344834861 -2.1820324286321395 0 0 0 0 1
1685093639.197307110 0.4055295733255737 -2.2083963913060076 0 0 0 0 1
1685093639.230640411 0.40460660669037474 -2.2346422608999363 0 0 0 0 1
1685093639.263973713 0.4038545426688444 -2.261030484681415 0 0 0 0 1
1685093639.297307253 0.4024432606703424 -2.2872264440081826 0 0 0 0 1
1685093639.330640554 0.40372840250099434 -2.3068998966157035 0 0 0 0 1
1685093639.363973856 0.40464281477002056 -2.3329629319607195 0 0 0 0 1
1685093639.397307158 0.4058289334270491 -2.3595504116655266 0 0 0 0 1
1685093639.430640459 0.40676621022482334 -2.3860517865479687 0 0 0 0 1
1685093639.463973761 0.4075148483710976 -2.412388886868227 0 0 0 0 1
1685093639.497307062 0.40858623705155184 -2.438894542984544 0 0 0 0 1
1685093639.530640364 0.41005269898219315 -2.4656376590419726 0 0 0 0 1
1685093639.563973904 0.412101093248945 -2.4782764646247957 0 0 0 0 1
1685093639.597307205 0.4110954804675305 -2.5044089437708386 0 0 0 0 1
1685093639.630640507 0.409975101865423 -2.530228041937783 0 0 0 0 1
1685093639.663973808 0.4090088835374167 -2.5560533686638682 0 0 0 0 1
1685093639.697307110 0.4083010579591048 -2.5826176122723417 0 0 0 0 1
1685093639.730640411 0.407337230642087 -2.6086610448137364 0 0 0 0 1
1685093639.763973713 0.4100014381279039 -2.6357295175372113 0 0 0 0 1
1685093639.797307253 0.3987841270088566 -2.660507978917359 0 0 0 0 1
1685093639.830640554 0.37626231377080205 -2.672468777229972 0 0 0 0 1
1685093639.863973856 0.3549400894336987 -2.6817221789839945 0 0 0 0 1
1685093639.897307158 0.3317046205986461 -2.692414389922302 0 0 0 0 1
1685093639.930640459 0.3081418983703593 -2.702932520396299 0 0 0 0 1
1685093639.963973761 0.2844345759200386 -2.713552684462074 0 0 0 0 1
1685093639.997307062 0.26014194986538847 -2.7237173235222163 0 0 0 0 1
1685093640.030640364 0.2359046337110911 -2.734132193067879 0 0 0 0 1
1685093640.063973904 0.21469154380625513 -2.740079663356444 0 0 0 0 1
1685093640.097307205 0.1904569443202625 -2.7502106325084625 0 0 0 0 1
1685093640.130640507 0.1659612844044961 -2.7608372081902477 0 0 0 0 1
1685093640.163973808 0.1413716925147987 -2.771146378282748 0 0 0 0 1
1685093640.197307110 0.12014918067690475 -2.7792780254321596 0 0 0 0 1
1685093640.230640411 0.09568329849090268 -2.790602830589549 0 0 0 0 1
1685093640.263973713 0.07060020026189358 -2.802376650283694 0 0 0 0 1
1685093640.297307253 0.05555993501890662 -2.8064382473135474 0 0 0 0 1
1685093640.330640554 0.02784846450179742 -2.805727758655994 0 0 0 0 1
1685093640.363973856 0.00011288680622776471 -2.8055907488620004 0 0 0 0 1
1685093640.397307158 -0.027724892648507363 -2.805212742169022 0 0 0 0 1
1685093640.430640459 -0.05194027963254851 -2.8056363328427767 0 0 0 0 1
1685093640.463973761 -0.0794816845090822 -2.807394250590543 0 0 0 0 1
1685093640.497307062 -0.10736558602327899 -2.8088445852128747 0 0 0 0 1
1685093640.530640364 -0.13590399860872152 -2.8102497149917727 0 0 0 0 1
1685093640.563973904 -0.16519510246149216 -2.811219604165467 0 0 0 0 1
1685093640.597307205 -0.1943827342330023 -2.8118412593772892 0 0 0 0 1
1685093640.630640507 -0.22357616040440886 -2.8120607405981763 0 0 0 0 1
1685093640.663973808 -0.2525865384153898 -2.8123112462473747 0 0 0 0 1
1685093640.697307110 -0.2816602617973223 -2.812644628369675 0 0 0 0 1
1685093640.730640411 -0.310732037720816 -2.813118315590096 0 0 0 0 1
1685093640.763973713 -0.33102014776960187 -2.808542600074373 0 0 0 0 1
1685093640.797307253 -0.3583168623703396 -2.79509841068554 0 0 0 0 1
1685093640.830640554 -0.342621287637222 -2.7792385276631792 0 0 0 0 1
1685093640.863973856 -0.3137437086364773 -2.7748038110014503 0 0 0 0 1
1685093640.897307158 -0.2852202116925253 -2.770120413085472 0 0 0 0 1
1685093640.930640459 -0.2613420433994582 -2.7639755727907436 0 0 0 0 1
1685093640.963973761 -0.23348521069255446 -2.757370961524192 0 0 0 0 1
1685093640.997307062 -0.20508815017096163 -2.7504314963942162 0 0 0 0 1
1685093641.030640364 -0.17981241017156865 -2.743972186293365 0 0 0 0 1
1685093641.063973904 -0.15142828754653412 -2.7333871592023318 0 0 0 0 1
1685093641.097307205 -0.13989961369985945 -2.732477366301211 0 0 0 0 1
1685093641.130640507 -0.13170086104198075 -2.760715590629487 0 0 0 0 1
1685093641.163973808 -0.12356066717728117 -2.7884975807341528 0 0 0 0 1
1685093641.197307110 -0.11546393911103829 -2.816292269524495 0 0 0 0 1
1685093641.230640411 -0.10741069665302183 -2.8440995889969476 0 0 0 0 1
1685093641.263973713 -0.09940095950660757 -2.871919471117043 0 0 0 0 1
1685093641.297307253 -0.09143474726872956 -2.899751847819576 0 0 0 0 1
1685093641.330640554 -0.08351207942983195 -2.927596651008774 0 0 0 0 1
1685093641.363973856 -0.07458332716521297 -2.948259897116981 0 0 0 0 1
1685093641.397307158 -0.06437711816303433 -2.971747325116678 0 0 0 0 1
1685093641.430640459 -0.050259814482535886 -2.9957638889600755 0 0 0 0 1
1685093641.463973761 -0.035897408803216346 -3.0196890415150666 0 0 0 0 1
1685093641.497307062 -0.02146394523218137 -3.043700274616769 0 0 0 0 1
1685093641.530640364 -0.007309413759737722 -3.0673771290126712 0 0 0 0 1
1685093641.563973904 0.007180261980170514 -3.091430321479655 0 0 0 0 1
1685093641.597307205 0.01883999910846242 -3.1037179760903806 0 0 0 0 1
1685093641.630640507 0.03443444513983747 -3.129681328704792 0 0 0 0 1
1685093641.663973808 0.04205561864211902 -3.155387593517871 0 0 0 0 1
1685093641.697307110 0.051121294189419235 -3.175496522756387 0 0 0 0 1
1685093641.730640411 0.06066621298603463 -3.191536686555713 0 0 0 0 1
1685093641.763973713 0.07196986647490054 -3.212478834529122 0 0 0 0 1
1685093641.797307253 0.08289461502734749 -3.234052171930503 0 0 0 0 1
