1685094119.584482193 2.900082341787016e-21 5.869032180472487e-19 0 0 0 0 1
1685094119.617815495 0.00018047396817402904 -0.01753714940591093 0 0 0 0 1
1685094119.651148796 0.00045404593815836104 -0.035648623529701315 0 0 0 0 1
1685094119.684482098 0.0007719778319634611 -0.054128258519220075 0 0 0 0 1
1685094119.717815638 0.0010386935137304829 -0.07246833617660249 0 0 0 0 1
1685094119.751148939 0.0012668895254603627 -0.090924916154372 0 0 0 0 1
1685094119.784482241 0.0016143627186576259 -0.109370270815858 0 0 0 0 1
1685094119.817815542 0.002159761169085033 -0.12785957830927686 0 0 0 0 1
1685094119.851148844 0.002819108669221623 -0.14671695124194653 0 0 0 0 1
1685094119.884482145 0.0037460390653079514 -0.16600781362242586 0 0 0 0 1
1685094119.917815447 0.004421572962232528 -0.18560737102468186 0 0 0 0 1
1685094119.951148748 0.00493951010067655 -0.2057462098839432 0 0 0 0 1
1685094119.984482288 0.005591051323304642 -0.2263079048637898 0 0 0 0 1
1685094120.017815590 0.006439037497385084 -0.24627712748229308 0 0 0 0 1
1685094120.051148891 0.006007406232050701 -0.2677940597412105 0 0 0 0 1
1685094120.084482193 0.005266816963622565 -0.2890316230650769 0 0 0 0 1
1685094120.117815495 0.0045439401625635475 -0.3108343245504167 0 0 0 0 1
1685094120.151148796 0.0035462391183220966 -0.3382540811803125 0 0 0 0 1
1685094120.184482098 0.0023622561097832646 -0.3661286853651813 0 0 0 0 1
1685094120.217815638 0.001372875366094173 -0.3890539646802182 0 0 0 0 1
1685094120.251148939 0.0004488993487352457 -0.4119248392409569 0 0 0 0 1
1685094120.284482241 -0.00045687634978536505 -0.43473278316025044 0 0 0 0 1
1685094120.317815542 -0.0014387959043886088 -0.4576691853230841 0 0 0 0 1
1685094120.351148844 -0.0023649880772339273 -0.4808893673772851 0 0 0 0 1
1685094120.384482145 -0.0035719041294053244 -0.5042905887266781 0 0 0 0 1
1685094120.417815447 -0.004774745613865606 -0.5278736999416495 0 0 0 0 1
1685094120.451148748 -0.006038691829246883 -0.551799505273153 0 0 0 0 1
1685094120.484482288 -0.007114719611084045 -0.5757102933708467 0 0 0 0 1
1685094120.517815590 -0.008175205089578232 -0.5995722119914643 0 0 0 0 1
1685094120.551148891 -0.009077922202151839 -0.6234585513187616 0 0 0 0 1
1685094120.584482193 -0.009774371539587658 -0.6472785376891015 0 0 0 0 1
1685094120.617815495 -0.010412723055597916 -0.6710800327691214 0 0 0 0 1
1685094120.651148796 -0.010816637519938636 -0.6944707481854994 0 0 0 0 1
1685094120.684482098 -0.010758544966812479 -0.7180978280619336 0 0 0 0 1
1685094120.717815638 -0.01038739606952135 -0.7417658352490897 0 0 0 0 1
1685094120.751148939 -0.010094722840537487 -0.7654811088218197 0 0 0 0 1
1685094120.784482241 -0.009943288401374343 -0.7893387690574069 0 0 0 0 1
1685094120.817815542 -0.009882497310545286 -0.8134841600216988 0 0 0 0 1
1685094120.851148844 -0.009707756231446417 -0.8374234406524685 0 0 0 0 1
1685094120.884482145 -0.009642071169386151 -0.8616780707769401 0 0 0 0 1
1685094120.917815447 -0.009784915445535022 -0.8859156163145945 0 0 0 0 1
1685094120.951148748 -0.009804305253393255 -0.9164856018282768 0 0 0 0 1
1685094120.984482288 -0.010092614090703172 -0.9411476823978776 0 0 0 0 1
1685094121.017815590 -0.01044340098983453 -0.9660965026677522 0 0 0 0 1
1685094121.051148891 -0.010852978093153753 -0.9906167007331862 0 0 0 0 1
1685094121.084482193 -0.01219597443555049 -1.0150726917331891 0 0 0 0 1
1685094121.117815495 -0.013406622723747045 -1.0400466684061873 0 0 0 0 1
1685094121.151148796 -0.014696416106319742 -1.0652706442693898 0 0 0 0 1
1685094121.184482098 -0.01587208314275534 -1.0903343810037776 0 0 0 0 1
1685094121.217815638 -0.017017377384814965 -1.1149764586756825 0 0 0 0 1
1685094121.251148939 -0.018653272341021713 -1.1392612114817557 0 0 0 0 1
1685094121.284482241 -0.020060308874743464 -1.1640076273209203 0 0 0 0 1
1685094121.317815542 -0.021553436543648642 -1.1887686010106189 0 0 0 0 1
1685094121.351148844 -0.022973370260412473 -1.213060241387621 0 0 0 0 1
1685094121.384482145 -0.02435030734693184 -1.2374694357572429 0 0 0 0 1
1685094121.417815447 -0.02556148146375424 -1.2620098517614757 0 0 0 0 1
1685094121.451148748 -0.027220961997142367 -1.284296374828366 0 0 0 0 1
1685094121.484482288 -0.027308948894001976 -1.3089505330145923 0 0 0 0 1
1685094121.517815590 -0.02725673748171912 -1.3336901529417118 0 0 0 0 1
1685094121.551148891 -0.02720818225296753 -1.358842484306194 0 0 0 0 1
1685094121.584482193 -0.02659517489080128 -1.3823279375254802 0 0 0 0 1
1685094121.617815495 -0.025698131432910918 -1.4085530963749147 0 0 0 0 1
1685094121.651148796 -0.024742740200330446 -1.4350650601529658 0 0 0 0 1
1685094121.684482098 -0.02409175986691785 -1.4614356132222033 0 0 0 0 1
1685094121.717815638 -0.023563232050938736 -1.4880908121618206 0 0 0 0 1
1685094121.751148939 -0.022973145698405677 -1.5150169631116772 0 0 0 0 1
1685094121.784482241 -0.022326699686542432 -1.541769440975631 0 0 0 0 1
1685094121.817815542 -0.021687662130264563 -1.5681772493115502 0 0 0 0 1
1685094121.851148844 -0.02091163819181455 -1.5944622789925869 0 0 0 0 1
1685094121.884482145 -0.020055973436157584 -1.6208095491188979 0 0 0 0 1
1685094121.917815447 -0.01928468782598403 -1.6470302452466459 0 0 0 0 1
1685094121.951148748 -0.01839278860067745 -1.6733471471138188 0 0 0 0 1
1685094121.984482288 -0.017345557537877445 -1.699664426793924 0 0 0 0 1
1685094122.017815590 -0.01597320167715214 -1.7259541600026114 0 0 0 0 1
1685094122.051148891 -0.014595371567826844 -1.7524414456209412 0 0 0 0 1
1685094122.084482193 -0.013140105421083475 -1.7790541687326664 0 0 0 0 1
1685094122.117815495 -0.011617741451121922 -1.8057890640623087 0 0 0 0 1
1685094122.151148796 -0.009974238910573632 -1.8325603738720933 0 0 0 0 1
1685094122.184482098 -0.008552475276942176 -1.8594914383476675 0 0 0 0 1
1685094122.217815638 -0.007464324271727373 -1.8864916188723277 0 0 0 0 1
1685094122.251148939 -0.006558279509378884 -1.913603327342971 0 0 0 0 1
1685094122.284482241 -0.0057558789691562855 -1.940958984452915 0 0 0 0 1
1685094122.317815542 -0.005013026192236465 -1.9683311524283462 0 0 0 0 1
1685094122.351148844 -0.004430759637276872 -1.995537266310624 0 0 0 0 1
1685094122.384482145 -0.003841095192337179 -2.0225268398315124 0 0 0 0 1
1685094122.417815447 -0.0023737799779216867 -2.0478390247534213 0 0 0 0 1
1685094122.451148748 0.0006799739647286049 -2.079065812800783 0 0 0 0 1
1685094122.484482288 0.00636426050673836 -2.1116772143638944 0 0 0 0 1
1685094122.517815590 0.009825084811168738 -2.1351364162810835 0 0 0 0 1
1685094122.551148891 0.009797631693071329 -2.159637302191065 0 0 0 0 1
1685094122.584482193 0.009219973169316413 -2.1841310720848814 0 0 0 0 1
1685094122.617815495 0.008091030566527166 -2.2089671163547338 0 0 0 0 1
1685094122.651148796 0.006002464911618937 -2.2341708756558343 0 0 0 0 1
1685094122.684482098 0.0042107674247277025 -2.2596705634972 0 0 0 0 1
1685094122.717815638 0.002232276212324721 -2.284880637957712 0 0 0 0 1
1685094122.751148939 -0.0006367598167451746 -2.3104563783311542 0 0 0 0 1
1685094122.784482241 -0.0037896142082462394 -2.336405717710781 0 0 0 0 1
1685094122.817815542 -0.005708190190657238 -2.3618010682671504 0 0 0 0 1
1685094122.851148844 -0.007853482030333824 -2.387648126488991 0 0 0 0 1
1685094122.884482145 -0.009411160315499387 -2.4136759395960143 0 0 0 0 1
1685094122.917815447 -0.011347604878525746 -2.440352088328729 0 0 0 0 1
1685094122.951148748 -0.013085777755598904 -2.4669309258096814 0 0 0 0 1
1685094122.984482288 -0.014471103988797331 -2.4938366967931476 0 0 0 0 1
1685094123.017815590 -0.015837366374538184 -2.520114945413851 0 0 0 0 1
1685094123.051148891 -0.01711804612266687 -2.5438324633160625 0 0 0 0 1
1685094123.084482193 -0.018934637843477178 -2.5697681514778727 0 0 0 0 1
1685094123.117815495 -0.020387215192296304 -2.5953937729825207 0 0 0 0 1
1685094123.151148796 -0.021574248624012093 -2.6210221427297995 0 0 0 0 1
1685094123.184482098 -0.022429470716990106 -2.6469273074691864 0 0 0 0 1
1685094123.217815638 -0.023740992353730946 -2.6726337661266966 0 0 0 0 1
1685094123.251148939 -0.02479758638163891 -2.6954400551236914 0 0 0 0 1
1685094123.284482241 -0.02276517283502947 -2.7216848030889804 0 0 0 0 1
1685094123.317815542 -0.020899648931002747 -2.748378603019351 0 0 0 0 1
1685094123.351148844 -0.01898441413544572 -2.774959528771911 0 0 0 0 1
1685094123.384482145 -0.016712472933823087 -2.7997529328812107 0 0 0 0 1
1685094123.417815447 -0.017064072744115547 -2.8240363203274876 0 0 0 0 1
1685094123.451148748 -0.01668341060454534 -2.8492278500827597 0 0 0 0 1
1685094123.484482288 -0.01624231998716634 -2.874080306682795 0 0 0 0 1
1685094123.517815590 -0.015794133546625736 -2.898037874105906 0 0 0 0 1
