1685094154.966449976 -4.647600253403867e-18 1.242276147997227e-17 0 0 0 0 1
1685094154.999783278 0.00023736476657714177 -0.007598520467256276 0 0 0 0 1
1685094155.033116579 0.0007327076971644339 -0.015502869652991455 0 0 0 0 1
1685094155.066449881 0.00038879875408526335 -0.02464919800647859 0 0 0 0 1
1685094155.099783182 0.00019658468088050852 -0.0341629866289936 0 0 0 0 1
1685094155.133116722 0.000739786551241301 -0.038681403032129004 0 0 0 0 1
1685094155.166450024 0.00096738596080805 -0.04531858532276658 0 0 0 0 1
1685094155.199783325 0.0012925918415038656 -0.05700533507940601 0 0 0 0 1
1685094155.233116627 0.0041297276896500885 -0.06603416979859064 0 0 0 0 1
1685094155.266449928 0.003780029571784715 -0.07183051250456617 0 0 0 0 1
1685094155.299783230 0.004450378115802566 -0.07765801705822167 0 0 0 0 1
1685094155.333116531 0.006921198590111452 -0.08283711570729246 0 0 0 0 1
1685094155.366450071 0.008859383675170028 -0.08912344453057404 0 0 0 0 1
1685094155.399783373 0.010507360788899675 -0.09676016160645631 0 0 0 0 1
1685094155.433116674 0.011737874972384857 -0.10775437511921962 0 0 0 0 1
1685094155.466449976 0.013556426093865504 -0.11632235717785042 0 0 0 0 1
1685094155.499783278 0.015765780261753855 -0.12849352106811607 0 0 0 0 1
1685094155.533116579 0.017681198477927276 -0.13669709240852287 0 0 0 0 1
1685094155.566449881 0.020578875450307437 -0.14543341220814077 0 0 0 0 1
1685094155.599783182 0.02631519264598437 -0.1530361025673636 0 0 0 0 1
1685094155.633116722 0.030344204290767254 -0.1631304415913579 0 0 0 0 1
1685094155.666450024 0.03202535704064054 -0.171289944482478 0 0 0 0 1
1685094155.699783325 0.03664821318946701 -0.181701069992108 0 0 0 0 1
1685094155.733116627 0.04136638950382748 -0.1892608116128001 0 0 0 0 1
1685094155.766449928 0.04738585414843874 -0.20454626981276652 0 0 0 0 1
1685094155.799783230 0.05072406324926932 -0.20899753889036374 0 0 0 0 1
1685094155.833116531 0.05459467942275679 -0.2204237168710281 0 0 0 0 1
1685094155.866450071 0.05640907624121679 -0.22739195453037292 0 0 0 0 1
1685094155.899783373 0.06354666106933145 -0.23895407684069347 0 0 0 0 1
1685094155.933116674 0.07040353101306758 -0.25069919185515027 0 0 0 0 1
1685094155.966449976 0.07809713116865521 -0.26222473590897327 0 0 0 0 1
1685094155.999783278 0.08640017234028984 -0.27107242324418773 0 0 0 0 1
1685094156.033116579 0.09356094729116339 -0.2832098260549405 0 0 0 0 1
1685094156.066449881 0.10073392465003217 -0.29274794787002517 0 0 0 0 1
1685094156.099783182 0.10828532022278796 -0.3030952558563858 0 0 0 0 1
1685094156.133116722 0.11450744408726103 -0.3128200030624641 0 0 0 0 1
1685094156.166450024 0.12174454147724467 -0.32430754387161487 0 0 0 0 1
1685094156.199783325 0.13096574088530022 -0.33685672173618325 0 0 0 0 1
1685094156.233116627 0.1383471753311432 -0.34932893411598415 0 0 0 0 1
1685094156.266449928 0.14492972390144757 -0.3600513224409287 0 0 0 0 1
1685094156.299783230 0.15334608811175024 -0.37091726295217803 0 0 0 0 1
1685094156.333116531 0.16204486922954886 -0.3818782071239329 0 0 0 0 1
1685094156.366450071 0.17112400649963777 -0.393465092391457 0 0 0 0 1
1685094156.399783373 0.17794706015632253 -0.4046669432491177 0 0 0 0 1
1685094156.433116674 0.18272938231218422 -0.41184524215481266 0 0 0 0 1
1685094156.466449976 0.18625437926184887 -0.41986110573853513 0 0 0 0 1
1685094156.499783278 0.19166678584439822 -0.4306139455191662 0 0 0 0 1
1685094156.533116579 0.1992344252406826 -0.439596185053893 0 0 0 0 1
1685094156.566449881 0.2078716234493151 -0.447447744769459 0 0 0 0 1
1685094156.599783182 0.21749755219011235 -0.4563371520985577 0 0 0 0 1
1685094156.633116722 0.22538906094924172 -0.46754929068117973 0 0 0 0 1
1685094156.666450024 0.23366961059367053 -0.4766863471531824 0 0 0 0 1
1685094156.699783325 0.24169830474019494 -0.4882702544543083 0 0 0 0 1
1685094156.733116627 0.2499335101097478 -0.49482680887791836 0 0 0 0 1
1685094156.766449928 0.25226780553695605 -0.4987016101349482 0 0 0 0 1
1685094156.799783230 0.27082455344371964 -0.5030831796766208 0 0 0 0 1
