1685094141.930103302 1.0937235779868651e-20 -6.522365047511503e-21 0 0 0 0 1
1685094141.963436604 0.0006898870105073244 -0.011544301346961026 0 0 0 0 1
1685094141.996769905 -0.001376085787735065 -0.023089543355358684 0 0 0 0 1
1685094142.030103445 -0.0030477454605487273 -0.03303696944400898 0 0 0 0 1
1685094142.063436747 -0.002803597313468487 -0.044573177611684875 0 0 0 0 1
1685094142.096770048 -0.003000515913631492 -0.05803879125617056 0 0 0 0 1
1685094142.130103350 -0.0028864384742023413 -0.07132587959555613 0 0 0 0 1
1685094142.163436651 -0.0038978154966897095 -0.08393596404076689 0 0 0 0 1
1685094142.196769953 -0.0044388242285613 -0.09825383261771563 0 0 0 0 1
1685094142.230103254 -0.005224039912558398 -0.10788879149947939 0 0 0 0 1
1685094142.263436794 -0.007814190997038614 -0.11914938074090921 0 0 0 0 1
1685094142.296770096 -0.008908517656338065 -0.13448694183948195 0 0 0 0 1
1685094142.330103397 -0.01007402328103158 -0.14317799186218108 0 0 0 0 1
1685094142.363436699 -0.01663698633076105 -0.15821603048792984 0 0 0 0 1
1685094142.396770000 -0.021301744684432137 -0.1673577337879886 0 0 0 0 1
1685094142.430103302 -0.027628936761512093 -0.17307357592281206 0 0 0 0 1
1685094142.463436604 -0.03323394674675426 -0.1854519810164125 0 0 0 0 1
1685094142.496769905 -0.04152365684579547 -0.19480224510977398 0 0 0 0 1
1685094142.530103445 -0.04946677642858273 -0.2046518229911103 0 0 0 0 1
1685094142.563436747 -0.05582783005115987 -0.2107809867835692 0 0 0 0 1
1685094142.596770048 -0.0699358783669808 -0.22138948689545462 0 0 0 0 1
1685094142.630103350 -0.08356115633313935 -0.22260877485859987 0 0 0 0 1
1685094142.663436651 -0.09971828411059133 -0.22065395094787296 0 0 0 0 1
1685094142.696769953 -0.11313432148829203 -0.21411725671994888 0 0 0 0 1
1685094142.730103254 -0.12541125897867927 -0.20481250349707508 0 0 0 0 1
1685094142.763436794 -0.13651532219415952 -0.20336134943887188 0 0 0 0 1
1685094142.796770096 -0.1437688454109208 -0.18787571691806737 0 0 0 0 1
1685094142.830103397 -0.15401846706262398 -0.17372476381312524 0 0 0 0 1
1685094142.863436699 -0.1594625230557911 -0.16574662632598777 0 0 0 0 1
1685094142.896770000 -0.17189415554148565 -0.1519234729503155 0 0 0 0 1
1685094142.930103302 -0.17518691204794876 -0.1459218928204079 0 0 0 0 1
1685094142.963436604 -0.18188866469298148 -0.13040487693543484 0 0 0 0 1
1685094142.996769905 -0.18404049656615395 -0.11610038078511643 0 0 0 0 1
1685094143.030103445 -0.1840859085403556 -0.10191338200370448 0 0 0 0 1
1685094143.063436747 -0.17698974565259404 -0.09772817473262037 0 0 0 0 1
1685094143.096770048 -0.16748449604616097 -0.0907005274963883 0 0 0 0 1
1685094143.130103350 -0.15424609496081432 -0.08406204249208965 0 0 0 0 1
1685094143.163436651 -0.14247113564275737 -0.07559523442305885 0 0 0 0 1
1685094143.196769953 -0.1313671974336505 -0.06560008969625185 0 0 0 0 1
1685094143.230103254 -0.12203627724219736 -0.053623068587983685 0 0 0 0 1
1685094143.263436794 -0.11684399921289683 -0.04078144094206926 0 0 0 0 1
1685094143.296770096 -0.1176542876116435 -0.031917278648392694 0 0 0 0 1
