1685094199.631875992 -1.1108115027316423e-19 1.8274292441289458e-19 0 0 0 0 1
1685094199.665209532 0.00043017032806113914 -0.01722528491309809 0 0 0 0 1
1685094199.698542833 0.0007878180052227466 -0.035568538922204615 0 0 0 0 1
1685094199.731876135 0.0010858025217187304 -0.05987793228325312 0 0 0 0 1
1685094199.765209436 0.00124981919350823 -0.079919393296395 0 0 0 0 1
1685094199.798542738 0.0015474335203491606 -0.10082574755416839 0 0 0 0 1
1685094199.831876040 0.001734845703649444 -0.12229037677117309 0 0 0 0 1
1685094199.865209341 0.0017623557891364512 -0.14470672869287374 0 0 0 0 1
1685094199.898542643 0.0017896712364134392 -0.16712308085259578 0 0 0 0 1
1685094199.931876183 0.0017487643416430072 -0.19083286684343845 0 0 0 0 1
1685094199.965209484 0.001625016280035465 -0.2150448150279267 0 0 0 0 1
1685094199.998542786 0.01570907452964528 -0.2335784752669365 0 0 0 0 1
1685094200.031876087 0.02904515482248419 -0.2548648970113498 0 0 0 0 1
1685094200.065209389 0.04267256201533897 -0.27637548332392925 0 0 0 0 1
1685094200.098542690 0.05657785329942784 -0.29854543837912617 0 0 0 0 1
1685094200.131875992 0.07082115622734154 -0.32126711544600084 0 0 0 0 1
1685094200.165209532 0.08503773748674257 -0.34400552137787077 0 0 0 0 1
1685094200.198542833 0.09923167592421597 -0.3669575356910739 0 0 0 0 1
1685094200.231876135 0.11355477575642013 -0.3899998706377691 0 0 0 0 1
1685094200.265209436 0.1278535318622953 -0.41305731981203103 0 0 0 0 1
1685094200.298542738 0.14212792829280477 -0.43612985749525157 0 0 0 0 1
1685094200.331876040 0.15753162926875353 -0.4601833998662174 0 0 0 0 1
1685094200.365209341 0.1679570275147432 -0.4569119705390485 0 0 0 0 1
1685094200.398542643 0.17166026611614804 -0.446632028793532 0 0 0 0 1
1685094200.431876183 0.1896023109912716 -0.42516188495837315 0 0 0 0 1
1685094200.465209484 0.20732470471323045 -0.4041169649734734 0 0 0 0 1
1685094200.498542786 0.22501783387749008 -0.38304743539201896 0 0 0 0 1
1685094200.531876087 0.23083938517486183 -0.3823659710799001 0 0 0 0 1
1685094200.565209389 0.22029664217107311 -0.3563380802129518 0 0 0 0 1
1685094200.598542690 0.20952020681330602 -0.33040607346442624 0 0 0 0 1
1685094200.631875992 0.19851095102583347 -0.3045720489999392 0 0 0 0 1
1685094200.665209532 0.1872697655704918 -0.27883809705733387 0 0 0 0 1
1685094200.698542833 0.17577409154410406 -0.25245964444803753 0 0 0 0 1
1685094200.731876135 0.16483213529596255 -0.2259272959381572 0 0 0 0 1
1685094200.765209436 0.154326427648576 -0.1992376143692349 0 0 0 0 1
1685094200.798542738 0.14375680209740185 -0.17235335465859278 0 0 0 0 1
1685094200.831876040 0.13298697228488854 -0.14516533854250416 0 0 0 0 1
1685094200.865209341 0.12246045451057815 -0.11788219579709591 0 0 0 0 1
1685094200.898542643 0.1124210899457895 -0.09041827530468281 0 0 0 0 1
1685094200.931876183 0.1023873002436615 -0.06295231757712863 0 0 0 0 1
1685094200.965209484 0.09235908581759944 -0.035484323746066936 0 0 0 0 1
1685094200.998542786 0.08233644708077896 -0.008014294943215136 0 0 0 0 1
1685094201.031876087 0.07231938444614591 0.019457767699625515 0 0 0 0 1
1685094201.065209389 0.06230789832641645 0.04693186305056994 0 0 0 0 1
1685094201.098542690 0.052301989134076944 0.07440798997764934 0 0 0 0 1
1685094201.131875992 0.042301657281383985 0.10188614734881121 0 0 0 0 1
1685094201.165209532 0.03113127616243518 0.1304167219978157 0 0 0 0 1
1685094201.198542833 0.029857046946422043 0.11114334379559894 0 0 0 0 1
1685094201.231876135 0.0013211299957233455 0.09970016124769861 0 0 0 0 1
1685094201.265209436 -0.027115158397040956 0.08801159908268946 0 0 0 0 1
1685094201.298542738 -0.055449708264437216 0.07607852458976103 0 0 0 0 1
1685094201.331876040 -0.08368041718801195 0.06390182320087318 0 0 0 0 1
1685094201.365209341 -0.1118051904542908 0.0514823984250572 0 0 0 0 1
1685094201.398542643 -0.13982194121020597 0.03882117178137564 0 0 0 0 1
1685094201.431876183 -0.16855997628050143 0.02634690338512376 0 0 0 0 1
1685094201.465209484 -0.19730887763797963 0.013897698492390743 0 0 0 0 1
1685094201.498542786 -0.200854169006631 0.0014609397101183284 0 0 0 0 1
1685094201.531876087 -0.2135538493942361 -0.0009804078582835015 0 0 0 0 1
1685094201.565209389 -0.22145764787382596 0.00925541304143417 0 0 0 0 1
1685094201.598542690 -0.19113968508257773 0.01664316014691798 0 0 0 0 1
1685094201.631875992 -0.16131288326900567 0.02406079103704574 0 0 0 0 1
1685094201.665209532 -0.17333115852424613 0.01176568945115894 0 0 0 0 1
1685094201.698542833 -0.18319199359256869 0.025850162990249434 0 0 0 0 1
1685094201.731876135 -0.16752706157332306 0.03293665492564404 0 0 0 0 1
1685094201.765209436 -0.16345930892752003 0.01623151046261819 0 0 0 0 1
1685094201.798542738 -0.1365306293546139 0.001981582107445348 0 0 0 0 1
1685094201.831876040 -0.10956404841529584 -0.012196490896705017 0 0 0 0 1
1685094201.865209341 -0.08336250679274244 -0.02619263401472919 0 0 0 0 1
1685094201.898542643 -0.07438652771094205 -0.015504039656722972 0 0 0 0 1
1685094201.931876183 -0.0850208201637142 -0.006463792212331085 0 0 0 0 1
1685094201.965209484 -0.09412500746808238 -0.017043396333180885 0 0 0 0 1
1685094201.998542786 -0.08360047611859009 -0.026211192671476948 0 0 0 0 1
1685094202.031876087 -0.07436940388382626 -0.015742116531554533 0 0 0 0 1
1685094202.065209389 -0.06106892591088888 0.01852679060538066 0 0 0 0 1
1685094202.098542690 -0.037263436905868585 0.046536778179464625 0 0 0 0 1
1685094202.131875992 -0.010331379887736409 0.05720779939847337 0 0 0 0 1
1685094202.165209532 0.016600676590593624 0.06787882197986167 0 0 0 0 1
1685094202.198542833 0.03427412820033036 0.0690721371130783 0 0 0 0 1
1685094202.231876135 0.060800895485950114 0.07576663807125397 0 0 0 0 1
1685094202.265209436 0.07889951479965895 0.08282593406893758 0 0 0 0 1
1685094202.298542738 0.10392575595976339 0.07708843109974917 0 0 0 0 1
