1685094163.338780165 2.2639102390634514e-20 1.2140946217842043e-19 0 0 0 0 1
1685094163.372113466 0.0005729689874627282 -0.013018024962218305 0 0 0 0 1
1685094163.405446768 0.0011136704245793211 -0.027153139061859788 0 0 0 0 1
1685094163.438780069 0.001275288666581801 -0.04222593538258271 0 0 0 0 1
1685094163.472113371 0.001047282211867086 -0.057941968213164934 0 0 0 0 1
1685094163.505446672 0.00028500780336029196 -0.07432949804166078 0 0 0 0 1
1685094163.538779974 -0.0011193678405376406 -0.09139841393351884 0 0 0 0 1
1685094163.572113514 -0.0026787264612703567 -0.10938176616744855 0 0 0 0 1
1685094163.605446815 -0.004242758391755363 -0.12806684475715854 0 0 0 0 1
1685094163.638780117 -0.006135844775881317 -0.15245835048314602 0 0 0 0 1
1685094163.672113419 -0.007339072818206427 -0.17262058768449925 0 0 0 0 1
1685094163.705446720 -0.006614358742432622 -0.19091625666607961 0 0 0 0 1
1685094163.738780022 -0.006726204479215698 -0.21246032311166407 0 0 0 0 1
1685094163.772113323 -0.006727770955026386 -0.23483111826759517 0 0 0 0 1
1685094163.805446625 -0.006516075100655364 -0.25754429230385417 0 0 0 0 1
1685094163.838780165 -0.006445285979063428 -0.2804757809701771 0 0 0 0 1
1685094163.872113466 -0.006207493548721798 -0.30354176368095687 0 0 0 0 1
1685094163.905446768 -0.006173051464790763 -0.32678853331323704 0 0 0 0 1
1685094163.938780069 -0.006415384890582114 -0.35032965463755983 0 0 0 0 1
1685094163.972113371 -0.006658271588268875 -0.37433990243903537 0 0 0 0 1
1685094164.005446672 -0.006870520158674699 -0.39845735903256835 0 0 0 0 1
1685094164.038779974 -0.00862261202638937 -0.4183244848450566 0 0 0 0 1
1685094164.072113514 -0.013267720363194537 -0.4422506968446361 0 0 0 0 1
1685094164.105446815 -0.01782120998296039 -0.4661945140923551 0 0 0 0 1
1685094164.138780117 -0.022475311215887674 -0.49124915886439474 0 0 0 0 1
1685094164.172113419 -0.027126393759106443 -0.5163043641941382 0 0 0 0 1
1685094164.205446720 -0.03166503687426896 -0.5416700262550024 0 0 0 0 1
1685094164.238780022 -0.030679272277491527 -0.5621867461520017 0 0 0 0 1
1685094164.272113323 -0.03334540389195845 -0.5879639585236717 0 0 0 0 1
1685094164.305446625 -0.03572290657613842 -0.6138136765083243 0 0 0 0 1
1685094164.338780165 -0.03755478160793829 -0.6394302188211873 0 0 0 0 1
1685094164.372113466 -0.039221727607177154 -0.6650580220285335 0 0 0 0 1
1685094164.405446768 -0.04140303210835054 -0.6905608814161158 0 0 0 0 1
1685094164.438780069 -0.016465572905306463 -0.6865199670051015 0 0 0 0 1
1685094164.472113371 -0.03888043746791796 -0.6741291537854333 0 0 0 0 1
1685094164.505446672 -0.061114125494859 -0.6609237651945602 0 0 0 0 1
1685094164.538779974 -0.0838469598251991 -0.6474459907448123 0 0 0 0 1
1685094164.572113514 -0.10647155321794886 -0.6337872962749259 0 0 0 0 1
1685094164.605446815 -0.12898646584620227 -0.6199485510228779 0 0 0 0 1
1685094164.638780117 -0.15139026486312657 -0.6059306356850601 0 0 0 0 1
1685094164.672113419 -0.1740034458256424 -0.5915706018923657 0 0 0 0 1
1685094164.705446720 -0.19658588719017064 -0.5771622756263327 0 0 0 0 1
1685094164.738780022 -0.21906048877241352 -0.563205619889114 0 0 0 0 1
1685094164.772113323 -0.22842380963326925 -0.5635632551761881 0 0 0 0 1
1685094164.805446625 -0.2375632129643919 -0.5614966184657425 0 0 0 0 1
1685094164.838780165 -0.26478343843298896 -0.5401224131785739 0 0 0 0 1
1685094164.872113466 -0.2906381925412183 -0.532919505858445 0 0 0 0 1
1685094164.905446768 -0.31652051628177547 -0.5258163022397699 0 0 0 0 1
1685094164.938780069 -0.3341078282113675 -0.5151777630744054 0 0 0 0 1
1685094164.972113371 -0.3521272265908479 -0.5052887116273079 0 0 0 0 1
1685094165.005446672 -0.3705467906589789 -0.49616666602219384 0 0 0 0 1
1685094165.038779974 -0.3980250844655276 -0.49168524976370126 0 0 0 0 1
1685094165.072113514 -0.4258462553044697 -0.48716031535526616 0 0 0 0 1
1685094165.105446815 -0.4537614004929216 -0.4824284088120991 0 0 0 0 1
1685094165.138780117 -0.48156491278180313 -0.4775873392768773 0 0 0 0 1
1685094165.172113419 -0.5090812379739601 -0.4729001623641444 0 0 0 0 1
1685094165.205446720 -0.5364792199227093 -0.4683554763485747 0 0 0 0 1
1685094165.238780022 -0.5503433424175089 -0.47916150421947595 0 0 0 0 1
1685094165.272113323 -0.5571090497114001 -0.49538523177238103 0 0 0 0 1
1685094165.305446625 -0.5550303281264275 -0.5128398313802114 0 0 0 0 1
1685094165.338780165 -0.544643629531164 -0.5270208265211969 0 0 0 0 1
1685094165.372113466 -0.528629430190449 -0.5342685537769194 0 0 0 0 1
1685094165.405446768 -0.5069518014555743 -0.5536943083742024 0 0 0 0 1
1685094165.438780069 -0.4858307491875271 -0.5729655287264989 0 0 0 0 1
1685094165.472113371 -0.4646712438082773 -0.5919759184483881 0 0 0 0 1
1685094165.505446672 -0.4435398008181946 -0.611019368576688 0 0 0 0 1
1685094165.538779974 -0.4223979199210455 -0.6300512299612957 0 0 0 0 1
1685094165.572113514 -0.4017788752911346 -0.6488946369006381 0 0 0 0 1
1685094165.605446815 -0.3811639478305028 -0.667742547987143 0 0 0 0 1
1685094165.638780117 -0.36035406779427104 -0.686816685167515 0 0 0 0 1
1685094165.672113419 -0.346675044793824 -0.6947646246138693 0 0 0 0 1
1685094165.705446720 -0.33098390828959023 -0.6967829523610835 0 0 0 0 1
1685094165.738780022 -0.31573878050988785 -0.6925554837721735 0 0 0 0 1
1685094165.772113323 -0.3145839643233437 -0.6906086932058456 0 0 0 0 1
1685094165.805446625 -0.30786471594494896 -0.707020224922889 0 0 0 0 1
1685094165.838780165 -0.3166440139345198 -0.7224283591019647 0 0 0 0 1
1685094165.872113466 -0.3447372073860629 -0.722770527954753 0 0 0 0 1
1685094165.905446768 -0.3728296540009972 -0.7231693274240464 0 0 0 0 1
1685094165.938780069 -0.39994969037516476 -0.7237342918502281 0 0 0 0 1
1685094165.972113371 -0.42706560825717615 -0.7244708752840858 0 0 0 0 1
1685094166.005446672 -0.4532446264415692 -0.7253271546710353 0 0 0 0 1
1685094166.038779974 -0.47910255831491283 -0.7264175951496599 0 0 0 0 1
1685094166.072113514 -0.5048935066998209 -0.7271998353278604 0 0 0 0 1
1685094166.105446815 -0.5255629895520327 -0.727877227403582 0 0 0 0 1
1685094166.138780117 -0.5505465690165243 -0.7302268776595972 0 0 0 0 1
1685094166.172113419 -0.5752501788460012 -0.73215765527897 0 0 0 0 1
1685094166.205446720 -0.6004524527282854 -0.7348831994297622 0 0 0 0 1
1685094166.238780022 -0.6222079454033882 -0.7378755101494799 0 0 0 0 1
1685094166.272113323 -0.6413272915799454 -0.753145951528148 0 0 0 0 1
1685094166.305446625 -0.6603899770637296 -0.7682873375376059 0 0 0 0 1
