1685094284.283774853 6.968191355597431e-19 1.0006215296115048e-17 0 0 0 0 1
1685094284.317108154 0.0005553894123171536 -0.013533398117039106 0 0 0 0 1
1685094284.350441456 0.001082811876726273 -0.02790688485138474 0 0 0 0 1
1685094284.383774996 0.001742138560315086 -0.04282211020246608 0 0 0 0 1
1685094284.417108297 0.0033153236917709823 -0.05580098630739125 0 0 0 0 1
1685094284.450441599 0.004246660060139528 -0.07493470864002325 0 0 0 0 1
1685094284.483774900 0.004960641290950924 -0.09019041504674821 0 0 0 0 1
1685094284.517108202 0.005970676024987523 -0.10617512908802858 0 0 0 0 1
1685094284.550441504 0.007199011146343181 -0.12308403646012112 0 0 0 0 1
1685094284.583774805 0.008600749185630892 -0.14029685094503877 0 0 0 0 1
1685094284.617108345 0.010086590287200383 -0.1574513171584491 0 0 0 0 1
1685094284.650441647 0.01168041181695087 -0.175189377614261 0 0 0 0 1
1685094284.683774948 0.012811269026298283 -0.19034110133553317 0 0 0 0 1
1685094284.717108250 0.014650934371928671 -0.20968775899236805 0 0 0 0 1
1685094284.750441551 0.01633206127573365 -0.2301298886931243 0 0 0 0 1
1685094284.783774853 0.014674385427661224 -0.2374239387247308 0 0 0 0 1
1685094284.817108154 0.03157520350962494 -0.25154051042735665 0 0 0 0 1
1685094284.850441456 0.04893931410216511 -0.2659856349339689 0 0 0 0 1
1685094284.883774996 0.06701073128875616 -0.280689818860412 0 0 0 0 1
1685094284.917108297 0.0850258733818187 -0.2954628957044973 0 0 0 0 1
1685094284.950441599 0.1037218935027025 -0.3110590049564216 0 0 0 0 1
1685094284.983774900 0.12270665650889961 -0.3271428436179501 0 0 0 0 1
1685094285.017108202 0.14163616134156004 -0.3432916807055499 0 0 0 0 1
1685094285.050441504 0.16051018546569606 -0.3595053263737235 0 0 0 0 1
1685094285.083774805 0.17932850699855046 -0.3757835900150847 0 0 0 0 1
1685094285.117108345 0.19916871316593937 -0.3927787416380081 0 0 0 0 1
1685094285.150441647 0.21900948010037832 -0.4097732385974336 0 0 0 0 1
1685094285.183774948 0.23929192680243105 -0.4270339820949286 0 0 0 0 1
1685094285.217108250 0.26017861952515015 -0.44427948026173875 0 0 0 0 1
1685094285.250441551 0.28147348489846813 -0.4616114757155273 0 0 0 0 1
1685094285.283774853 0.30276127191875235 -0.4789405735767287 0 0 0 0 1
1685094285.317108154 0.3241472601565931 -0.49614833391894103 0 0 0 0 1
1685094285.350441456 0.31933329317073655 -0.5041501458380289 0 0 0 0 1
1685094285.383774996 0.3372931914966742 -0.5105082116364698 0 0 0 0 1
1685094285.417108297 0.3256018326710443 -0.4849835585219774 0 0 0 0 1
1685094285.450441599 0.31481828457928007 -0.45906231475634357 0 0 0 0 1
1685094285.483774900 0.3042405233103831 -0.4630782990454488 0 0 0 0 1
1685094285.517108202 0.31025698033134536 -0.47074608910514854 0 0 0 0 1
1685094285.550441504 0.33750981661286544 -0.46000498050258176 0 0 0 0 1
1685094285.583774805 0.3647555343119347 -0.4492458278193033 0 0 0 0 1
1685094285.617108345 0.3927846645371961 -0.43849891988218 0 0 0 0 1
1685094285.650441647 0.42157268233106443 -0.42739091155382436 0 0 0 0 1
1685094285.683774948 0.450365369817837 -0.4162950129957108 0 0 0 0 1
1685094285.717108250 0.479162721903501 -0.40521122617092953 0 0 0 0 1
1685094285.750441551 0.5079647334932186 -0.39413955304042814 0 0 0 0 1
1685094285.783774853 0.5367713994913275 -0.38307999556301103 0 0 0 0 1
1685094285.817108154 0.5658581634593204 -0.3717533923614896 0 0 0 0 1
1685094285.850441456 0.5949241096234561 -0.3603680159466695 0 0 0 0 1
1685094285.883774996 0.6240196849507762 -0.3490585721541651 0 0 0 0 1
1685094285.917108297 0.6114084056372213 -0.35107663733222105 0 0 0 0 1
1685094285.950441599 0.5917107804201015 -0.3756650227190072 0 0 0 0 1
1685094285.983774900 0.5717450917615867 -0.40075474160047775 0 0 0 0 1
1685094286.017108202 0.5517330018366058 -0.4258074654842083 0 0 0 0 1
1685094286.050441504 0.5316745791941012 -0.4508231085551873 0 0 0 0 1
1685094286.083774805 0.5115698925417222 -0.47580158512541915 0 0 0 0 1
1685094286.117108345 0.5014136662543522 -0.4876324479386775 0 0 0 0 1
1685094286.150441647 0.49808584936025235 -0.5028654345803624 0 0 0 0 1
1685094286.183774948 0.5023831090823002 -0.5178538236261427 0 0 0 0 1
1685094286.217108250 0.5132766971216283 -0.5290094494237308 0 0 0 0 1
1685094286.250441551 0.5281587282469751 -0.5336616958585849 0 0 0 0 1
1685094286.283774853 0.5434664985041568 -0.5306968321079638 0 0 0 0 1
1685094286.317108154 0.5555353835441413 -0.5208246357364341 0 0 0 0 1
1685094286.350441456 0.5571045603089394 -0.49672899975589085 0 0 0 0 1
1685094286.383774996 0.5786337595967576 -0.5076631465928161 0 0 0 0 1
1685094286.417108297 0.5601028468452728 -0.5231443371679265 0 0 0 0 1
1685094286.450441599 0.5531731895785488 -0.5000133657401683 0 0 0 0 1
1685094286.483774900 0.577163618750735 -0.5027558640829837 0 0 0 0 1
1685094286.517108202 0.5651924650590051 -0.5237261637545433 0 0 0 0 1
1685094286.550441504 0.5506334850392295 -0.5044622573539763 0 0 0 0 1
1685094286.583774805 0.5740749016064862 -0.4986689872630545 0 0 0 0 1
1685094286.617108345 0.5701656091349235 -0.5224971097530412 0 0 0 0 1
1685094286.650441647 0.5498041207113441 -0.5095174418758391 0 0 0 0 1
1685094286.683774948 0.5697551705339176 -0.495915324393505 0 0 0 0 1
1685094286.717108250 0.5533154794910692 -0.4999205493194699 0 0 0 0 1
1685094286.750441551 0.5815885855101415 -0.5117367564835081 0 0 0 0 1
1685094286.783774853 0.6098076836486608 -0.5236813693260324 0 0 0 0 1
1685094286.817108154 0.6376367372810976 -0.535423388062389 0 0 0 0 1
1685094286.850441456 0.6654803749747086 -0.5471307818829162 0 0 0 0 1
1685094286.883774996 0.6923535039380259 -0.5587322918609672 0 0 0 0 1
1685094286.917108297 0.7190284112071486 -0.5702361284112043 0 0 0 0 1
1685094286.950441599 0.7455661585483798 -0.581864961735228 0 0 0 0 1
1685094286.983774900 0.772111578048917 -0.5934762709622462 0 0 0 0 1
1685094287.017108202 0.7980794991128973 -0.6048638397510723 0 0 0 0 1
1685094287.050441504 0.8239752470167294 -0.6164145924454437 0 0 0 0 1
