1685094192.940729380 -2.6572660672362845e-20 -9.430021559931469e-19 0 0 0 0 1
1685094192.974062681 -0.00040565978799219753 -0.01847845406188679 0 0 0 0 1
1685094193.007395983 -0.0008747368380558884 -0.037158306237179195 0 0 0 0 1
1685094193.040729284 -0.0013524132243901024 -0.056455976758446304 0 0 0 0 1
1685094193.074062586 -0.0016995104685744084 -0.0762587131014892 0 0 0 0 1
1685094193.107395887 -0.0019165578722400577 -0.09662434608420575 0 0 0 0 1
1685094193.140729189 -0.0025761981051123945 -0.11735830942214699 0 0 0 0 1
1685094193.174062729 -0.0030235837203991356 -0.13887359245667788 0 0 0 0 1
1685094193.207396030 -0.003455319579775381 -0.1607177087286783 0 0 0 0 1
1685094193.240729332 -0.003711416502846895 -0.1826508081186073 0 0 0 0 1
1685094193.274062634 -0.0039055433633554118 -0.21042105434358782 0 0 0 0 1
1685094193.307395935 -0.0039095775677128455 -0.2330041311644396 0 0 0 0 1
1685094193.340729237 -0.00377023453231793 -0.2561586199173507 0 0 0 0 1
1685094193.374062538 -0.003325206095676219 -0.27996485212643957 0 0 0 0 1
1685094193.407395840 -0.002838252070159349 -0.30435796192914577 0 0 0 0 1
1685094193.440729380 -0.0025800632955621625 -0.32917908595647466 0 0 0 0 1
1685094193.474062681 -0.002701623165143429 -0.3545547594956436 0 0 0 0 1
1685094193.507395983 -0.002465291304313775 -0.3804389571923388 0 0 0 0 1
1685094193.540729284 -0.0020957785861503565 -0.40651556275942585 0 0 0 0 1
1685094193.574062586 -0.0017189200853998732 -0.4328054868350927 0 0 0 0 1
1685094193.607395887 -0.0014633978642376404 -0.45943412871553696 0 0 0 0 1
1685094193.640729189 -0.0012744901821376835 -0.48624546326656953 0 0 0 0 1
1685094193.674062729 -0.0011657206106443052 -0.5131159199505476 0 0 0 0 1
1685094193.707396030 -0.0010258446237475065 -0.5399716861869974 0 0 0 0 1
1685094193.740729332 -0.0008732419105440626 -0.566641530967152 0 0 0 0 1
1685094193.774062634 -0.0006936237632218616 -0.5934739821563548 0 0 0 0 1
1685094193.807395935 7.026687904535687e-05 -0.6197190638584802 0 0 0 0 1
1685094193.840729237 0.00022466456472609937 -0.6468899213730135 0 0 0 0 1
1685094193.874062538 0.00043266315979731895 -0.673949990483236 0 0 0 0 1
1685094193.907395840 0.0007827188267515558 -0.7011387959572443 0 0 0 0 1
1685094193.940729380 0.0011153930800521829 -0.72895836945613 0 0 0 0 1
1685094193.974062681 0.0016052690107453207 -0.7569690794175884 0 0 0 0 1
1685094194.007395983 0.0018511102807106871 -0.7851230123438094 0 0 0 0 1
1685094194.040729284 0.0019700884547996776 -0.8133678447106931 0 0 0 0 1
1685094194.074062586 0.0021355212909124166 -0.8416175420061232 0 0 0 0 1
1685094194.107395887 0.0025104488059852453 -0.8697121852104494 0 0 0 0 1
1685094194.140729189 0.0026825292158000414 -0.8977415290841081 0 0 0 0 1
1685094194.174062729 0.0027228049055957417 -0.925735780949479 0 0 0 0 1
1685094194.207396030 0.00285829140296426 -0.9540997298795301 0 0 0 0 1
1685094194.240729332 0.0033741917862644562 -0.9828478438632278 0 0 0 0 1
1685094194.274062634 0.0042161735463865264 -1.0110583630558303 0 0 0 0 1
1685094194.307395935 0.0046672126676946995 -1.0385569792729212 0 0 0 0 1
1685094194.340729237 0.006454381538597569 -1.0665395442937862 0 0 0 0 1
1685094194.374062538 0.008456852509530544 -1.0947722208482944 0 0 0 0 1
1685094194.407395840 0.010585588592465011 -1.122946713913952 0 0 0 0 1
1685094194.440729380 0.012441154895674865 -1.1512771061770317 0 0 0 0 1
1685094194.474062681 0.013992616502978632 -1.1799144790660845 0 0 0 0 1
1685094194.507395983 0.015492318938125667 -1.2085140111807102 0 0 0 0 1
1685094194.540729284 0.016832596407411256 -1.236883731049267 0 0 0 0 1
1685094194.574062586 0.01787065230301195 -1.2650523884716658 0 0 0 0 1
1685094194.607395887 0.01937921602073129 -1.2927119157706288 0 0 0 0 1
1685094194.640729189 0.020945073385402472 -1.32153986831943 0 0 0 0 1
1685094194.674062729 0.022534346540840477 -1.3504196457364595 0 0 0 0 1
1685094194.707396030 0.022739109640733775 -1.377798064176405 0 0 0 0 1
1685094194.740729332 0.021424151520479356 -1.4073653884750812 0 0 0 0 1
1685094194.774062634 0.01996535660088299 -1.4365555986353948 0 0 0 0 1
1685094194.807395935 0.018511108008322476 -1.4658147521570264 0 0 0 0 1
1685094194.840729237 0.01712829991196216 -1.4949400796200905 0 0 0 0 1
1685094194.874062538 0.015380057411508906 -1.5246385893547758 0 0 0 0 1
1685094194.907395840 0.013564751749812228 -1.5543101803410342 0 0 0 0 1
1685094194.940729380 0.011637549803968755 -1.5839189345339157 0 0 0 0 1
1685094194.974062681 0.009534909184284771 -1.6136375544464268 0 0 0 0 1
1685094195.007395983 0.007535293194186797 -1.6437945922024473 0 0 0 0 1
1685094195.040729284 0.005101494642394134 -1.673092514262199 0 0 0 0 1
1685094195.074062586 0.001964843208630396 -1.7019833290759576 0 0 0 0 1
1685094195.107395887 -0.0035451624848147397 -1.7321286141796175 0 0 0 0 1
1685094195.140729189 -0.008760933487906072 -1.7625342320557995 0 0 0 0 1
1685094195.174062729 -0.013795604433279615 -1.7928453465974532 0 0 0 0 1
1685094195.207396030 -0.01884481745487482 -1.8232497777924772 0 0 0 0 1
1685094195.240729332 -0.02348137067854748 -1.852969753771951 0 0 0 0 1
1685094195.274062634 -0.025498422744648662 -1.8823375729653216 0 0 0 0 1
1685094195.307395935 -0.027739236739221886 -1.9125408002938549 0 0 0 0 1
1685094195.340729237 -0.029331188720262403 -1.9394698301852433 0 0 0 0 1
1685094195.374062538 -0.027758434778691218 -1.9696640035338657 0 0 0 0 1
1685094195.407395840 -0.026393570584805952 -1.9992734871381699 0 0 0 0 1
1685094195.440729380 -0.024925302209646505 -2.0298491483487835 0 0 0 0 1
1685094195.474062681 -0.023238990796577045 -2.0607296658682928 0 0 0 0 1
1685094195.507395983 -0.02164526770805976 -2.0917472721517356 0 0 0 0 1
1685094195.540729284 -0.020540548010818047 -2.1226336198187394 0 0 0 0 1
1685094195.574062586 -0.019909501603485258 -2.1536352261529754 0 0 0 0 1
1685094195.607395887 -0.01925608206137323 -2.1846102097735742 0 0 0 0 1
1685094195.640729189 -0.018710246282248717 -2.214735632352269 0 0 0 0 1
1685094195.674062729 -0.018344990198268376 -2.2442418221579716 0 0 0 0 1
1685094195.707396030 -0.017980937572723604 -2.2736218582012757 0 0 0 0 1
1685094195.740729332 -0.017463748070650185 -2.3028716044319903 0 0 0 0 1
1685094195.774062634 -0.01655031246822744 -2.332100172732651 0 0 0 0 1
1685094195.807395935 -0.015496531101802618 -2.360856573504543 0 0 0 0 1
1685094195.840729237 -0.014091354923169508 -2.386349538272872 0 0 0 0 1
1685094195.874062538 -0.015025853114633577 -2.412309944609613 0 0 0 0 1
1685094195.907395840 -0.016118234028919428 -2.441116554273036 0 0 0 0 1
1685094195.940729380 -0.017177501717542176 -2.4696374565021837 0 0 0 0 1
1685094195.974062681 -0.018629951772616164 -2.498450334070899 0 0 0 0 1
1685094196.007395983 -0.020164560324958242 -2.527464282548612 0 0 0 0 1
1685094196.040729284 -0.021678063036671295 -2.5562515872965688 0 0 0 0 1
1685094196.074062586 -0.023350924830590654 -2.584646013421964 0 0 0 0 1
1685094196.107395887 -0.02528715332707707 -2.6128315084539375 0 0 0 0 1
1685094196.140729189 -0.027314968314714663 -2.6408706199168313 0 0 0 0 1
1685094196.174062729 -0.029103586429064108 -2.6688058984430643 0 0 0 0 1
1685094196.207396030 -0.030656971788516535 -2.6961865593998984 0 0 0 0 1
1685094196.240729332 -0.02996074509778963 -2.722748107162983 0 0 0 0 1
1685094196.274062634 -0.02864718527439828 -2.749924317424808 0 0 0 0 1
1685094196.307395935 -0.02716799751010195 -2.7769555451557397 0 0 0 0 1
1685094196.340729237 -0.025553172846896257 -2.8034481392207877 0 0 0 0 1
1685094196.374062538 -0.023706402779185166 -2.8298099688034135 0 0 0 0 1
1685094196.407395840 -0.021660604962096656 -2.855944255460889 0 0 0 0 1
1685094196.440729380 -0.019785714166544587 -2.8815439319446026 0 0 0 0 1
