1685094234.827013016 5.271200534150493e-20 3.125097059865376e-20 0 0 0 0 1
1685094234.860346556 -0.00020398383300688336 -0.018180069230563967 0 0 0 0 1
1685094234.893679857 -0.0006354023587155012 -0.03591998717967473 0 0 0 0 1
1685094234.927013159 -0.0012901645857837146 -0.05251066031026377 0 0 0 0 1
1685094234.960346460 -0.002264846412342673 -0.06904854344430701 0 0 0 0 1
1685094234.993679762 -0.003591294670591654 -0.08608722295416012 0 0 0 0 1
1685094235.027013063 -0.004892305034203159 -0.10435717945754344 0 0 0 0 1
1685094235.060346365 0.0105535130329792 -0.08840225385980824 0 0 0 0 1
1685094235.093679905 -0.0054909307207914055 -0.07752384664745109 0 0 0 0 1
1685094235.127013206 -0.022672220362178086 -0.06547714999969564 0 0 0 0 1
1685094235.160346508 -0.04038149691706646 -0.052935462294719 0 0 0 0 1
1685094235.193679810 -0.057820035949896945 -0.03998721326428421 0 0 0 0 1
1685094235.227013111 -0.07522358143651495 -0.026991967939592344 0 0 0 0 1
1685094235.260346413 -0.09361468083494708 -0.013526724641348584 0 0 0 0 1
1685094235.293679714 -0.10260065740866557 0.0025428155791554982 0 0 0 0 1
1685094235.327013016 -0.11871261902921433 0.011452506405428829 0 0 0 0 1
1685094235.360346556 -0.1313890895535072 0.002147478901380966 0 0 0 0 1
1685094235.393679857 -0.15145999030201424 -0.012897216317394813 0 0 0 0 1
1685094235.427013159 -0.1716490935612255 -0.028353898941745056 0 0 0 0 1
1685094235.460346460 -0.19167268052787453 -0.04426507010438439 0 0 0 0 1
1685094235.493679762 -0.21185477429368169 -0.06020033529615811 0 0 0 0 1
1685094235.527013063 -0.23272383295882174 -0.07677040306824014 0 0 0 0 1
1685094235.560346365 -0.25359131157571846 -0.09334246062648581 0 0 0 0 1
1685094235.593679905 -0.2753437316960413 -0.11071611200234711 0 0 0 0 1
1685094235.627013206 -0.29751424363277795 -0.1275529746460825 0 0 0 0 1
1685094235.660346508 -0.32038790998829475 -0.14435620729292387 0 0 0 0 1
1685094235.693679810 -0.33965389028172305 -0.1594197062013597 0 0 0 0 1
1685094235.727013111 -0.3515589286001487 -0.17387022650159079 0 0 0 0 1
1685094235.760346413 -0.3595656612366135 -0.1907947562380042 0 0 0 0 1
1685094235.793679714 -0.3631871823806485 -0.20916408009365775 0 0 0 0 1
1685094235.827013016 -0.3688320688746489 -0.23829756255913945 0 0 0 0 1
1685094235.860346556 -0.3699732115418009 -0.2672164473507661 0 0 0 0 1
1685094235.893679857 -0.37193310273007996 -0.29781918024509124 0 0 0 0 1
1685094235.927013159 -0.37372981866352983 -0.32872029438398975 0 0 0 0 1
1685094235.960346460 -0.3757114447845896 -0.3594341680822891 0 0 0 0 1
1685094235.993679762 -0.37728506382138716 -0.39017164687879724 0 0 0 0 1
1685094236.027013063 -0.3784503983058843 -0.42092731099417596 0 0 0 0 1
1685094236.060346365 -0.37920724276072865 -0.4516957374425651 0 0 0 0 1
1685094236.093679905 -0.3818295047313769 -0.47099753806943956 0 0 0 0 1
1685094236.127013206 -0.3933520039782495 -0.47640723118857703 0 0 0 0 1
1685094236.160346508 -0.373722381139084 -0.47626684297454663 0 0 0 0 1
1685094236.193679810 -0.3480404239346791 -0.4939837370095289 0 0 0 0 1
1685094236.227013111 -0.3223399983449312 -0.5116738298470895 0 0 0 0 1
1685094236.260346413 -0.32193054133602755 -0.517445578782202 0 0 0 0 1
1685094236.293679714 -0.3163118270432753 -0.5160632653197285 0 0 0 0 1
1685094236.327013016 -0.31862695413674447 -0.5107603484475535 0 0 0 0 1
1685094236.360346556 -0.32346045882208124 -0.5139412246269953 0 0 0 0 1
1685094236.393679857 -0.319505977100039 -0.518165300279981 0 0 0 0 1
1685094236.427013159 -0.3160136933996129 -0.5135517663451484 0 0 0 0 1
1685094236.460346460 -0.3417433342577279 -0.5221850239562402 0 0 0 0 1
1685094236.493679762 -0.3684298908495261 -0.5271221539869165 0 0 0 0 1
1685094236.527013063 -0.40148278767575174 -0.5313475184736146 0 0 0 0 1
1685094236.560346365 -0.3974657182197829 -0.5063745953595971 0 0 0 0 1
1685094236.593679905 -0.3684747527399275 -0.4898341418084749 0 0 0 0 1
1685094236.627013206 -0.3399485897059155 -0.47358052628236547 0 0 0 0 1
1685094236.660346508 -0.3115255142363486 -0.45714730456643504 0 0 0 0 1
1685094236.693679810 -0.2826145772296588 -0.43951104367191834 0 0 0 0 1
1685094236.727013111 -0.2537007530302983 -0.42187951659362144 0 0 0 0 1
1685094236.760346413 -0.2247840424133722 -0.40425272380420013 0 0 0 0 1
1685094236.793679714 -0.1896062070099694 -0.38155830472122787 0 0 0 0 1
1685094236.827013016 -0.16142411428951034 -0.3631029018693399 0 0 0 0 1
1685094236.860346556 -0.13331262878226346 -0.34454012656213223 0 0 0 0 1
1685094236.893679857 -0.10527215957013042 -0.32587024892746497 0 0 0 0 1
1685094236.927013159 -0.07730311470157478 -0.30709354065176475 0 0 0 0 1
1685094236.960346460 -0.04975312078191502 -0.2863229173028656 0 0 0 0 1
1685094236.993679762 -0.01837120591295816 -0.2719842849262172 0 0 0 0 1
1685094237.027013063 0.015364929267229082 -0.26475281603122364 0 0 0 0 1
1685094237.060346365 0.04986672941746248 -0.2649690234975137 0 0 0 0 1
1685094237.093679905 0.08350958583208004 -0.2726227266234881 0 0 0 0 1
1685094237.127013206 0.11470933544780595 -0.2873535305116381 0 0 0 0 1
1685094237.160346508 0.13641520652194283 -0.3175781065952677 0 0 0 0 1
1685094237.193679810 0.12146177229856407 -0.3312000551759105 0 0 0 0 1
1685094237.227013111 0.11134996258316943 -0.31368109451934645 0 0 0 0 1
1685094237.260346413 0.13062508717783833 -0.30754658149331227 0 0 0 0 1
1685094237.293679714 0.1324988937354623 -0.3276873741090759 0 0 0 0 1
1685094237.327013016 0.11242292221174027 -0.3252139057779075 0 0 0 0 1
1685094237.360346556 0.11912939309904029 -0.30613024977481446 0 0 0 0 1
1685094237.393679857 0.15268980613898636 -0.29335151556960326 0 0 0 0 1
1685094237.427013159 0.17313122386299892 -0.28231640518827655 0 0 0 0 1
1685094237.460346460 0.15724997341736474 -0.28991738666827077 0 0 0 0 1
1685094237.493679762 0.16838316903591147 -0.2731559836687957 0 0 0 0 1
1685094237.527013063 0.17739669796102034 -0.25516573710272933 0 0 0 0 1
1685094237.560346365 0.18938243370331892 -0.23786042397311088 0 0 0 0 1
1685094237.593679905 0.20314690638449356 -0.22193337102513724 0 0 0 0 1
1685094237.627013206 0.21853283434454088 -0.207566570942774 0 0 0 0 1
1685094237.660346508 0.23536440813937248 -0.19492418796378236 0 0 0 0 1
1685094237.693679810 0.2534492994518607 -0.18415068203424179 0 0 0 0 1
1685094237.727013111 0.2725808587580831 -0.1753691581168996 0 0 0 0 1
1685094237.760346413 0.29254047663682664 -0.16867995951520603 0 0 0 0 1
1685094237.793679714 0.3131000817405202 -0.16415952128661185 0 0 0 0 1
1685094237.827013016 0.3428763916116672 -0.14345563181231472 0 0 0 0 1
1685094237.860346556 0.35940926461500855 -0.15967036077265578 0 0 0 0 1
1685094237.893679857 0.35877690355615854 -0.1772446623325373 0 0 0 0 1
1685094237.927013159 0.3572049170651021 -0.19475993607571188 0 0 0 0 1
1685094237.960346460 0.35469781072283346 -0.21216598024476307 0 0 0 0 1
1685094237.993679762 0.3650233868336078 -0.22487377233307373 0 0 0 0 1
1685094238.027013063 0.38637693546293234 -0.2533928613073684 0 0 0 0 1
1685094238.060346365 0.4034853495617846 -0.2595165885686839 0 0 0 0 1
1685094238.093679905 0.4205046279268876 -0.25314932601088674 0 0 0 0 1
1685094238.127013206 0.42939242555553636 -0.23729988053601378 0 0 0 0 1
1685094238.160346508 0.4482185820125031 -0.19820990317291537 0 0 0 0 1
1685094238.193679810 0.45690681947329825 -0.19587278975908035 0 0 0 0 1
1685094238.227013111 0.4623759114747177 -0.20301678037807627 0 0 0 0 1
1685094238.260346413 0.4578523425344798 -0.2107939838167943 0 0 0 0 1
1685094238.293679714 0.44893859003711517 -0.20957226957032832 0 0 0 0 1
1685094238.327013016 0.4466744098562597 -0.20086474079386638 0 0 0 0 1
1685094238.360346556 0.47596071671335044 -0.18868618077941063 0 0 0 0 1
1685094238.393679857 0.5029048502983811 -0.20988223533105232 0 0 0 0 1
1685094238.427013159 0.529687761542405 -0.23128164486727265 0 0 0 0 1
1685094238.460346460 0.5557983974217665 -0.2533581849172128 0 0 0 0 1
1685094238.493679762 0.5817328351479553 -0.27564144918499095 0 0 0 0 1
1685094238.527013063 0.5662259781534333 -0.27121351061416 0 0 0 0 1
1685094238.560346365 0.5527378635320224 -0.2623738263553594 0 0 0 0 1
1685094238.593679905 0.5492434087325765 -0.24095107006530253 0 0 0 0 1
1685094238.627013206 0.5431487100742136 -0.256242864361799 0 0 0 0 1
1685094238.660346508 0.5576004492837203 -0.24836050695027415 0 0 0 0 1
1685094238.693679810 0.5414441142457278 -0.24520500973386758 0 0 0 0 1
1685094238.727013111 0.5518679384634587 -0.2579458187042769 0 0 0 0 1
1685094238.760346413 0.5544866869826566 -0.24685966546823607 0 0 0 0 1
1685094238.793679714 0.5658779286525948 -0.24687549571912124 0 0 0 0 1
1685094238.827013016 0.5684658545690967 -0.25796888459856104 0 0 0 0 1
1685094238.860346556 0.5689351557865611 -0.2614060095587846 0 0 0 0 1
1685094238.893679857 0.5702120202169711 -0.2646314845395059 0 0 0 0 1
1685094238.927013159 0.5722224981721079 -0.26745850594317694 0 0 0 0 1
1685094238.960346460 0.5748501526877864 -0.26972334663760555 0 0 0 0 1
1685094238.993679762 0.5779428029783623 -0.2712948382236811 0 0 0 0 1
1685094239.027013063 0.5813213379970315 -0.27208196766191345 0 0 0 0 1
1685094239.060346365 0.5984647382284697 -0.2852472323802704 0 0 0 0 1
1685094239.093679905 0.5914213631995046 -0.2648116938554102 0 0 0 0 1
1685094239.127013206 0.5860300778351896 -0.28574383203382425 0 0 0 0 1
1685094239.160346508 0.6020689989798041 -0.27125337396250965 0 0 0 0 1
1685094239.193679810 0.6103860418480666 -0.3039905030053838 0 0 0 0 1
1685094239.227013111 0.6186442318006871 -0.3367425276565218 0 0 0 0 1
1685094239.260346413 0.6268435421603751 -0.36950934211364944 0 0 0 0 1
1685094239.293679714 0.6349839464400451 -0.4022908405267153 0 0 0 0 1
1685094239.327013016 0.6430654183429018 -0.4350869169982332 0 0 0 0 1
1685094239.360346556 0.651051524370486 -0.46919295706810576 0 0 0 0 1
1685094239.393679857 0.6559839852388718 -0.5038724998637283 0 0 0 0 1
1685094239.427013159 0.6578239938765528 -0.5388526975038908 0 0 0 0 1
1685094239.460346460 0.635430958201948 -0.571796178267034 0 0 0 0 1
1685094239.493679762 0.5981862755537439 -0.5859225573483938 0 0 0 0 1
1685094239.527013063 0.567340359139255 -0.6012680346891484 0 0 0 0 1
1685094239.560346365 0.5380932035646304 -0.6194767722911614 0 0 0 0 1
1685094239.593679905 0.5119619080084401 -0.6088531148845681 0 0 0 0 1
1685094239.627013206 0.5372630114122174 -0.6213255192513693 0 0 0 0 1
1685094239.660346508 0.5129226932108449 -0.607068744931995 0 0 0 0 1
1685094239.693679810 0.5361765923059879 -0.6230363020717252 0 0 0 0 1
1685094239.727013111 0.5141291386083622 -0.6054403795443701 0 0 0 0 1
1685094239.760346413 0.5523172813287875 -0.6083866343351085 0 0 0 0 1
1685094239.793679714 0.5806454706987114 -0.6341650817039719 0 0 0 0 1
1685094239.827013016 0.5871698794227638 -0.671906925227163 0 0 0 0 1
1685094239.860346556 0.5901915764678634 -0.6968734229568229 0 0 0 0 1
1685094239.893679857 0.5914480632453364 -0.7301386270543788 0 0 0 0 1
1685094239.927013159 0.5921701112505581 -0.7634197209269092 0 0 0 0 1
1685094239.960346460 0.5923575342121332 -0.7967081188353022 0 0 0 0 1
1685094239.993679762 0.5920102837793477 -0.8299952331561764 0 0 0 0 1
1685094240.027013063 0.5911284495346423 -0.8632724765972862 0 0 0 0 1
1685094240.060346365 0.5677358266318798 -0.881230531493229 0 0 0 0 1
1685094240.093679905 0.5890459247887023 -0.8743410536628254 0 0 0 0 1
1685094240.127013206 0.5937599172335283 -0.852446683074495 0 0 0 0 1
1685094240.160346508 0.5771732816701932 -0.8373978057436727 0 0 0 0 1
1685094240.193679810 0.5558393320336217 -0.8442130666435398 0 0 0 0 1
1685094240.227013111 0.551049159242015 -0.8660908963543584 0 0 0 0 1
1685094240.260346413 0.5411273959559624 -0.8930947116891549 0 0 0 0 1
1685094240.293679714 0.5274861263651984 -0.9184238094483004 0 0 0 0 1
1685094240.327013016 0.5156824959514713 -0.9426537105398483 0 0 0 0 1
1685094240.360346556 0.5108995002119354 -0.9624317631503306 0 0 0 0 1
1685094240.393679857 0.48918637506446194 -0.9729271760591224 0 0 0 0 1
1685094240.427013159 0.5065310371142582 -0.9900857588000397 0 0 0 0 1
1685094240.460346460 0.5361485507803734 -1.00151431523663 0 0 0 0 1
1685094240.493679762 0.5593482068669288 -1.026204645269574 0 0 0 0 1
1685094240.527013063 0.5719890341459988 -1.057637843092431 0 0 0 0 1
1685094240.560346365 0.5723425261481031 -1.091515733863177 0 0 0 0 1
1685094240.593679905 0.5888507754169022 -1.1183804248020692 0 0 0 0 1
1685094240.627013206 0.619517961314024 -1.125712383770475 0 0 0 0 1
1685094240.660346508 0.646392174165607 -1.1092196400093288 0 0 0 0 1
1685094240.693679810 0.653741828971117 -1.07855669025881 0 0 0 0 1
1685094240.727013111 0.6372645962098347 -1.0516729644438574 0 0 0 0 1
1685094240.760346413 0.6066058928169179 -1.0443056162487354 0 0 0 0 1
1685094240.793679714 0.5797126629910847 -1.0607673325231077 0 0 0 0 1
1685094240.827013016 0.5723276238597345 -1.0914217793488368 0 0 0 0 1
1685094240.860346556 0.5743448185796386 -1.1208757600481671 0 0 0 0 1
1685094240.893679857 0.5757936722264501 -1.150363162047744 0 0 0 0 1
1685094240.927013159 0.5766736460076234 -1.1798730197180034 0 0 0 0 1
1685094240.960346460 0.5785512721400576 -1.2047608295174443 0 0 0 0 1
