1685094172.249794483 1.7805048116340367e-18 4.339934053513647e-18 0 0 0 0 1
1685094172.283127785 0.0004252610678503693 -0.014189343192352639 0 0 0 0 1
1685094172.316461086 0.0008266649643856646 -0.029254616377211915 0 0 0 0 1
1685094172.349794388 0.0013402354352903085 -0.04502543066714407 0 0 0 0 1
1685094172.383127689 0.00238134488120499 -0.06166143538900698 0 0 0 0 1
1685094172.416461229 0.0034302550369376314 -0.07911294040354155 0 0 0 0 1
1685094172.449794531 0.004538870942666661 -0.09684942300050771 0 0 0 0 1
1685094172.483127832 0.003980367704369716 -0.11002746021700133 0 0 0 0 1
1685094172.516461134 0.005584086824755052 -0.12300038346390241 0 0 0 0 1
1685094172.549794436 0.00791914819885652 -0.1381454375827233 0 0 0 0 1
1685094172.583127737 0.00786511949608814 -0.15780967964220105 0 0 0 0 1
1685094172.616461039 0.007763787328608763 -0.17810731927036139 0 0 0 0 1
1685094172.649794579 0.007477179936089159 -0.19897782234277156 0 0 0 0 1
1685094172.683127880 0.007114007927910353 -0.2200038534993177 0 0 0 0 1
1685094172.716461182 0.006421927855392001 -0.2415209342598054 0 0 0 0 1
1685094172.749794483 0.013485969870618767 -0.2481083485488855 0 0 0 0 1
1685094172.783127785 0.009217637276073547 -0.25192799493825113 0 0 0 0 1
1685094172.816461086 -0.0013261327403382554 -0.2719026943015517 0 0 0 0 1
1685094172.849794388 -0.011756492544530348 -0.29197644672646533 0 0 0 0 1
1685094172.883127689 -0.022392350982218978 -0.3123380769576894 0 0 0 0 1
1685094172.916461229 -0.0332082317650465 -0.3328061337148238 0 0 0 0 1
1685094172.949794531 -0.04411430791065468 -0.3540072815695702 0 0 0 0 1
1685094172.983127832 -0.05706391937708264 -0.3798727152078044 0 0 0 0 1
1685094173.016461134 -0.0689997560018053 -0.4015871996499717 0 0 0 0 1
1685094173.049794436 -0.08101783782253029 -0.42381938243990946 0 0 0 0 1
1685094173.083127737 -0.0902744875403883 -0.4451059111271786 0 0 0 0 1
1685094173.116461039 -0.08895758671864548 -0.4682806309696868 0 0 0 0 1
1685094173.149794579 -0.07761030993111737 -0.49176805546262753 0 0 0 0 1
1685094173.183127880 -0.0666299658261519 -0.5151931120573477 0 0 0 0 1
1685094173.216461182 -0.05562898839331953 -0.5386084858244179 0 0 0 0 1
1685094173.249794483 -0.04951056530022395 -0.5585618375069863 0 0 0 0 1
1685094173.283127785 -0.04885006254778926 -0.585462332349263 0 0 0 0 1
1685094173.316461086 -0.04827344154819385 -0.6123530686409375 0 0 0 0 1
1685094173.349794388 -0.04779881816468168 -0.6393403357696246 0 0 0 0 1
1685094173.383127689 -0.08401893963762515 -0.6580398106033545 0 0 0 0 1
1685094173.416461229 -0.11150807362672747 -0.6629296039954924 0 0 0 0 1
1685094173.449794531 -0.1389774794586181 -0.6674896029759387 0 0 0 0 1
1685094173.483127832 -0.1664764730669528 -0.6718676388354932 0 0 0 0 1
1685094173.516461134 -0.1943423680423911 -0.6763069469466737 0 0 0 0 1
1685094173.549794436 -0.22259244532786415 -0.6808461587465696 0 0 0 0 1
1685094173.583127737 -0.25085322232855817 -0.6853182716383194 0 0 0 0 1
1685094173.616461039 -0.27881207370832334 -0.6892922778906816 0 0 0 0 1
1685094173.649794579 -0.3068013999716626 -0.6933474123382249 0 0 0 0 1
1685094173.683127880 -0.3347836427524006 -0.6974511410114128 0 0 0 0 1
1685094173.716461182 -0.3623908270929746 -0.7022946171856892 0 0 0 0 1
1685094173.749794483 -0.389972229654138 -0.7072828153999005 0 0 0 0 1
1685094173.783127785 -0.41734594804298175 -0.7122219613248241 0 0 0 0 1
1685094173.816461086 -0.445329324069514 -0.7177880115583872 0 0 0 0 1
1685094173.849794388 -0.4734333006906672 -0.72309124633915 0 0 0 0 1
1685094173.883127689 -0.5012622692639948 -0.7285530348710915 0 0 0 0 1
1685094173.916461229 -0.5290692104532433 -0.7341258840095988 0 0 0 0 1
1685094173.949794531 -0.5572662359489746 -0.7397202534328412 0 0 0 0 1
1685094173.983127832 -0.5854332177994438 -0.7454639760485293 0 0 0 0 1
1685094174.016461134 -0.6134340719782951 -0.7513975260482211 0 0 0 0 1
1685094174.049794436 -0.6414253891415423 -0.7573759049096386 0 0 0 0 1
1685094174.083127737 -0.6694070975190357 -0.7633990973041299 0 0 0 0 1
1685094174.116461039 -0.6973791253652625 -0.7694670877881411 0 0 0 0 1
1685094174.149794579 -0.7253414009595311 -0.7755798608032551 0 0 0 0 1
1685094174.183127880 -0.7532938526061549 -0.7817374006762319 0 0 0 0 1
1685094174.216461182 -0.7812364086346358 -0.7879396916190483 0 0 0 0 1
1685094174.249794483 -0.8091689973998483 -0.7941867177289392 0 0 0 0 1
1685094174.283127785 -0.8514138021184897 -0.7882885971642924 0 0 0 0 1
1685094174.316461086 -0.8804112966022646 -0.7570067067870362 0 0 0 0 1
1685094174.349794388 -0.8830952059609052 -0.7144366705823787 0 0 0 0 1
1685094174.383127689 -0.85825616027867 -0.6797605525541581 0 0 0 0 1
1685094174.416461229 -0.8438700049221258 -0.6604816042974803 0 0 0 0 1
1685094174.449794531 -0.8094020869535522 -0.6578716910510517 0 0 0 0 1
1685094174.483127832 -0.7920859278347764 -0.6877882357983223 0 0 0 0 1
1685094174.516461134 -0.7966304272074585 -0.7049980732495204 0 0 0 0 1
1685094174.549794436 -0.8115911769126106 -0.7172301567916833 0 0 0 0 1
1685094174.583127737 -0.7996294969522055 -0.6914268326530856 0 0 0 0 1
1685094174.616461039 -0.7876897417138233 -0.6656133561548646 0 0 0 0 1
1685094174.649794579 -0.7761073332027318 -0.6392281374689534 0 0 0 0 1
1685094174.683127880 -0.7648084463882084 -0.6131081384417847 0 0 0 0 1
1685094174.716461182 -0.7376096914172874 -0.5961336038277442 0 0 0 0 1
1685094174.749794483 -0.7185868129749263 -0.5751516516320062 0 0 0 0 1
1685094174.783127785 -0.7001518705100817 -0.5547353052044894 0 0 0 0 1
1685094174.816461086 -0.681775608550716 -0.5342661258967775 0 0 0 0 1
1685094174.849794388 -0.6634754612771538 -0.5145786984796905 0 0 0 0 1
1685094174.883127689 -0.6454649741290404 -0.4953844151931294 0 0 0 0 1
1685094174.916461229 -0.6277146140925334 -0.4765398576018856 0 0 0 0 1
1685094174.949794531 -0.6103490342905699 -0.45813736190787374 0 0 0 0 1
1685094174.983127832 -0.5930620258586708 -0.4401220372787963 0 0 0 0 1
1685094175.016461134 -0.57585179649721 -0.421990156839159 0 0 0 0 1
1685094175.049794436 -0.5586417197552717 -0.4042807693464519 0 0 0 0 1
1685094175.083127737 -0.5414387744667538 -0.3869312101982974 0 0 0 0 1
1685094175.116461039 -0.5243219765941138 -0.3697496032220258 0 0 0 0 1
1685094175.149794579 -0.5073551405919899 -0.3528383749425626 0 0 0 0 1
1685094175.183127880 -0.49042661090825795 -0.33591361577528767 0 0 0 0 1
