1685094174.955580711 -4.6819757680882515e-19 5.001248171001526e-18 0 0 0 0 1
1685094174.988914013 0.00017281863335642802 -0.02063775314354824 0 0 0 0 1
1685094175.022247314 0.0005636843044775825 -0.04161469537719595 0 0 0 0 1
1685094175.055580616 0.00040166785067333795 -0.06147346490821731 0 0 0 0 1
1685094175.088914156 0.0008110581771635749 -0.08309779986830816 0 0 0 0 1
1685094175.122247458 0.001242239654916916 -0.10519885608287104 0 0 0 0 1
1685094175.155580759 0.0016129931278464175 -0.12770837153072476 0 0 0 0 1
1685094175.188914061 0.0019847331436578064 -0.15022540614250912 0 0 0 0 1
1685094175.222247362 0.0019216158953830758 -0.17231746910132179 0 0 0 0 1
1685094175.255580664 0.003133734655019133 -0.1950925236631356 0 0 0 0 1
1685094175.288913965 0.004700323583533441 -0.21804304719670414 0 0 0 0 1
1685094175.322247267 0.006291409741943827 -0.2410115882347507 0 0 0 0 1
1685094175.355580807 0.007790171198741242 -0.26417256667709604 0 0 0 0 1
1685094175.388914108 0.009832976999000962 -0.28438528982590044 0 0 0 0 1
1685094175.422247410 0.012988089731893953 -0.30818821156396 0 0 0 0 1
1685094175.455580711 0.01606081340490149 -0.33271179940072326 0 0 0 0 1
1685094175.488914013 0.019378792781861692 -0.35789822867923976 0 0 0 0 1
1685094175.522247314 0.022895079067396337 -0.38427105835704223 0 0 0 0 1
1685094175.555580616 0.027930038067857918 -0.4083271054220499 0 0 0 0 1
1685094175.588914156 0.03133757779362517 -0.4346112623651706 0 0 0 0 1
1685094175.622247458 0.0346366068378585 -0.461304845885808 0 0 0 0 1
1685094175.655580759 0.037585326130730776 -0.48797721860779897 0 0 0 0 1
1685094175.688914061 0.04034540345229154 -0.5146038403429656 0 0 0 0 1
1685094175.722247362 0.043108699245245234 -0.5413525869178246 0 0 0 0 1
1685094175.755580664 0.04600623198495621 -0.5685437223797666 0 0 0 0 1
1685094175.788913965 0.048753510426846405 -0.5957787569088238 0 0 0 0 1
1685094175.822247267 0.05148802518397643 -0.6231936200452297 0 0 0 0 1
1685094175.855580807 0.0545313445145473 -0.6509587746550718 0 0 0 0 1
1685094175.888914108 0.05782640624453614 -0.6790685738845919 0 0 0 0 1
1685094175.922247410 0.061225102620316864 -0.7072846951051042 0 0 0 0 1
1685094175.955580711 0.06467985126371223 -0.7355112968220978 0 0 0 0 1
1685094175.988914013 0.06804134098111783 -0.7638101372565402 0 0 0 0 1
1685094176.022247314 0.07153291352852631 -0.7924890432081744 0 0 0 0 1
1685094176.055580616 0.07493862304444747 -0.8208954803002394 0 0 0 0 1
1685094176.088914156 0.07824411365282058 -0.8489032701356216 0 0 0 0 1
1685094176.122247458 0.08142406945234561 -0.8771270727970584 0 0 0 0 1
1685094176.155580759 0.08499995578444534 -0.9056293929867875 0 0 0 0 1
1685094176.188914061 0.08848275154393316 -0.9341506206184721 0 0 0 0 1
1685094176.222247362 0.09161548515680355 -0.9624052624259216 0 0 0 0 1
1685094176.255580664 0.09493865322389392 -0.9910528486926815 0 0 0 0 1
1685094176.288913965 0.09755398839714835 -1.0197211859604927 0 0 0 0 1
1685094176.322247267 0.10239683211086101 -1.0490209250399618 0 0 0 0 1
1685094176.355580807 0.10751743294824745 -1.0779341033120509 0 0 0 0 1
1685094176.388914108 0.11228092612939009 -1.104962346270035 0 0 0 0 1
1685094176.422247410 0.11896219791480622 -1.1339038527991747 0 0 0 0 1
1685094176.455580711 0.1256565897977642 -1.1624683782720326 0 0 0 0 1
1685094176.488914013 0.13229931338627238 -1.1905583796474486 0 0 0 0 1
1685094176.522247314 0.13790820484181543 -1.2178308472771844 0 0 0 0 1
1685094176.555580616 0.14491748431050444 -1.245991087434843 0 0 0 0 1
1685094176.588914156 0.15193914611001422 -1.2737026921536172 0 0 0 0 1
1685094176.622247458 0.1586607255224645 -1.3009094971928332 0 0 0 0 1
1685094176.655580759 0.16554595943635309 -1.328442442217442 0 0 0 0 1
1685094176.688914061 0.17257569108775805 -1.3562678178512095 0 0 0 0 1
1685094176.722247362 0.17946678988625814 -1.384035154138488 0 0 0 0 1
1685094176.755580664 0.18624701372871436 -1.4114602088498165 0 0 0 0 1
1685094176.788913965 0.19340681072320248 -1.439056253701599 0 0 0 0 1
1685094176.822247267 0.20054221248251455 -1.4667566682016655 0 0 0 0 1
1685094176.855580807 0.20768897037489972 -1.4942073675068426 0 0 0 0 1
1685094176.888914108 0.21470010036436368 -1.5216158244239075 0 0 0 0 1
1685094176.922247410 0.2220564395708383 -1.5446236670147393 0 0 0 0 1
1685094176.955580711 0.23345251833247074 -1.5699643438292328 0 0 0 0 1
1685094176.988914013 0.24438821600267768 -1.5948417818920526 0 0 0 0 1
1685094177.022247314 0.25468319391799754 -1.618922298431583 0 0 0 0 1
1685094177.055580616 0.2658757052281706 -1.6409641117406666 0 0 0 0 1
1685094177.088914156 0.2796317334048596 -1.6652011861433147 0 0 0 0 1
1685094177.122247458 0.2935053408826348 -1.6896686616970849 0 0 0 0 1
1685094177.155580759 0.307127702883256 -1.7140571216432836 0 0 0 0 1
1685094177.188914061 0.3207992650748187 -1.738730974973285 0 0 0 0 1
1685094177.222247362 0.33470732061984143 -1.7636792164265362 0 0 0 0 1
1685094177.255580664 0.3483415033220472 -1.7887563356910838 0 0 0 0 1
1685094177.288913965 0.36201689843979495 -1.8138087020411284 0 0 0 0 1
1685094177.322247267 0.3704375421440618 -1.8405515376357404 0 0 0 0 1
1685094177.355580807 0.3813897263950877 -1.8676801803903922 0 0 0 0 1
1685094177.388914108 0.3923407292837356 -1.8946760239871903 0 0 0 0 1
1685094177.422247410 0.40309808461577146 -1.9214302224855564 0 0 0 0 1
1685094177.455580711 0.414350901080942 -1.9484915150046593 0 0 0 0 1
1685094177.488914013 0.42627056656583734 -1.9763495939245277 0 0 0 0 1
1685094177.522247314 0.4383772381667336 -2.0038179009042736 0 0 0 0 1
1685094177.555580616 0.4506326163932336 -2.030813946216173 0 0 0 0 1
1685094177.588914156 0.4629784973921908 -2.0581871713496662 0 0 0 0 1
1685094177.622247458 0.4742190575431013 -2.0846194486590215 0 0 0 0 1
1685094177.655580759 0.4862090807263955 -2.1120661334902184 0 0 0 0 1
1685094177.688914061 0.4980839930136905 -2.139235968840753 0 0 0 0 1
1685094177.722247362 0.5129929225107287 -2.1735382676170003 0 0 0 0 1
1685094177.755580664 0.5249410594147051 -2.2011310625569553 0 0 0 0 1
1685094177.788913965 0.5361324023962972 -2.228460942054899 0 0 0 0 1
1685094177.822247267 0.5470917213179926 -2.2557554526607433 0 0 0 0 1
1685094177.855580807 0.5581641128991578 -2.283755329000717 0 0 0 0 1
1685094177.888914108 0.5684179692737061 -2.309989057355993 0 0 0 0 1
1685094177.922247410 0.5805277065569991 -2.3382584018055472 0 0 0 0 1
1685094177.955580711 0.5925997777817643 -2.3664105524517147 0 0 0 0 1
1685094177.988914013 0.607769178656162 -2.401798554859279 0 0 0 0 1
1685094178.022247314 0.6198665783778309 -2.429432761180493 0 0 0 0 1
1685094178.055580616 0.6319401757663257 -2.4562463798982233 0 0 0 0 1
1685094178.088914156 0.6440710349949282 -2.4827781246187643 0 0 0 0 1
1685094178.122247458 0.6562749657112753 -2.50902774687342 0 0 0 0 1
1685094178.155580759 0.6674568458869748 -2.534159536880864 0 0 0 0 1
1685094178.188914061 0.6786049192462584 -2.560089444366532 0 0 0 0 1
1685094178.222247362 0.6868926369284221 -2.585491733521899 0 0 0 0 1
1685094178.255580664 0.6949379110057787 -2.6113448902073753 0 0 0 0 1
1685094178.288913965 0.7031949044569467 -2.6381511193696996 0 0 0 0 1
1685094178.322247267 0.711273903785237 -2.6647995199423233 0 0 0 0 1
1685094178.355580807 0.7194112256319513 -2.691464995355928 0 0 0 0 1
1685094178.388914108 0.7274197879794897 -2.7180099088326815 0 0 0 0 1
1685094178.422247410 0.735457131173522 -2.7423126047535527 0 0 0 0 1
1685094178.455580711 0.7414832729945763 -2.7670552887927182 0 0 0 0 1
