1685094144.506300211 4.2575061168026855e-20 8.275024187873906e-20 0 0 0 0 1
1685094144.539633751 0.00284813502883015 -0.006865231918569979 0 0 0 0 1
1685094144.572967052 0.0016208243494294698 -0.01777168159541944 0 0 0 0 1
1685094144.606300354 0.0017355906695133833 -0.029019408391173507 0 0 0 0 1
1685094144.639633656 -0.0003087633238716441 -0.03640559815798884 0 0 0 0 1
1685094144.672966957 -0.0005501576749910369 -0.04475134292957615 0 0 0 0 1
1685094144.706300259 -9.596198374714434e-05 -0.050614594232839386 0 0 0 0 1
1685094144.739633560 -0.0011294393950642945 -0.059926252582821214 0 0 0 0 1
1685094144.772967100 -0.0051665706424661485 -0.07177819825002862 0 0 0 0 1
1685094144.806300402 -0.008035374527476222 -0.07853831522699573 0 0 0 0 1
1685094144.839633703 -0.014921973022392683 -0.08961621625810927 0 0 0 0 1
1685094144.872967005 -0.014338715489295977 -0.10260459436097423 0 0 0 0 1
1685094144.906300306 -0.01769737178061416 -0.10937793975656343 0 0 0 0 1
1685094144.939633608 -0.026836579326960694 -0.1215459092573319 0 0 0 0 1
1685094144.972966909 -0.03102400535763748 -0.13280068597466446 0 0 0 0 1
1685094145.006300211 -0.038800681065838095 -0.14048137395895663 0 0 0 0 1
1685094145.039633751 -0.04883129571022213 -0.15189737257589436 0 0 0 0 1
1685094145.072967052 -0.057825329433570286 -0.1644000521983488 0 0 0 0 1
1685094145.106300354 -0.06509797046172516 -0.17191569371976584 0 0 0 0 1
1685094145.139633656 -0.07005590092766634 -0.17881749594882104 0 0 0 0 1
1685094145.172966957 -0.08016795580260137 -0.179714162799619 0 0 0 0 1
1685094145.206300259 -0.09360275844253835 -0.1844550054275051 0 0 0 0 1
1685094145.239633560 -0.10342083813214341 -0.18465391090507735 0 0 0 0 1
1685094145.272967100 -0.11700833957497189 -0.18140150228083401 0 0 0 0 1
1685094145.306300402 -0.12282430257043966 -0.17894869827611615 0 0 0 0 1
1685094145.339633703 -0.12942617222031635 -0.17094544181203578 0 0 0 0 1
1685094145.372967005 -0.13541112873123404 -0.1665971470914208 0 0 0 0 1
1685094145.406300306 -0.14566400571531793 -0.16264122841524944 0 0 0 0 1
1685094145.439633608 -0.15702346873067702 -0.15599214554748717 0 0 0 0 1
1685094145.472966909 -0.16485704353591094 -0.14556390012574083 0 0 0 0 1
1685094145.506300211 -0.16753527336363105 -0.13117244682157092 0 0 0 0 1
1685094145.539633751 -0.17010410149666894 -0.11544305440911304 0 0 0 0 1
1685094145.572967052 -0.18182950606079748 -0.11336839082198272 0 0 0 0 1
1685094145.606300354 -0.19340314491205832 -0.10993886709110237 0 0 0 0 1
1685094145.639633656 -0.2033978989834114 -0.10600294953274812 0 0 0 0 1
1685094145.672966957 -0.21939726843378657 -0.10761001353623213 0 0 0 0 1
1685094145.706300259 -0.2335614892529076 -0.10574097511889473 0 0 0 0 1
1685094145.739633560 -0.2478271674687383 -0.10486793123527184 0 0 0 0 1
1685094145.772967100 -0.2574673054354827 -0.10452200939194857 0 0 0 0 1
1685094145.806300402 -0.26578730459935646 -0.09569954887018088 0 0 0 0 1
1685094145.839633703 -0.2480596661190402 -0.08143023369422256 0 0 0 0 1
1685094145.872967005 -0.2343463959722563 -0.07017092253454105 0 0 0 0 1
1685094145.906300306 -0.22317546619761358 -0.05978951400568087 0 0 0 0 1
