1685094164.344764471 2.12990944614808e-19 -3.629099463071754e-18 0 0 0 0 1
1685094164.378097773 -0.000143026292143683 -0.019517564994453767 0 0 0 0 1
1685094164.411431074 -0.00012831555248647648 -0.039330444899594356 0 0 0 0 1
1685094164.444764376 9.064774244363901e-05 -0.059595989736553806 0 0 0 0 1
1685094164.478097677 0.000500499313929592 -0.08008196143076747 0 0 0 0 1
1685094164.511430979 0.0010824160717796 -0.10096341199795471 0 0 0 0 1
1685094164.544764519 0.001824596129229709 -0.12220727981879227 0 0 0 0 1
1685094164.578097820 0.002690792313120022 -0.1438547878202564 0 0 0 0 1
1685094164.611431122 0.004124866679070097 -0.16452894468653984 0 0 0 0 1
1685094164.644764423 0.005059782661588468 -0.1865999886675211 0 0 0 0 1
1685094164.678097725 0.005929936994593375 -0.2089738487937517 0 0 0 0 1
1685094164.711431026 0.007002449418295915 -0.23183702238931053 0 0 0 0 1
1685094164.744764328 0.008168650223651533 -0.25484325329213037 0 0 0 0 1
1685094164.778097630 0.00943893866516443 -0.2777266944374933 0 0 0 0 1
1685094164.811431170 0.010568559448888867 -0.3008579438797775 0 0 0 0 1
1685094164.844764471 0.011837586081069497 -0.32457462107185536 0 0 0 0 1
1685094164.878097773 0.013120730976780908 -0.3486689977341572 0 0 0 0 1
1685094164.911431074 0.014511051066024846 -0.3731637443501408 0 0 0 0 1
1685094164.944764376 0.015868981998070304 -0.39799196610169735 0 0 0 0 1
1685094164.978097677 0.01743795561928539 -0.423166445111063 0 0 0 0 1
1685094165.011430979 0.019106941370079268 -0.4487859359035965 0 0 0 0 1
1685094165.044764519 0.020742297790445372 -0.47487677212879886 0 0 0 0 1
1685094165.078097820 0.022483092818348628 -0.5010708266798958 0 0 0 0 1
1685094165.111431122 0.024250232859544283 -0.5271148188985298 0 0 0 0 1
1685094165.144764423 0.026176708391223512 -0.5530478220947822 0 0 0 0 1
1685094165.178097725 0.02795436195610057 -0.5792018269800214 0 0 0 0 1
1685094165.211431026 0.029688135294992164 -0.6052043553815529 0 0 0 0 1
1685094165.244764328 0.03131023849185505 -0.6308457731984398 0 0 0 0 1
1685094165.278097630 0.032988113493111586 -0.6556553080957075 0 0 0 0 1
1685094165.311431170 0.03431856226767279 -0.6815658684273639 0 0 0 0 1
1685094165.344764471 0.03532430781231046 -0.7076930591712324 0 0 0 0 1
1685094165.378097773 0.036306756626650435 -0.7341482225062692 0 0 0 0 1
1685094165.411431074 0.03698843611950121 -0.7608199085780623 0 0 0 0 1
1685094165.444764376 0.03793366555579087 -0.7877872446143884 0 0 0 0 1
1685094165.478097677 0.03938931369515014 -0.8151896503690038 0 0 0 0 1
1685094165.511430979 0.04103360953541617 -0.8430399778046489 0 0 0 0 1
1685094165.544764519 0.04322164738094735 -0.8707113084401189 0 0 0 0 1
1685094165.578097820 0.04461799412487497 -0.8984945339626236 0 0 0 0 1
1685094165.611431122 0.04631980564188521 -0.9263451688673596 0 0 0 0 1
1685094165.644764423 0.04784763040953699 -0.9538151955988402 0 0 0 0 1
1685094165.678097725 0.049224164059448655 -0.9812622140148128 0 0 0 0 1
1685094165.711431026 0.050465289864771945 -1.0088114556377388 0 0 0 0 1
1685094165.744764328 0.05150954025562673 -1.0366780163148293 0 0 0 0 1
1685094165.778097630 0.05401800539677358 -1.062367773315868 0 0 0 0 1
1685094165.811431170 0.057435995687925574 -1.0898150398960356 0 0 0 0 1
1685094165.844764471 0.06073008336627425 -1.117097004886787 0 0 0 0 1
1685094165.878097773 0.06390424670755394 -1.144489032045805 0 0 0 0 1
1685094165.911431074 0.06711365250469775 -1.1724173033272862 0 0 0 0 1
1685094165.944764376 0.07035598473577763 -1.1999273972230635 0 0 0 0 1
1685094165.978097677 0.07348492132850991 -1.2266406472923574 0 0 0 0 1
1685094166.011430979 0.07730021078912327 -1.2540808212581094 0 0 0 0 1
1685094166.044764519 0.08120627910073384 -1.2816267498604001 0 0 0 0 1
1685094166.078097820 0.08477704856049537 -1.30881709546062 0 0 0 0 1
1685094166.111431122 0.08829955797191023 -1.3356542242310023 0 0 0 0 1
1685094166.144764423 0.09270137317774695 -1.3631544558141881 0 0 0 0 1
1685094166.178097725 0.09707803361718716 -1.3903589566886825 0 0 0 0 1
1685094166.211431026 0.10152237097980435 -1.4176413507791117 0 0 0 0 1
1685094166.244764328 0.10596424700595954 -1.4447379622550178 0 0 0 0 1
1685094166.278097630 0.11060821853200399 -1.4721019845568564 0 0 0 0 1
1685094166.311431170 0.11546504143883511 -1.4998871045642852 0 0 0 0 1
1685094166.344764471 0.12079105756842745 -1.5263947516624248 0 0 0 0 1
1685094166.378097773 0.12492168682514843 -1.554305978641863 0 0 0 0 1
1685094166.411431074 0.12876128418553834 -1.5824503915269263 0 0 0 0 1
1685094166.444764376 0.13262858137120806 -1.6105201915920182 0 0 0 0 1
1685094166.478097677 0.13625367082512901 -1.6383633262555577 0 0 0 0 1
1685094166.511430979 0.13953257770012892 -1.6661160112911901 0 0 0 0 1
1685094166.544764519 0.14247564199096896 -1.6937427609001157 0 0 0 0 1
1685094166.578097820 0.14559322388283882 -1.7215741543322665 0 0 0 0 1
1685094166.611431122 0.1489251815680896 -1.749980745466217 0 0 0 0 1
1685094166.644764423 0.15221680283021896 -1.7781995640741328 0 0 0 0 1
1685094166.678097725 0.1553442517018268 -1.8067584797439522 0 0 0 0 1
1685094166.711431026 0.15852947159573627 -1.835280045504975 0 0 0 0 1
1685094166.744764328 0.16139880221090483 -1.8635462874887092 0 0 0 0 1
1685094166.778097630 0.1644423420928633 -1.8917910282698238 0 0 0 0 1
1685094166.811431170 0.1676989327007375 -1.9197491148368018 0 0 0 0 1
1685094166.844764471 0.17088990484491332 -1.9477141630762733 0 0 0 0 1
1685094166.878097773 0.17406429414790434 -1.9753274234513671 0 0 0 0 1
1685094166.911431074 0.17702836092128324 -2.0028679444123427 0 0 0 0 1
1685094166.944764376 0.18024632732293486 -2.0306055690702083 0 0 0 0 1
1685094166.978097677 0.18390410539591218 -2.0582774203881034 0 0 0 0 1
1685094167.011430979 0.18765664140612648 -2.085906123604052 0 0 0 0 1
1685094167.044764519 0.19137807541632304 -2.1133968523742843 0 0 0 0 1
1685094167.078097820 0.19512720155142846 -2.1408357883574363 0 0 0 0 1
1685094167.111431122 0.19908841840257926 -2.1681647826161927 0 0 0 0 1
1685094167.144764423 0.2030758216036531 -2.1953269406215266 0 0 0 0 1
1685094167.178097725 0.20678815236874792 -2.2223015976352354 0 0 0 0 1
1685094167.211431026 0.2103757504061091 -2.2494137479638834 0 0 0 0 1
1685094167.244764328 0.21414388338332035 -2.2765530120216084 0 0 0 0 1
1685094167.278097630 0.21854903739577236 -2.300869173870717 0 0 0 0 1
1685094167.311431170 0.2249021923469829 -2.3270545020595774 0 0 0 0 1
1685094167.344764471 0.2313250234258275 -2.3531975727073267 0 0 0 0 1
1685094167.378097773 0.23781307951741504 -2.3794752396392163 0 0 0 0 1
1685094167.411431074 0.24420918890476598 -2.405843066510268 0 0 0 0 1
1685094167.444764376 0.25075326658146524 -2.4323473181136746 0 0 0 0 1
1685094167.478097677 0.25738106258374943 -2.458756422490605 0 0 0 0 1
1685094167.511430979 0.26377610069587076 -2.4854687611849138 0 0 0 0 1
1685094167.544764519 0.2702000415655661 -2.51266627503243 0 0 0 0 1
1685094167.578097820 0.2765130678530535 -2.539917119736282 0 0 0 0 1
1685094167.611431122 0.28237003752324613 -2.5667019355490526 0 0 0 0 1
1685094167.644764423 0.2881794659024358 -2.5934913875838093 0 0 0 0 1
1685094167.678097725 0.2940352756411989 -2.6202597414051416 0 0 0 0 1
1685094167.711431026 0.2996643254518838 -2.6464318075892765 0 0 0 0 1
1685094167.744764328 0.3052089530854895 -2.6721096915525315 0 0 0 0 1
1685094167.778097630 0.31138206413672037 -2.6974386376452815 0 0 0 0 1
1685094167.811431170 0.3179569086625525 -2.7226179353884716 0 0 0 0 1
1685094167.844764471 0.32496314793934133 -2.7445241131161686 0 0 0 0 1
1685094167.878097773 0.33369346472236255 -2.7683335575178556 0 0 0 0 1
1685094167.911431074 0.34243055936305006 -2.7920434605014397 0 0 0 0 1
1685094167.944764376 0.3512043489391216 -2.815593902402531 0 0 0 0 1
1685094167.978097677 0.3598205486139662 -2.8391886905300083 0 0 0 0 1
1685094168.011430979 0.3701046964953162 -2.868725528208922 0 0 0 0 1
