1685094238.948615789 -6.679836633028502e-19 3.380323205994792e-17 0 0 0 0 1
1685094238.981949091 0.0004472990998959652 -0.018607947312869896 0 0 0 0 1
1685094239.015282393 0.0008353153146301073 -0.043420781138569786 0 0 0 0 1
1685094239.048615694 0.0010046413749051268 -0.06445571259145227 0 0 0 0 1
1685094239.081949234 0.000958072113697052 -0.0863796300046608 0 0 0 0 1
1685094239.115282536 0.000871155723114288 -0.1089629369351972 0 0 0 0 1
1685094239.148615837 0.0008938530856768172 -0.1323895942348104 0 0 0 0 1
1685094239.181949139 0.0009155516043054311 -0.15637850123127137 0 0 0 0 1
1685094239.215282440 0.0007942079825442032 -0.1804110840160644 0 0 0 0 1
1685094239.248615742 0.0006243920094440174 -0.20469718014506585 0 0 0 0 1
1685094239.281949043 0.0004629141021042448 -0.22965834886361366 0 0 0 0 1
1685094239.315282345 0.0004004421394569243 -0.25510735638046694 0 0 0 0 1
1685094239.348615885 -7.966421627080017e-05 -0.28092393756770606 0 0 0 0 1
1685094239.381949186 -0.00042894943470055965 -0.3073786657502811 0 0 0 0 1
1685094239.415282488 -0.0006028173313780052 -0.3340912395261144 0 0 0 0 1
1685094239.448615789 -0.0007029210770845898 -0.3609651437163402 0 0 0 0 1
1685094239.481949091 -0.0008622757203497575 -0.38837159750931455 0 0 0 0 1
1685094239.515282393 -0.0010738895368695622 -0.4165987065178982 0 0 0 0 1
1685094239.548615694 -0.0012715856682483258 -0.44503853662167703 0 0 0 0 1
1685094239.581949234 -0.0011808007649809305 -0.47354941766154424 0 0 0 0 1
1685094239.615282536 -0.0008347442862107939 -0.5025491659978706 0 0 0 0 1
1685094239.648615837 -9.765893329397543e-05 -0.5310160087370582 0 0 0 0 1
1685094239.681949139 0.0025149182096617074 -0.557892549192464 0 0 0 0 1
1685094239.715282440 0.005646747634730279 -0.5871433815611911 0 0 0 0 1
1685094239.748615742 0.00898368680546787 -0.6161923919257978 0 0 0 0 1
1685094239.781949043 0.0124788994408572 -0.6452291277881955 0 0 0 0 1
1685094239.815282345 0.015900660450247527 -0.6739823085016626 0 0 0 0 1
1685094239.848615885 0.0193805601422489 -0.7028231512216485 0 0 0 0 1
1685094239.881949186 0.022965336886472627 -0.7322612446216139 0 0 0 0 1
1685094239.915282488 0.026831626176555323 -0.7620420313857071 0 0 0 0 1
1685094239.948615789 0.0320314873330076 -0.7881768116771329 0 0 0 0 1
1685094239.981949091 0.040814020378698246 -0.8173813559649473 0 0 0 0 1
1685094240.015282393 0.04970531070963258 -0.8469094664254687 0 0 0 0 1
1685094240.048615694 0.058383918424798564 -0.8757632178362174 0 0 0 0 1
1685094240.081949234 0.06684651870328823 -0.9044284429192183 0 0 0 0 1
1685094240.115282536 0.07529157907706949 -0.933275110025526 0 0 0 0 1
1685094240.148615837 0.0838829459182881 -0.9622871311228687 0 0 0 0 1
1685094240.181949139 0.09224612567134562 -0.991184336635537 0 0 0 0 1
1685094240.215282440 0.10040030035313523 -1.019733231560651 0 0 0 0 1
1685094240.248615742 0.10849876110838093 -1.0485953031000679 0 0 0 0 1
1685094240.281949043 0.11648976043364292 -1.0779082493457537 0 0 0 0 1
1685094240.315282345 0.12443123190155166 -1.1073625843150776 0 0 0 0 1
1685094240.348615885 0.13237704518898505 -1.1366376700370624 0 0 0 0 1
1685094240.381949186 0.1405048970673985 -1.1661574762528464 0 0 0 0 1
1685094240.415282488 0.14844702278941885 -1.1958843205009773 0 0 0 0 1
1685094240.448615789 0.1563909719587923 -1.2267290873923034 0 0 0 0 1
1685094240.481949091 0.1631459612738019 -1.2566869734322057 0 0 0 0 1
1685094240.515282393 0.17018364726272248 -1.2867938359390427 0 0 0 0 1
1685094240.548615694 0.1775152859132419 -1.3169211904002238 0 0 0 0 1
1685094240.581949234 0.18477929599261503 -1.3465068610054118 0 0 0 0 1
1685094240.615282536 0.19276010525330245 -1.3750667293730587 0 0 0 0 1
1685094240.648615837 0.20124235480112926 -1.4048107436283914 0 0 0 0 1
1685094240.681949139 0.20980734774104026 -1.4346681232213556 0 0 0 0 1
1685094240.715282440 0.21794034485083877 -1.4641269879184322 0 0 0 0 1
1685094240.748615742 0.2226260096220102 -1.4917113846226415 0 0 0 0 1
1685094240.781949043 0.2268162064528131 -1.5205368341385495 0 0 0 0 1
1685094240.815282345 0.2285202890539399 -1.5501585638438726 0 0 0 0 1
1685094240.848615885 0.23014404777099207 -1.5868997978433608 0 0 0 0 1
1685094240.881949186 0.23133373254101242 -1.6165997984121483 0 0 0 0 1
1685094240.915282488 0.2333596249840094 -1.6457031916397973 0 0 0 0 1
1685094240.948615789 0.23538160275130474 -1.6742252515298706 0 0 0 0 1
1685094240.981949091 0.23774534166214226 -1.7026438130390937 0 0 0 0 1
1685094241.015282393 0.2400842610197687 -1.7322892116042972 0 0 0 0 1
1685094241.048615694 0.24441483629726005 -1.761236231151769 0 0 0 0 1
1685094241.081949234 0.2489113285964254 -1.7908308477867587 0 0 0 0 1
1685094241.115282536 0.25389484091183007 -1.820750932365918 0 0 0 0 1
1685094241.148615837 0.2591287909668736 -1.8508629458789576 0 0 0 0 1
1685094241.181949139 0.26402112821300905 -1.88050379060656 0 0 0 0 1
1685094241.215282440 0.26882230375377203 -1.9101766328627916 0 0 0 0 1
1685094241.248615742 0.2739830147719163 -1.939818804397767 0 0 0 0 1
1685094241.281949043 0.2794518182944026 -1.9685746245168574 0 0 0 0 1
1685094241.315282345 0.2851651755446008 -1.9973804801024082 0 0 0 0 1
1685094241.348615885 0.29032483509131324 -2.0254195113453153 0 0 0 0 1
1685094241.381949186 0.2948152883839941 -2.0547879902327306 0 0 0 0 1
1685094241.415282488 0.2995190997698017 -2.0848885868966858 0 0 0 0 1
1685094241.448615789 0.303131825909694 -2.1088376199110987 0 0 0 0 1
1685094241.481949091 0.3082211494437333 -2.1387050376052246 0 0 0 0 1
1685094241.515282393 0.3155043878618885 -2.169197672601463 0 0 0 0 1
1685094241.548615694 0.322779159054891 -2.1995605023652205 0 0 0 0 1
1685094241.581949234 0.33007839482868934 -2.2297014137800453 0 0 0 0 1
1685094241.615282536 0.3364830073327649 -2.258538406588075 0 0 0 0 1
1685094241.648615837 0.3435575306858639 -2.288885221472179 0 0 0 0 1
1685094241.681949139 0.35088286275805064 -2.3190864776155427 0 0 0 0 1
1685094241.715282440 0.3582195463397296 -2.348615146212388 0 0 0 0 1
1685094241.748615742 0.36575441960788796 -2.3782794977034047 0 0 0 0 1
1685094241.781949043 0.37356002355669304 -2.4086470858023947 0 0 0 0 1
1685094241.815282345 0.3815027375303827 -2.439081123148262 0 0 0 0 1
1685094241.848615885 0.38918422425650084 -2.4695022441952883 0 0 0 0 1
1685094241.881949186 0.39662195622006113 -2.4995673589783753 0 0 0 0 1
1685094241.915282488 0.40358011739510286 -2.5286983923205066 0 0 0 0 1
1685094241.948615789 0.4109178248043016 -2.5579631669235727 0 0 0 0 1
1685094241.981949091 0.41810122663121346 -2.5868851714229675 0 0 0 0 1
1685094242.015282393 0.42490826667811715 -2.6156042238812347 0 0 0 0 1
1685094242.048615694 0.43223268795601283 -2.643863243232878 0 0 0 0 1
1685094242.081949234 0.4395059816346422 -2.6719419336383625 0 0 0 0 1
1685094242.115282536 0.4467625334012529 -2.699714102361804 0 0 0 0 1
1685094242.148615837 0.4543572974976147 -2.727551454008134 0 0 0 0 1
1685094242.181949139 0.4623970732112377 -2.7554842149828267 0 0 0 0 1
1685094242.215282440 0.4702268313982805 -2.7828210301857754 0 0 0 0 1
1685094242.248615742 0.47801240574146586 -2.809809877057277 0 0 0 0 1
1685094242.281949043 0.4862435325977835 -2.836340714535359 0 0 0 0 1
1685094242.315282345 0.4944163878913906 -2.862404892940724 0 0 0 0 1
