1685094296.032160044 7.497233797610963e-20 2.1549513667914926e-18 0 0 0 0 1
1685094296.065493345 0.00025913969093199394 -0.01440669082186149 0 0 0 0 1
1685094296.098826647 0.0005857345439566092 -0.029384783585176134 0 0 0 0 1
1685094296.132159948 0.0009747841667935489 -0.044880456115399016 0 0 0 0 1
1685094296.165493488 0.000998251217272455 -0.061062766227721714 0 0 0 0 1
1685094296.198826790 0.001302634400261616 -0.07735908731740535 0 0 0 0 1
1685094296.232160091 0.0006443010958041939 -0.09480262551753801 0 0 0 0 1
1685094296.265493393 -0.00024086223955401863 -0.11267670684522035 0 0 0 0 1
1685094296.298826694 -0.001639783640885903 -0.13080410707138218 0 0 0 0 1
1685094296.332159996 -0.0028109435590740243 -0.14989157915791096 0 0 0 0 1
1685094296.365493298 -0.004244525150297431 -0.16909730604744158 0 0 0 0 1
1685094296.398826838 -0.0055583787563858005 -0.18828484770067394 0 0 0 0 1
1685094296.432160139 -0.0068896243618650965 -0.2126441774665681 0 0 0 0 1
1685094296.465493441 -0.0073240953942619764 -0.23106155945217516 0 0 0 0 1
1685094296.498826742 -0.008413395757902715 -0.2508736275693424 0 0 0 0 1
1685094296.532160044 -0.00930452529164937 -0.2711934983472004 0 0 0 0 1
1685094296.565493345 -0.009933000792813547 -0.2919618656527247 0 0 0 0 1
1685094296.598826647 -0.010458518969269866 -0.31302503696644984 0 0 0 0 1
1685094296.632159948 -0.011060814318400778 -0.33947694267189465 0 0 0 0 1
1685094296.665493488 -0.011263490536980489 -0.3612051342640552 0 0 0 0 1
1685094296.698826790 -0.011639675098614938 -0.38251803013119445 0 0 0 0 1
1685094296.732160091 -0.010855644351770673 -0.4047370614466333 0 0 0 0 1
1685094296.765493393 -0.010053404462168892 -0.4330977749161602 0 0 0 0 1
1685094296.798826694 -0.010270612018664211 -0.45640383332268314 0 0 0 0 1
1685094296.832159996 -0.010533679585427983 -0.47904993432808723 0 0 0 0 1
1685094296.865493298 -0.010106009660850528 -0.5016179857215074 0 0 0 0 1
1685094296.898826838 -0.009336641746346349 -0.5252513155218879 0 0 0 0 1
1685094296.932160139 -0.008654710501604336 -0.5490986293433986 0 0 0 0 1
1685094296.965493441 -0.008080545633468212 -0.5728784281104643 0 0 0 0 1
1685094296.998826742 -0.007241794611614981 -0.5965705442395772 0 0 0 0 1
1685094297.032160044 -0.0065523863358946735 -0.620445334885749 0 0 0 0 1
1685094297.065493345 -0.005977382404162119 -0.6447659626610018 0 0 0 0 1
1685094297.098826647 -0.005588091617765444 -0.6690819367085351 0 0 0 0 1
1685094297.132159948 -0.00495485887541731 -0.6935935661742251 0 0 0 0 1
1685094297.165493488 -0.004281726697916299 -0.719038512771575 0 0 0 0 1
1685094297.198826790 -0.0037011156775102866 -0.7449803079888698 0 0 0 0 1
1685094297.232160091 -0.0031767755888845754 -0.7708165167294223 0 0 0 0 1
1685094297.265493393 -0.002484290947771968 -0.7964961591241501 0 0 0 0 1
1685094297.298826694 -0.001871699091873674 -0.8225296695468426 0 0 0 0 1
1685094297.332159996 -0.0013301546140904032 -0.8487148786083123 0 0 0 0 1
1685094297.365493298 -0.0005690346621482985 -0.8744910423835901 0 0 0 0 1
1685094297.398826838 -2.2608581564604817e-05 -0.899957316876851 0 0 0 0 1
1685094297.432160139 0.003588630497944629 -0.9236597035093068 0 0 0 0 1
1685094297.465493441 0.006412220389420826 -0.9485193059635972 0 0 0 0 1
1685094297.498826742 0.009054909861273466 -0.973327201239062 0 0 0 0 1
1685094297.532160044 0.011191769207535876 -0.9980171303248613 0 0 0 0 1
1685094297.565493345 0.012957695386736582 -1.0227110856928994 0 0 0 0 1
1685094297.598826647 0.014742191699794243 -1.0477418916201282 0 0 0 0 1
1685094297.632159948 0.01663810426395411 -1.073222550468727 0 0 0 0 1
1685094297.665493488 0.018623834195269504 -1.0985613380384311 0 0 0 0 1
1685094297.698826790 0.02077392784709924 -1.123767162799248 0 0 0 0 1
1685094297.732160091 0.02369862011940068 -1.1492319324761524 0 0 0 0 1
1685094297.765493393 0.026746063226889043 -1.1751696769209212 0 0 0 0 1
1685094297.798826694 0.029893978981680714 -1.2009656215126967 0 0 0 0 1
1685094297.832159996 0.033353990207624064 -1.2262818650398963 0 0 0 0 1
1685094297.865493298 0.03682352596372347 -1.251589537802754 0 0 0 0 1
1685094297.898826838 0.04034664069036789 -1.2767890618839535 0 0 0 0 1
1685094297.932160139 0.04369971041666653 -1.3021775436070209 0 0 0 0 1
1685094297.965493441 0.04706781107723773 -1.3276091448470937 0 0 0 0 1
1685094297.998826742 0.050915854330180206 -1.3525624585249514 0 0 0 0 1
1685094298.032160044 0.05472241762416739 -1.3764698380578957 0 0 0 0 1
1685094298.065493345 0.058741760580177146 -1.4023937704554446 0 0 0 0 1
1685094298.098826647 0.06278198626176222 -1.4284060517811863 0 0 0 0 1
1685094298.132159948 0.06686600571426692 -1.4540108077568223 0 0 0 0 1
1685094298.165493488 0.07129826333593184 -1.4795128526937869 0 0 0 0 1
1685094298.198826790 0.07591702006888056 -1.5054105940709972 0 0 0 0 1
1685094298.232160091 0.08032037533731669 -1.5312476876682648 0 0 0 0 1
1685094298.265493393 0.08454628645401747 -1.556742178143069 0 0 0 0 1
1685094298.298826694 0.08876346603914961 -1.5821536537483518 0 0 0 0 1
1685094298.332159996 0.09316793691842995 -1.6076206665946786 0 0 0 0 1
1685094298.365493298 0.09804466541390004 -1.6312925131136518 0 0 0 0 1
1685094298.398826838 0.10395453392655409 -1.6562897331369277 0 0 0 0 1
1685094298.432160139 0.10980067323820651 -1.680805584752357 0 0 0 0 1
1685094298.465493441 0.11562773635467581 -1.7054249721933175 0 0 0 0 1
1685094298.498826742 0.12157698903340002 -1.730756768816304 0 0 0 0 1
1685094298.532160044 0.12761646359611808 -1.7565286987597304 0 0 0 0 1
1685094298.565493345 0.1335318858192369 -1.7821873230282324 0 0 0 0 1
1685094298.598826647 0.13948003116666527 -1.8083424402220034 0 0 0 0 1
1685094298.632159948 0.1455727271916967 -1.8349443206310412 0 0 0 0 1
1685094298.665493488 0.15150147461466013 -1.8616005987031436 0 0 0 0 1
1685094298.698826790 0.15750246353113193 -1.8884187995813932 0 0 0 0 1
1685094298.732160091 0.16353397493498067 -1.9154049499255723 0 0 0 0 1
1685094298.765493393 0.1694853737849153 -1.9424289686448084 0 0 0 0 1
1685094298.798826694 0.17525133468648674 -1.9698687586106476 0 0 0 0 1
1685094298.832159996 0.18098210230826475 -1.997167485013356 0 0 0 0 1
1685094298.865493298 0.1870402675858571 -2.0219329319579034 0 0 0 0 1
1685094298.898826838 0.195753559938224 -2.0480862593075235 0 0 0 0 1
1685094298.932160139 0.20455782297956857 -2.073521198867691 0 0 0 0 1
1685094298.965493441 0.21446571847954524 -2.0988595815162037 0 0 0 0 1
1685094298.998826742 0.22604189528310756 -2.1246652017965992 0 0 0 0 1
1685094299.032160044 0.23786019070048528 -2.1505861262119392 0 0 0 0 1
1685094299.065493345 0.25001586581878016 -2.1770665840118784 0 0 0 0 1
1685094299.098826647 0.26193147778817055 -2.203438590118029 0 0 0 0 1
1685094299.132159948 0.2733141994380486 -2.229967483331564 0 0 0 0 1
1685094299.165493488 0.2849552902098897 -2.257016716371503 0 0 0 0 1
1685094299.198826790 0.2955419183842108 -2.284160872674698 0 0 0 0 1
1685094299.232160091 0.3056486518275851 -2.310160515872879 0 0 0 0 1
1685094299.265493393 0.31627130519581803 -2.336376202530655 0 0 0 0 1
1685094299.298826694 0.3257470812486204 -2.3623962353162833 0 0 0 0 1
1685094299.332159996 0.33553170492575296 -2.38876703112461 0 0 0 0 1
1685094299.365493298 0.34517964129217277 -2.4149732934717436 0 0 0 0 1
1685094299.398826838 0.3547143540874132 -2.441130029285101 0 0 0 0 1
1685094299.432160139 0.3646916655534628 -2.4672428035183804 0 0 0 0 1
1685094299.465493441 0.37461778769006693 -2.49340005150555 0 0 0 0 1
1685094299.498826742 0.38431222823224626 -2.5185525058323144 0 0 0 0 1
1685094299.532160044 0.3948878326306371 -2.5435554827238844 0 0 0 0 1
1685094299.565493345 0.40574426264154334 -2.5683124889505726 0 0 0 0 1
1685094299.598826647 0.41739048236552684 -2.592817516031043 0 0 0 0 1
1685094299.632159948 0.4286898649836416 -2.6171479486427978 0 0 0 0 1
1685094299.665493488 0.4396311526584614 -2.637040797655968 0 0 0 0 1
1685094299.698826790 0.4534637988719551 -2.66640979864061 0 0 0 0 1
1685094299.732160091 0.4645108722537517 -2.690022872877442 0 0 0 0 1
1685094299.765493393 0.4754569299894248 -2.7123142124471555 0 0 0 0 1
1685094299.798826694 0.4870981610764654 -2.7353328840539635 0 0 0 0 1
1685094299.832159996 0.49878453599749295 -2.758215997761909 0 0 0 0 1
1685094299.865493298 0.5101973165912614 -2.7809813171308098 0 0 0 0 1
1685094299.898826838 0.5209929522043659 -2.8034717088224586 0 0 0 0 1
1685094299.932160139 0.5312291814169925 -2.8257549827862714 0 0 0 0 1
