1685094237.476137161 -1.1465277499329614e-18 -2.910680556805794e-18 0 0 0 0 1
1685094237.509470463 -0.0005162976904154996 -0.015048593532280293 0 0 0 0 1
1685094237.542803764 -0.002954863055879011 -0.02645163881602742 0 0 0 0 1
1685094237.576137066 -0.006427692181749398 -0.0427835394887731 0 0 0 0 1
1685094237.609470367 -0.009915340223126137 -0.05993172879553008 0 0 0 0 1
1685094237.642803907 -0.013314499327839482 -0.07758562280082448 0 0 0 0 1
1685094237.676137209 -0.01678145657128106 -0.09566655586357355 0 0 0 0 1
1685094237.709470510 -0.02039580034067289 -0.11389178842850486 0 0 0 0 1
1685094237.742803812 -0.02361221494474974 -0.13194175891720833 0 0 0 0 1
1685094237.776137114 -0.026772842061222622 -0.1501426569759904 0 0 0 0 1
1685094237.809470415 -0.030111578116144202 -0.1690028432616614 0 0 0 0 1
1685094237.842803717 -0.033515408431703295 -0.18893503877415196 0 0 0 0 1
1685094237.876137257 -0.03725615410125115 -0.20931175166846788 0 0 0 0 1
1685094237.909470558 -0.03763654468280777 -0.2261348605935348 0 0 0 0 1
1685094237.942803860 -0.039195381745716754 -0.23649836150397874 0 0 0 0 1
1685094237.976137161 -0.03593910159022845 -0.2464597250481149 0 0 0 0 1
1685094238.009470463 -0.017222645494920967 -0.26017622426442855 0 0 0 0 1
1685094238.042803764 0.001375152653978445 -0.2736283437136952 0 0 0 0 1
1685094238.076137066 0.01977119855693497 -0.28696803599637805 0 0 0 0 1
1685094238.109470367 0.03872727834622396 -0.3004838282860072 0 0 0 0 1
1685094238.142803907 0.05835263541754224 -0.3142834886547975 0 0 0 0 1
1685094238.176137209 0.07346161097655082 -0.3164018033230772 0 0 0 0 1
1685094238.209470510 0.08863354080929728 -0.3180083351860624 0 0 0 0 1
1685094238.242803812 0.1038510944415517 -0.3191012491470082 0 0 0 0 1
1685094238.276137114 0.12231092165077517 -0.32702953812146107 0 0 0 0 1
1685094238.309470415 0.14597044108875365 -0.3367615198919711 0 0 0 0 1
1685094238.342803717 0.1692498170290305 -0.34655183094515196 0 0 0 0 1
1685094238.376137257 0.1924711338566664 -0.35620713045164243 0 0 0 0 1
1685094238.409470558 0.21599700312629425 -0.36505322315934785 0 0 0 0 1
1685094238.442803860 0.2217668334732089 -0.36569070846315055 0 0 0 0 1
1685094238.476137161 0.2449358680880576 -0.3788020804129808 0 0 0 0 1
1685094238.509470463 0.26778941728462785 -0.39146015821521324 0 0 0 0 1
1685094238.542803764 0.2907566205148886 -0.4039108296953918 0 0 0 0 1
1685094238.576137066 0.31383559552256346 -0.416153074470046 0 0 0 0 1
1685094238.609470367 0.33766648641416885 -0.42804470878495876 0 0 0 0 1
1685094238.642803907 0.3616250478163191 -0.43967697696045244 0 0 0 0 1
1685094238.676137209 0.38570845699221173 -0.45104850851225936 0 0 0 0 1
1685094238.709470510 0.4099138764957967 -0.4621579636754381 0 0 0 0 1
1685094238.742803812 0.4342384545060774 -0.47300403356222115 0 0 0 0 1
1685094238.776137114 0.4595730924364305 -0.48527033738410014 0 0 0 0 1
1685094238.809470415 0.4850002969237988 -0.49775555251452164 0 0 0 0 1
1685094238.842803717 0.5103396458852772 -0.5104181240978841 0 0 0 0 1
1685094238.876137257 0.5355899022665405 -0.5232574339537849 0 0 0 0 1
1685094238.909470558 0.5607498333627186 -0.5362728552735472 0 0 0 0 1
1685094238.942803860 0.5858901061168965 -0.5498495010967548 0 0 0 0 1
1685094238.976137161 0.6109971597028031 -0.5634874806464425 0 0 0 0 1
1685094239.009470463 0.6322274830395546 -0.5438020769103832 0 0 0 0 1
1685094239.042803764 0.6519822475579237 -0.5226362783651249 0 0 0 0 1
1685094239.076137066 0.6783906002358019 -0.5317314343488838 0 0 0 0 1
1685094239.109470367 0.7052224561949221 -0.5409720662061426 0 0 0 0 1
1685094239.142803907 0.7320273927901104 -0.5502904966244208 0 0 0 0 1
1685094239.176137209 0.7588051844461459 -0.559686647185066 0 0 0 0 1
1685094239.209470510 0.785555605816244 -0.5691604388153774 0 0 0 0 1
1685094239.242803812 0.7765553621454963 -0.5750133849848539 0 0 0 0 1
1685094239.276137114 0.7753215053975447 -0.5856782320311625 0 0 0 0 1
1685094239.309470415 0.7827475825900697 -0.5934316017841335 0 0 0 0 1
1685094239.342803717 0.7934557010791635 -0.5926585795210958 0 0 0 0 1
1685094239.376137257 0.7996911459380063 -0.5839189804222839 0 0 0 0 1
1685094239.409470558 0.796938268841313 -0.5735419368796304 0 0 0 0 1
1685094239.442803860 0.7871906765216923 -0.569042402574161 0 0 0 0 1
1685094239.476137161 0.7775074802262324 -0.5736788963463144 0 0 0 0 1
1685094239.509470463 0.7901010022726833 -0.5685468134496252 0 0 0 0 1
1685094239.542803764 0.7992372838223702 -0.5786197192785201 0 0 0 0 1
1685094239.576137066 0.7929043588117988 -0.5906542169083929 0 0 0 0 1
1685094239.609470367 0.7646383727903969 -0.5878823190491635 0 0 0 0 1
1685094239.642803907 0.7363454583788237 -0.5854003082507423 0 0 0 0 1
1685094239.676137209 0.7080285884888115 -0.5832084453133747 0 0 0 0 1
1685094239.709470510 0.679690738549243 -0.5813069605496733 0 0 0 0 1
1685094239.742803812 0.6742393730888214 -0.5855604021507979 0 0 0 0 1
1685094239.776137114 0.668802485173995 -0.5898323338729662 0 0 0 0 1
1685094239.809470415 0.6633801375198739 -0.5941227064389681 0 0 0 0 1
1685094239.842803717 0.6579723926738449 -0.5984314703588763 0 0 0 0 1
1685094239.876137257 0.6294563063126712 -0.5959809085782425 0 0 0 0 1
1685094239.909470558 0.6152363023370595 -0.5892491133807934 0 0 0 0 1
1685094239.942803860 0.5932290254239511 -0.5720078281695097 0 0 0 0 1
1685094239.976137161 0.572840855233978 -0.5527453209386534 0 0 0 0 1
1685094240.009470463 0.5524453324580719 -0.5334905989408784 0 0 0 0 1
1685094240.042803764 0.5320424600690281 -0.5142436649826997 0 0 0 0 1
1685094240.076137066 0.5112069307988513 -0.49603943780133314 0 0 0 0 1
1685094240.109470367 0.4902527153662059 -0.4779719525628864 0 0 0 0 1
1685094240.142803907 0.48126868400113887 -0.4662728801187306 0 0 0 0 1
1685094240.176137209 0.4796728775524153 -0.45160882483377174 0 0 0 0 1
1685094240.209470510 0.4860102727346694 -0.4266892813816181 0 0 0 0 1
1685094240.242803812 0.49504503241861364 -0.39057218904119934 0 0 0 0 1
1685094240.276137114 0.5007696412539737 -0.36680957514756873 0 0 0 0 1
1685094240.309470415 0.5064407375571243 -0.34324140952434473 0 0 0 0 1
1685094240.342803717 0.5119325886986181 -0.3256172905900661 0 0 0 0 1
1685094240.376137257 0.5215359932462261 -0.30406355814134167 0 0 0 0 1
