1685093641.301060200 -3.168831012920764e-20 4.32114922098173e-19 0 0 0 0 1
1685093641.334393501 5.2980193539454304e-05 -0.02171177995723646 0 0 0 0 1
1685093641.367726803 0.0005554929656528144 -0.04462227845037142 0 0 0 0 1
1685093641.401060104 0.0015625998821907697 -0.06744332199495842 0 0 0 0 1
1685093641.434393644 0.0017491918206538903 -0.08901949775473376 0 0 0 0 1
1685093641.467726946 -0.00019952102530136216 -0.11224280944870013 0 0 0 0 1
1685093641.501060247 -0.001808337026539018 -0.13726307533796756 0 0 0 0 1
1685093641.534393549 -0.0034191804793231944 -0.162550437306328 0 0 0 0 1
1685093641.567726851 -0.004877966418472386 -0.1878246154911716 0 0 0 0 1
1685093641.601060152 -0.00650628844221526 -0.2131835837988347 0 0 0 0 1
1685093641.634393454 -0.00960551419040691 -0.2387322373676928 0 0 0 0 1
1685093641.667726755 -0.012281023791923612 -0.26468826339346746 0 0 0 0 1
1685093641.701060295 -0.014972696283988616 -0.2911974811481654 0 0 0 0 1
1685093641.734393597 -0.017172481230978188 -0.3177520414525186 0 0 0 0 1
1685093641.767726898 -0.018879622604305733 -0.34434281795682564 0 0 0 0 1
1685093641.801060200 -0.02013243999589632 -0.3716951947022091 0 0 0 0 1
1685093641.834393501 -0.020458253221653414 -0.3958835058692082 0 0 0 0 1
1685093641.867726803 -0.020662223774985618 -0.4245636950669307 0 0 0 0 1
1685093641.901060104 -0.02052119823313027 -0.4532442628472297 0 0 0 0 1
1685093641.934393644 -0.020035197001278617 -0.4819210593769403 0 0 0 0 1
1685093641.967726946 -0.05016394651668229 -0.47711427086877467 0 0 0 0 1
1685093642.001060247 -0.02095806403154984 -0.4682902586640684 0 0 0 0 1
1685093642.034393549 -0.043384809470969045 -0.48897570891586767 0 0 0 0 1
1685093642.067726851 -0.03223414024449012 -0.46057660085019375 0 0 0 0 1
1685093642.101060152 -0.02987283677805142 -0.4909948685369565 0 0 0 0 1
1685093642.134393454 -0.020569747418269495 -0.44950622190148165 0 0 0 0 1
1685093642.167726755 -0.06151070800287022 -0.4380304640751089 0 0 0 0 1
1685093642.201060295 -0.07512726589933605 -0.47831004478707245 0 0 0 0 1
1685093642.234393597 -0.07661300953120352 -0.4581685545115878 0 0 0 0 1
1685093642.267726898 -0.07131880004365385 -0.43867859785286173 0 0 0 0 1
1685093642.301060200 -0.059846790253492266 -0.4220569235680156 0 0 0 0 1
1685093642.334393501 -0.043501783649475524 -0.41019404770371837 0 0 0 0 1
1685093642.367726803 -0.02257463314436568 -0.38959949733291455 0 0 0 0 1
