1685093669.555852175 1.181696806049638e-21 1.2555406982759095e-19 0 0 0 0 1
1685093669.589185476 -0.0002423681121064383 -0.010111293703296125 0 0 0 0 1
1685093669.622519016 -7.378495714465203e-05 -0.023046764037741627 0 0 0 0 1
1685093669.655852318 0.0004901028271096161 -0.03723550833843115 0 0 0 0 1
1685093669.689185619 5.66217763954092e-05 -0.05160247668705869 0 0 0 0 1
1685093669.722518921 -0.00039437955159897883 -0.06649571564920954 0 0 0 0 1
1685093669.755852222 -0.0006727275741131913 -0.08175335998232278 0 0 0 0 1
1685093669.789185524 -0.0006890527875947155 -0.09659177883640963 0 0 0 0 1
1685093669.822518826 -0.000878714807454384 -0.11236862224002674 0 0 0 0 1
1685093669.855852365 -0.0009163727888592115 -0.1282153548129629 0 0 0 0 1
1685093669.889185667 -0.0007881335330200406 -0.14410058677456855 0 0 0 0 1
1685093669.922518969 -0.0005886379755364446 -0.1602379249824789 0 0 0 0 1
1685093669.955852270 -0.00047136256193217003 -0.17654693253978013 0 0 0 0 1
1685093669.989185572 -0.00028171985991399205 -0.19310748033031877 0 0 0 0 1
1685093670.022518873 -7.258343731190523e-05 -0.2101662672582113 0 0 0 0 1
1685093670.055852175 7.959787142719659e-05 -0.2276011687094846 0 0 0 0 1
1685093670.089185476 0.00023456872775380662 -0.24515450054726912 0 0 0 0 1
1685093670.122519016 0.0002798177658910582 -0.26345817425387846 0 0 0 0 1
1685093670.155852318 0.00046338299197627497 -0.2821216447165116 0 0 0 0 1
1685093670.189185619 0.0006777697664467409 -0.301118513323884 0 0 0 0 1
1685093670.222518921 0.0008462092815663676 -0.3205603022203496 0 0 0 0 1
1685093670.255852222 0.0009704233705634061 -0.34013840654434163 0 0 0 0 1
1685093670.289185524 0.0010313338612256702 -0.36120059467599436 0 0 0 0 1
1685093670.322518826 0.0008928430723485886 -0.3818173983811712 0 0 0 0 1
1685093670.355852365 0.0007905936578825356 -0.4028626584511454 0 0 0 0 1
1685093670.389185667 0.0006483609513187098 -0.42433772986573953 0 0 0 0 1
1685093670.422518969 0.0006229364018444372 -0.44640913773758034 0 0 0 0 1
1685093670.455852270 0.0006487527836690135 -0.4687458007807597 0 0 0 0 1
1685093670.489185572 0.0007653559375551824 -0.496763534090261 0 0 0 0 1
1685093670.522518873 0.0008219519961239138 -0.5191129107694873 0 0 0 0 1
1685093670.555852175 0.001100634920601357 -0.541523037794229 0 0 0 0 1
1685093670.589185476 0.001461333772556709 -0.5640866843656183 0 0 0 0 1
1685093670.622519016 0.0018436010026226261 -0.5864512041973453 0 0 0 0 1
1685093670.655852318 0.0021064254949208143 -0.6091744455944732 0 0 0 0 1
1685093670.689185619 0.0023356428639078187 -0.6322437046321385 0 0 0 0 1
1685093670.722518921 0.00239283025392568 -0.6553609193045644 0 0 0 0 1
1685093670.755852222 0.0022149596220690814 -0.6782750842851429 0 0 0 0 1
1685093670.789185524 0.002012869667843308 -0.7011947954613801 0 0 0 0 1
1685093670.822518826 0.001725045361862305 -0.7245203767337128 0 0 0 0 1
1685093670.855852365 0.0014690993768633643 -0.7480392868262914 0 0 0 0 1
1685093670.889185667 0.0014050989462481382 -0.7717504065757679 0 0 0 0 1
1685093670.922518969 0.0014305247818929615 -0.7959333762126707 0 0 0 0 1
1685093670.955852270 0.001571486286333073 -0.8201335198518663 0 0 0 0 1
1685093670.989185572 0.0018785229838178825 -0.844466519955035 0 0 0 0 1
1685093671.022518873 0.005012160081535917 -0.8641137344448795 0 0 0 0 1
1685093671.055852175 0.007271711969743328 -0.8883921560385893 0 0 0 0 1
1685093671.089185476 0.009833292451414054 -0.9125768317332131 0 0 0 0 1
1685093671.122519016 0.012362288616843634 -0.9364442605698524 0 0 0 0 1
1685093671.155852318 0.015038202062817427 -0.9603239456551712 0 0 0 0 1
1685093671.189185619 0.01754601294557001 -0.9843508671351868 0 0 0 0 1
1685093671.222518921 0.0199419784286442 -1.0083152502433923 0 0 0 0 1
1685093671.255852222 0.022441781699559096 -1.0321209596707328 0 0 0 0 1
1685093671.289185524 0.024691493613445928 -1.0539268498896692 0 0 0 0 1
1685093671.322518826 0.025524799609383184 -1.0776321983443893 0 0 0 0 1
1685093671.355852365 0.026214940064927004 -1.1012203486077659 0 0 0 0 1
1685093671.389185667 0.027049409317413755 -1.1248324719517941 0 0 0 0 1
1685093671.422518969 0.02771627478693106 -1.1483727197326998 0 0 0 0 1
1685093671.455852270 0.028490252721819063 -1.1717951257521497 0 0 0 0 1
1685093671.489185572 0.0292029483878161 -1.1951370227311426 0 0 0 0 1
1685093671.522518873 0.029982992033627188 -1.2183496877630509 0 0 0 0 1
1685093671.555852175 0.030771676065501116 -1.2415194448695164 0 0 0 0 1
1685093671.589185476 0.03071277561583884 -1.265883228084922 0 0 0 0 1
1685093671.622519016 0.03146503054941511 -1.2886274386067795 0 0 0 0 1
1685093671.655852318 0.03232930930675867 -1.3113311150195692 0 0 0 0 1
1685093671.689185619 0.03292908830072117 -1.3336997859334834 0 0 0 0 1
1685093671.722518921 0.033887580189636356 -1.3609952214564076 0 0 0 0 1
1685093671.755852222 0.03485742279737776 -1.382448491242201 0 0 0 0 1
1685093671.789185524 0.035846765879358915 -1.4036920690112105 0 0 0 0 1
1685093671.822518826 0.03663636164647437 -1.4243960816370191 0 0 0 0 1
1685093671.855852365 0.03750367798903936 -1.4446856019411092 0 0 0 0 1
