1685094196.490339279 4.050444918099872e-19 6.2413805089951444e-18 0 0 0 0 1
1685094196.523672581 -0.00013284377976425073 -0.0159344463902591 0 0 0 0 1
1685094196.557005882 0.001203015467754964 -0.03401482618276719 0 0 0 0 1
1685094196.590339184 0.0028110991054241395 -0.052467775787715054 0 0 0 0 1
1685094196.623672485 0.004418728095306395 -0.07155752134771771 0 0 0 0 1
1685094196.657005787 0.0066851729928739745 -0.09125512115764996 0 0 0 0 1
1685094196.690339327 0.008223831401878308 -0.11114680749399161 0 0 0 0 1
1685094196.723672628 0.009686723434877049 -0.13171082179504937 0 0 0 0 1
1685094196.757005930 0.01111870096478803 -0.1527769671272354 0 0 0 0 1
1685094196.790339231 0.012416190941745356 -0.17394888216473595 0 0 0 0 1
1685094196.823672533 0.013831042371768097 -0.1953472992779084 0 0 0 0 1
1685094196.857005835 0.015338791825064462 -0.2171486594449914 0 0 0 0 1
1685094196.890339136 0.01706469444583163 -0.23948647274973425 0 0 0 0 1
1685094196.923672438 0.01912565908737404 -0.26213040502590573 0 0 0 0 1
1685094196.957005978 0.02132932897752617 -0.2852397731871026 0 0 0 0 1
1685094196.990339279 0.023738317577610316 -0.30846659461326187 0 0 0 0 1
1685094197.023672581 0.026401121552833515 -0.33143602533321687 0 0 0 0 1
1685094197.057005882 0.029276576489978768 -0.35440733570142413 0 0 0 0 1
1685094197.090339184 0.03223119494708988 -0.37804542681512476 0 0 0 0 1
1685094197.123672485 0.03522493382720278 -0.4020464066212564 0 0 0 0 1
1685094197.157005787 0.038575337623756756 -0.42561046277629583 0 0 0 0 1
1685094197.190339327 0.04235309954371846 -0.4501175242018097 0 0 0 0 1
1685094197.223672628 0.045604289906773066 -0.47485898462190246 0 0 0 0 1
1685094197.257005930 0.04855898870771742 -0.4997327463229962 0 0 0 0 1
1685094197.290339231 0.05155738069819973 -0.5243045203450987 0 0 0 0 1
1685094197.323672533 0.05462611456710488 -0.5488521401792146 0 0 0 0 1
1685094197.357005835 0.057600243462862445 -0.5734554620296796 0 0 0 0 1
1685094197.390339136 0.06075158880659638 -0.598320096675612 0 0 0 0 1
1685094197.423672438 0.063938121967767 -0.623488280688784 0 0 0 0 1
1685094197.457005978 0.06712232003148336 -0.6488034069536178 0 0 0 0 1
1685094197.490339279 0.07035482807650843 -0.6739599474546153 0 0 0 0 1
1685094197.523672581 0.07354511785935536 -0.6992376089236163 0 0 0 0 1
1685094197.557005882 0.07695442183358125 -0.7250969665917755 0 0 0 0 1
1685094197.590339184 0.08043786896143645 -0.7512400271088288 0 0 0 0 1
1685094197.623672485 0.08410559272455362 -0.7770376300971283 0 0 0 0 1
1685094197.657005787 0.08773225733747946 -0.8029613376091312 0 0 0 0 1
1685094197.690339327 0.09150586286092806 -0.8293536944916463 0 0 0 0 1
1685094197.723672628 0.09513290931880963 -0.855699244407036 0 0 0 0 1
1685094197.757005930 0.09850641389370358 -0.8817980834768041 0 0 0 0 1
1685094197.790339231 0.10199276050038791 -0.908174398033419 0 0 0 0 1
1685094197.823672533 0.10543784132440408 -0.9346107056453121 0 0 0 0 1
1685094197.857005835 0.10862142975729638 -0.961227953448974 0 0 0 0 1
1685094197.890339136 0.11261059588303068 -0.9945579782015673 0 0 0 0 1
1685094197.923672438 0.11677387738987804 -1.0273903372859938 0 0 0 0 1
1685094197.957005978 0.12006140154264809 -1.053856576301687 0 0 0 0 1
1685094197.990339279 0.1236221703852548 -1.0808006074148566 0 0 0 0 1
1685094198.023672581 0.12705160966746862 -1.1077857272838072 0 0 0 0 1
1685094198.057005882 0.13051916995772864 -1.1349640595107464 0 0 0 0 1
1685094198.090339184 0.13435324300018164 -1.1622321696963935 0 0 0 0 1
1685094198.123672485 0.13835579691574876 -1.1894418211991546 0 0 0 0 1
1685094198.157005787 0.142402357364856 -1.2164096438936975 0 0 0 0 1
1685094198.190339327 0.14651669648652965 -1.2433488371170682 0 0 0 0 1
1685094198.223672628 0.15085106852723063 -1.2703234118629725 0 0 0 0 1
1685094198.257005930 0.15496012545057927 -1.2970898244447195 0 0 0 0 1
1685094198.290339231 0.15890795995306722 -1.3236212600945765 0 0 0 0 1
1685094198.323672533 0.16284447902548785 -1.3497550767845081 0 0 0 0 1
1685094198.357005835 0.16657095429353327 -1.3759852925971778 0 0 0 0 1
1685094198.390339136 0.17044520892558168 -1.4022714645923038 0 0 0 0 1
1685094198.423672438 0.17445003132568912 -1.4274788764464854 0 0 0 0 1
1685094198.457005978 0.18056084863033828 -1.4527903541989704 0 0 0 0 1
1685094198.490339279 0.18665279122719866 -1.4782119328686691 0 0 0 0 1
1685094198.523672581 0.19317071693901197 -1.5041621857595682 0 0 0 0 1
1685094198.557005882 0.1997549391105641 -1.5300780100192024 0 0 0 0 1
1685094198.590339184 0.20619313497241798 -1.555872590473114 0 0 0 0 1
1685094198.623672485 0.21267833182597753 -1.5816528895828865 0 0 0 0 1
1685094198.657005787 0.21712772696965035 -1.606656519898603 0 0 0 0 1
1685094198.690339327 0.22346969695017938 -1.6318379522983115 0 0 0 0 1
1685094198.723672628 0.22956861065459275 -1.656776728504412 0 0 0 0 1
1685094198.757005930 0.23564259590594175 -1.6812808502543275 0 0 0 0 1
1685094198.790339231 0.24157885571704005 -1.7058120073429401 0 0 0 0 1
1685094198.823672533 0.24761197633339063 -1.7308248419351022 0 0 0 0 1
1685094198.857005835 0.25333716361469494 -1.7562491303362624 0 0 0 0 1
1685094198.890339136 0.25870837271304914 -1.7818902164700814 0 0 0 0 1
1685094198.923672438 0.2642217222781551 -1.8074433576306583 0 0 0 0 1
1685094198.957005978 0.2699900693576694 -1.8333707499454983 0 0 0 0 1
1685094198.990339279 0.275407826985518 -1.8593826977429848 0 0 0 0 1
1685094199.023672581 0.2806892465584238 -1.8851225132494869 0 0 0 0 1
1685094199.057005882 0.28582472134343 -1.9111826917339028 0 0 0 0 1
1685094199.090339184 0.2912377080073885 -1.937360368207522 0 0 0 0 1
1685094199.123672485 0.29685830357503146 -1.9635158865058675 0 0 0 0 1
1685094199.157005787 0.30414790995220475 -1.9959445166805052 0 0 0 0 1
1685094199.190339327 0.3102774179196246 -2.0218303716170687 0 0 0 0 1
1685094199.223672628 0.3166835783413908 -2.0480061020709757 0 0 0 0 1
1685094199.257005930 0.32342715512458015 -2.074560085805868 0 0 0 0 1
1685094199.290339231 0.3303076992456502 -2.1010883926258535 0 0 0 0 1
1685094199.323672533 0.33474910239888395 -2.126207678588789 0 0 0 0 1
1685094199.357005835 0.34100983112508054 -2.1531246272668256 0 0 0 0 1
1685094199.390339136 0.34736490247857965 -2.180164261622302 0 0 0 0 1
1685094199.423672438 0.35357268715901036 -2.2069553338424392 0 0 0 0 1
1685094199.457005978 0.35977686611786647 -2.2337944130121508 0 0 0 0 1
1685094199.490339279 0.36598122297504593 -2.2608417247508683 0 0 0 0 1
1685094199.523672581 0.37186876012106895 -2.288215692332935 0 0 0 0 1
1685094199.557005882 0.37963916145913396 -2.322190008621367 0 0 0 0 1
1685094199.590339184 0.38540113615450233 -2.348875149721082 0 0 0 0 1
1685094199.623672485 0.38998590683481865 -2.3763323349158294 0 0 0 0 1
1685094199.657005787 0.39562135717965674 -2.40362533432898 0 0 0 0 1
1685094199.690339327 0.4014915255866195 -2.431990071329256 0 0 0 0 1
1685094199.723672628 0.4070688639550779 -2.4601322729638806 0 0 0 0 1
1685094199.757005930 0.4148623256627599 -2.482547332303544 0 0 0 0 1
1685094199.790339231 0.42540274491546193 -2.507089948168657 0 0 0 0 1
1685094199.823672533 0.43580816668419803 -2.5309991938421144 0 0 0 0 1
1685094199.857005835 0.44670730576458406 -2.5550546243349372 0 0 0 0 1
1685094199.890339136 0.4576259492999525 -2.5788533099438427 0 0 0 0 1
1685094199.923672438 0.46854819646967916 -2.60259916211588 0 0 0 0 1
1685094199.957005978 0.47911037380610433 -2.62617065591156 0 0 0 0 1
1685094199.990339279 0.4895844692024101 -2.6492517497282893 0 0 0 0 1
1685094200.023672581 0.5001094214505329 -2.6719094583175074 0 0 0 0 1
1685094200.057005882 0.5104156000293878 -2.6945200641357454 0 0 0 0 1
1685094200.090339184 0.5207445549352006 -2.7172076692730474 0 0 0 0 1
1685094200.123672485 0.5309197609067651 -2.739668319337737 0 0 0 0 1
1685094200.157005787 0.5409614020280094 -2.761790851513014 0 0 0 0 1
1685094200.190339327 0.5536542698937033 -2.7898168486676314 0 0 0 0 1
1685094200.223672628 0.5661020139957174 -2.8178624927618054 0 0 0 0 1
1685094200.257005930 0.575538830678512 -2.8399332098628336 0 0 0 0 1
