1685094344.656378746 -2.4322647718343175e-18 1.399342890661983e-17 0 0 0 0 1
1685094344.689712048 0.0011850476166087394 -0.007642897974077604 0 0 0 0 1
1685094344.723045349 0.004290554233212131 -0.021437139310243998 0 0 0 0 1
1685094344.756378651 0.0075011733618913865 -0.036455615498523816 0 0 0 0 1
1685094344.789711952 0.011053083739346116 -0.052862197084782014 0 0 0 0 1
1685094344.823045254 0.014805451080668832 -0.07012897530775408 0 0 0 0 1
1685094344.856378555 0.018486625741959 -0.0881698499631911 0 0 0 0 1
1685094344.889711857 0.022366472517640904 -0.10679559585563474 0 0 0 0 1
1685094344.923045397 0.02620292421985136 -0.12598566908291137 0 0 0 0 1
1685094344.956378698 0.029921273445556843 -0.14489478949649967 0 0 0 0 1
1685094344.989712000 0.033354274737255975 -0.1647907936817574 0 0 0 0 1
1685094345.023045301 0.03681581425340706 -0.18491041673934713 0 0 0 0 1
1685094345.056378603 0.03779061414699688 -0.20466030691769807 0 0 0 0 1
1685094345.089711905 0.03978654592423278 -0.22433324907768215 0 0 0 0 1
1685094345.123045206 0.044490674047189725 -0.246933379889134 0 0 0 0 1
1685094345.156378746 0.05529639533595346 -0.26715572629890155 0 0 0 0 1
1685094345.189712048 0.06640845605415949 -0.2875561606845056 0 0 0 0 1
1685094345.223045349 0.08067598021312944 -0.31355614104723867 0 0 0 0 1
1685094345.256378651 0.09240039803278155 -0.3344468472817307 0 0 0 0 1
1685094345.289711952 0.10445464289385507 -0.355363653838014 0 0 0 0 1
1685094345.323045254 0.07665346113780187 -0.3557237911983629 0 0 0 0 1
1685094345.356378555 0.1001902913745955 -0.3705242313389729 0 0 0 0 1
1685094345.389711857 0.09538171598996699 -0.3710738210209266 0 0 0 0 1
1685094345.423045397 0.10040370570962744 -0.39616065421742075 0 0 0 0 1
1685094345.456378698 0.07429738633557816 -0.3927667418607741 0 0 0 0 1
1685094345.489712000 0.056448566513167805 -0.3731738006990102 0 0 0 0 1
1685094345.523045301 0.038739194770154424 -0.3534547270673972 0 0 0 0 1
1685094345.556378603 0.020164635340650893 -0.3334152083846969 0 0 0 0 1
1685094345.589711905 0.0016114330565301393 -0.3133559149764298 0 0 0 0 1
1685094345.623045206 -0.019668753714628468 -0.2917525829149915 0 0 0 0 1
1685094345.656378746 -0.031103130645630882 -0.2636669045473266 0 0 0 0 1
1685094345.689712048 -0.030602925212207147 -0.23546955430223743 0 0 0 0 1
1685094345.723045349 -0.030269920000288355 -0.20726973384449884 0 0 0 0 1
1685094345.756378651 -0.03312798721828855 -0.19721915260339362 0 0 0 0 1
1685094345.789711952 -0.05110352208464325 -0.1768015043889221 0 0 0 0 1
1685094345.823045254 -0.06908421504122245 -0.1569802521730197 0 0 0 0 1
1685094345.856378555 -0.08294477317966614 -0.1649687250805578 0 0 0 0 1
1685094345.889711857 -0.10942725975398165 -0.17322603695495073 0 0 0 0 1
1685094345.923045397 -0.13625556997154908 -0.18180691282987851 0 0 0 0 1
1685094345.956378698 -0.16303143616087096 -0.19055006156031215 0 0 0 0 1
1685094345.989712000 -0.1897538768134995 -0.1994551626533765 0 0 0 0 1
1685094346.023045301 -0.2164219123793781 -0.20852188967959634 0 0 0 0 1
1685094346.056378603 -0.2445642157960974 -0.21831316778367174 0 0 0 0 1
1685094346.089711905 -0.26878556117843533 -0.22585877119222977 0 0 0 0 1
1685094346.123045206 -0.2940001390336702 -0.22865783648479523 0 0 0 0 1
1685094346.156378746 -0.32424076367836835 -0.22719022949301487 0 0 0 0 1
1685094346.189712048 -0.3544724267215898 -0.22554834069502527 0 0 0 0 1
1685094346.223045349 -0.3846941237563364 -0.22373222464040898 0 0 0 0 1
1685094346.256378651 -0.41490485070671734 -0.2217419416672186 0 0 0 0 1
1685094346.289711952 -0.44510360386130843 -0.21957755789997216 0 0 0 0 1
1685094346.323045254 -0.47528937990649894 -0.21723914524745608 0 0 0 0 1
1685094346.356378555 -0.5054611759598254 -0.21472678140033627 0 0 0 0 1
1685094346.389711857 -0.5354667673336313 -0.21320078201402598 0 0 0 0 1
1685094346.423045397 -0.5655009975870238 -0.21242026878221454 0 0 0 0 1
1685094346.456378698 -0.5954795503860094 -0.2104893888398058 0 0 0 0 1
1685094346.489712000 -0.6038092942706192 -0.2275545716134928 0 0 0 0 1
1685094346.523045301 -0.6013491286984614 -0.24638414095642008 0 0 0 0 1
1685094346.556378603 -0.5889145618296228 -0.26073637573247216 0 0 0 0 1
1685094346.589711905 -0.5706274669491568 -0.2658537243736508 0 0 0 0 1
1685094346.623045206 -0.5525497430073136 -0.2600398622007877 0 0 0 0 1
1685094346.656378746 -0.5234269940829188 -0.2792204207087077 0 0 0 0 1
1685094346.689712048 -0.5049092049340358 -0.30876902159989333 0 0 0 0 1
1685094346.723045349 -0.48345247629816673 -0.33167923549431333 0 0 0 0 1
1685094346.756378651 -0.4835445615582072 -0.34724710330004005 0 0 0 0 1
1685094346.789711952 -0.49430579964748267 -0.33599709252237286 0 0 0 0 1
1685094346.823045254 -0.4787491893361174 -0.336596144550182 0 0 0 0 1
1685094346.856378555 -0.47784499192457885 -0.368378751579031 0 0 0 0 1
1685094346.889711857 -0.4705634104567536 -0.382715862014197 0 0 0 0 1
1685094346.923045397 -0.48945439808085833 -0.39310116902855524 0 0 0 0 1
1685094346.956378698 -0.46864611089171626 -0.3987349243880594 0 0 0 0 1
1685094346.989712000 -0.47971722332940164 -0.3802375060657992 0 0 0 0 1
1685094347.023045301 -0.4522000489862959 -0.39880159063290754 0 0 0 0 1
1685094347.056378603 -0.42428244136299287 -0.41760204091241365 0 0 0 0 1
1685094347.089711905 -0.39644889660347005 -0.4365267214180528 0 0 0 0 1
1685094347.123045206 -0.3686999675143135 -0.4555752562836493 0 0 0 0 1
1685094347.156378746 -0.34103620522154393 -0.4747472671831356 0 0 0 0 1
1685094347.189712048 -0.3146880805683638 -0.4931837242199459 0 0 0 0 1
1685094347.223045349 -0.28882614065727025 -0.511136852649125 0 0 0 0 1
1685094347.256378651 -0.262678801118219 -0.5258643390154683 0 0 0 0 1
1685094347.289711952 -0.23514347328673313 -0.540738264756659 0 0 0 0 1
1685094347.323045254 -0.20630430462956031 -0.5580026549714648 0 0 0 0 1
1685094347.356378555 -0.2311124957177527 -0.5834388516458582 0 0 0 0 1
1685094347.389711857 -0.25580449361599633 -0.5633520843448653 0 0 0 0 1
1685094347.423045397 -0.28005425048410726 -0.5434407084036856 0 0 0 0 1
1685094347.456378698 -0.3037058745519729 -0.5233225092006077 0 0 0 0 1
1685094347.489712000 -0.31819952943702223 -0.509137856911404 0 0 0 0 1
1685094347.523045301 -0.3384496999686056 -0.5102337519494058 0 0 0 0 1
1685094347.556378603 -0.3513279049874953 -0.5258997095640545 0 0 0 0 1
1685094347.589711905 -0.348485016189242 -0.5459792607486126 0 0 0 0 1
1685094347.623045206 -0.32745082484856797 -0.5554751782558962 0 0 0 0 1
1685094347.656378746 -0.30253085593934526 -0.5740457919642332 0 0 0 0 1
1685094347.689712048 -0.2781341763899563 -0.5932987026767806 0 0 0 0 1
1685094347.723045349 -0.2542794614929433 -0.6132191725789472 0 0 0 0 1
1685094347.756378651 -0.23001327798143753 -0.6328619199429546 0 0 0 0 1
1685094347.789711952 -0.2059265921349545 -0.6527243656924872 0 0 0 0 1
1685094347.823045254 -0.18202139296503322 -0.672804869642007 0 0 0 0 1
1685094347.856378555 -0.15809357772940275 -0.6935198984002873 0 0 0 0 1
1685094347.889711857 -0.1339221672504973 -0.7139501620761947 0 0 0 0 1
1685094347.923045397 -0.11262186666338238 -0.7419152678540846 0 0 0 0 1
1685094347.956378698 -0.13591852441230845 -0.7682404589075111 0 0 0 0 1
1685094347.989712000 -0.16626642868703193 -0.7504991327901591 0 0 0 0 1
1685094348.023045301 -0.16274563071516143 -0.7194435535270348 0 0 0 0 1
1685094348.056378603 -0.16195866453548216 -0.7088995317732851 0 0 0 0 1
1685094348.089711905 -0.14430645076051155 -0.7329236654350619 0 0 0 0 1
1685094348.123045206 -0.12057887807580431 -0.714874788909136 0 0 0 0 1
1685094348.156378746 -0.13901943602344255 -0.6914503258003265 0 0 0 0 1
1685094348.189712048 -0.12984263265412985 -0.6603403663986159 0 0 0 0 1
1685094348.223045349 -0.12048154633549363 -0.6292853610534196 0 0 0 0 1
1685094348.256378651 -0.1109365061171208 -0.598286401372734 0 0 0 0 1
1685094348.289711952 -0.10120784751472324 -0.5673445769945058 0 0 0 0 1
1685094348.323045254 -0.09129591249834419 -0.5364609755483306 0 0 0 0 1
1685094348.356378555 -0.08654090434564221 -0.506621111229792 0 0 0 0 1
1685094348.389711857 -0.08379180714790523 -0.4765300815086535 0 0 0 0 1
1685094348.423045397 -0.06555409763487864 -0.4382171655552336 0 0 0 0 1
1685094348.456378698 -0.030044420921340572 -0.4149888113983984 0 0 0 0 1
1685094348.489712000 0.012366016311688441 -0.41362925601568795 0 0 0 0 1
1685094348.523045301 0.04436907157724882 -0.4216133467584322 0 0 0 0 1
1685094348.556378603 0.07689023101323442 -0.4293202740560227 0 0 0 0 1
1685094348.589711905 0.10948483126333321 -0.4367104414402834 0 0 0 0 1
1685094348.623045206 0.14319771458624708 -0.4434656128697363 0 0 0 0 1
1685094348.656378746 0.1772568780481119 -0.4481735027647597 0 0 0 0 1
1685094348.689712048 0.21153811301919265 -0.4508169421613108 0 0 0 0 1
1685094348.723045349 0.2439231315516831 -0.45175513530691175 0 0 0 0 1
1685094348.756378651 0.2764125800263587 -0.45205285840316406 0 0 0 0 1
1685094348.789711952 0.30475201639193006 -0.4514721190061247 0 0 0 0 1
1685094348.823045254 0.33306135067278875 -0.45004295689491114 0 0 0 0 1
1685094348.856378555 0.3656961292355539 -0.44849951665902493 0 0 0 0 1
1685094348.889711857 0.39832842551951453 -0.4469044558958344 0 0 0 0 1
1685094348.923045397 0.43001975930183545 -0.44357448327710647 0 0 0 0 1
1685094348.956378698 0.46122353667766974 -0.43711277823715583 0 0 0 0 1
1685094348.989712000 0.4916310643131576 -0.42758326525689316 0 0 0 0 1
1685094349.023045301 0.5209415260293097 -0.4150802180871053 0 0 0 0 1
1685094349.056378603 0.5488649587221351 -0.39972732711526565 0 0 0 0 1
1685094349.089711905 0.5760264677782266 -0.38306768402105945 0 0 0 0 1
1685094349.123045206 0.6030092627765496 -0.366272589888465 0 0 0 0 1
1685094349.156378746 0.6300225894051734 -0.34952664717688486 0 0 0 0 1
1685094349.189712048 0.6570663581307706 -0.3328299113892932 0 0 0 0 1
1685094349.223045349 0.6841404793191165 -0.31618243786557193 0 0 0 0 1
1685094349.256378651 0.7112448632353854 -0.2995842817823276 0 0 0 0 1
1685094349.289711952 0.7383794200444487 -0.28303549815270834 0 0 0 0 1
1685094349.323045254 0.7321228483901029 -0.28258753014356697 0 0 0 0 1
1685094349.356378555 0.7363165569700167 -0.28725209577714245 0 0 0 0 1
1685094349.389711857 0.7288327900306961 -0.2825109204783661 0 0 0 0 1
1685094349.423045397 0.7217921448141777 -0.2771336697169721 0 0 0 0 1
1685094349.456378698 0.7041717715784733 -0.29007753833381283 0 0 0 0 1
1685094349.489712000 0.6980300799850032 -0.2770740639422595 0 0 0 0 1
1685094349.523045301 0.68385625862156 -0.2746422930158999 0 0 0 0 1
1685094349.556378603 0.6731336217751334 -0.2746058529393467 0 0 0 0 1
1685094349.589711905 0.6671031583621925 -0.2834720685832787 0 0 0 0 1
1685094349.623045206 0.6823206624065711 -0.3115767025471159 0 0 0 0 1
1685094349.656378746 0.6973467600321229 -0.3394601839130678 0 0 0 0 1
1685094349.689712048 0.7123099393896928 -0.367377479742915 0 0 0 0 1
1685094349.723045349 0.7148573965689715 -0.39007879118306266 0 0 0 0 1
1685094349.756378651 0.7228260367137849 -0.3956491573278225 0 0 0 0 1
1685094349.789711952 0.7486302509741767 -0.41448478819321943 0 0 0 0 1
1685094349.823045254 0.7752951635706058 -0.43208083604262293 0 0 0 0 1
1685094349.856378555 0.8027612766374951 -0.44839803852008664 0 0 0 0 1
1685094349.889711857 0.8309673045772538 -0.4633999867787379 0 0 0 0 1
1685094349.923045397 0.8598503108078563 -0.4770532067204464 0 0 0 0 1
1685094349.956378698 0.8616154866531629 -0.5019834508803793 0 0 0 0 1
1685094349.989712000 0.8612547094085018 -0.5010299222291399 0 0 0 0 1
1685094350.023045301 0.8829627501335768 -0.49970357109464336 0 0 0 0 1
1685094350.056378603 0.8699168809404365 -0.4823023200922307 0 0 0 0 1
1685094350.089711905 0.8771230228416795 -0.4562397103334024 0 0 0 0 1
1685094350.123045206 0.8818337324856111 -0.42961270668687107 0 0 0 0 1
1685094350.156378746 0.8840068387834631 -0.4026596787018736 0 0 0 0 1
1685094350.189712048 0.883789687463681 -0.40462072270286903 0 0 0 0 1
1685094350.223045349 0.8869050638233691 -0.3703021385600501 0 0 0 0 1
1685094350.256378651 0.885162914437082 -0.3496254745115437 0 0 0 0 1
1685094350.289711952 0.8997057068579174 -0.3348245721990684 0 0 0 0 1
1685094350.323045254 0.9204098174423583 -0.3362027324097062 0 0 0 0 1
1685094350.356378555 0.9350099741283928 -0.36563913718652363 0 0 0 0 1
1685094350.389711857 0.9502594340248254 -0.39536938172641944 0 0 0 0 1
1685094350.423045397 0.9652983362871715 -0.4252066886806086 0 0 0 0 1
1685094350.456378698 0.9800173944698334 -0.45534836470078693 0 0 0 0 1
1685094350.489712000 0.9947354559119261 -0.48549052743800203 0 0 0 0 1
1685094350.523045301 1.0094525205973555 -0.5156331768592933 0 0 0 0 1
1685094350.556378603 1.023678646395581 -0.5447787706848307 0 0 0 0 1
1685094350.589711905 1.037840017662556 -0.5739558825794141 0 0 0 0 1
1685094350.623045206 1.0578678765814638 -0.5582373874519642 0 0 0 0 1
1685094350.656378746 1.0277018245195717 -0.5485180019574968 0 0 0 0 1
1685094350.689712048 1.0198927554474895 -0.5481456803500676 0 0 0 0 1
1685094350.723045349 0.9903034416598768 -0.5394119772365766 0 0 0 0 1
1685094350.756378651 0.993331498280142 -0.5218309210074322 0 0 0 0 1
1685094350.789711952 0.9727873776009807 -0.5631359456839707 0 0 0 0 1
1685094350.823045254 0.9344465324954233 -0.5374815980095308 0 0 0 0 1
1685094350.856378555 0.9194885873142536 -0.5106058010529473 0 0 0 0 1
1685094350.889711857 0.9045172626677314 -0.48373745491064063 0 0 0 0 1
1685094350.923045397 0.8895325622672365 -0.4568765662432534 0 0 0 0 1
1685094350.956378698 0.8750324847917583 -0.43063389308464434 0 0 0 0 1
1685094350.989712000 0.8609348512556143 -0.404847169612273 0 0 0 0 1
1685094351.023045301 0.8573839765237895 -0.3964875162245649 0 0 0 0 1
1685094351.056378603 0.842525818677657 -0.3731093268970597 0 0 0 0 1
1685094351.089711905 0.8277131613604827 -0.3502980547081475 0 0 0 0 1
1685094351.123045206 0.8139324548513586 -0.32895680501104874 0 0 0 0 1
1685094351.156378746 0.796859780350358 -0.30640591914686055 0 0 0 0 1
