1685094225.578134537 -2.264470186483515e-19 7.960053451121675e-20 0 0 0 0 1
1685094225.611468077 0.00039982456496500876 -0.012340681027365914 0 0 0 0 1
1685094225.644801378 0.001246306361545544 -0.024829345778064782 0 0 0 0 1
1685094225.678134680 0.0019482884603008194 -0.037018337849115956 0 0 0 0 1
1685094225.711467981 0.002972452868130778 -0.05002313325621963 0 0 0 0 1
1685094225.744801283 0.00405476076340847 -0.06356517478768449 0 0 0 0 1
1685094225.778134584 0.005143432426807015 -0.07761446984361775 0 0 0 0 1
1685094225.811467886 0.006127526620753777 -0.09241291841496957 0 0 0 0 1
1685094225.844801426 0.00652683505364068 -0.10739307845901279 0 0 0 0 1
1685094225.878134727 0.007920632004255595 -0.12377899600491017 0 0 0 0 1
1685094225.911468029 0.010357000645532221 -0.13753158902009 0 0 0 0 1
1685094225.944801331 0.01238183083234896 -0.1553265675717748 0 0 0 0 1
1685094225.978134632 0.014205123519907735 -0.1734747637496696 0 0 0 0 1
1685094226.011467934 0.01600234780936707 -0.19195260150106222 0 0 0 0 1
1685094226.044801235 0.01810334189869692 -0.2111625188583869 0 0 0 0 1
1685094226.078134537 0.02040986959662336 -0.23127538719222226 0 0 0 0 1
1685094226.111468077 0.02294400133124208 -0.2520794151754956 0 0 0 0 1
1685094226.144801378 0.026585335974667074 -0.26651851744654736 0 0 0 0 1
1685094226.178134680 0.02999762196176348 -0.28101345783005927 0 0 0 0 1
1685094226.211467981 0.0321751304986441 -0.30326548439221834 0 0 0 0 1
1685094226.244801283 0.03429640747764524 -0.325984737204425 0 0 0 0 1
1685094226.278134584 0.03648656160509808 -0.34869745367041827 0 0 0 0 1
1685094226.311467886 0.038785936666380416 -0.3718985674540643 0 0 0 0 1
1685094226.344801426 0.0411638924409559 -0.39529145444566016 0 0 0 0 1
1685094226.378134727 0.04339912140192041 -0.41925760596086975 0 0 0 0 1
1685094226.411468029 0.045729896332522446 -0.4437726205057452 0 0 0 0 1
1685094226.444801331 0.04828427005207594 -0.46872564279320694 0 0 0 0 1
1685094226.478134632 0.05081527379978296 -0.4938166902359227 0 0 0 0 1
1685094226.511467934 0.05337987271228981 -0.5191797880927145 0 0 0 0 1
1685094226.544801235 0.055909002781168844 -0.544546447343982 0 0 0 0 1
1685094226.578134537 0.058474786550477234 -0.5710210580220321 0 0 0 0 1
1685094226.611468077 0.061234534406698266 -0.5974761529694187 0 0 0 0 1
1685094226.644801378 0.07564588835273349 -0.6178324419827059 0 0 0 0 1
1685094226.678134680 0.08513378824521331 -0.6434276479195197 0 0 0 0 1
1685094226.711467981 0.09469872608861414 -0.6689941646038376 0 0 0 0 1
1685094226.744801283 0.10434061513477302 -0.6945317601629185 0 0 0 0 1
1685094226.778134584 0.11452040044725711 -0.7210219891497389 0 0 0 0 1
1685094226.811467886 0.12470014017685713 -0.7475122356533117 0 0 0 0 1
1685094226.844801426 0.13487983432354284 -0.7740024996735585 0 0 0 0 1
1685094226.878134727 0.145059482887284 -0.8004927812104008 0 0 0 0 1
1685094226.911468029 0.1552390858680507 -0.8269830802637601 0 0 0 0 1
1685094226.944801331 0.16541864326581268 -0.8534733968335582 0 0 0 0 1
1685094226.978134632 0.1665731264904709 -0.8592832072333993 0 0 0 0 1
1685094227.011467934 0.14869663130429678 -0.882513888413203 0 0 0 0 1
1685094227.044801235 0.1307444618726294 -0.9056861399420402 0 0 0 0 1
1685094227.078134537 0.1286324241881847 -0.9435060382778805 0 0 0 0 1
1685094227.111468077 0.09165513353470715 -0.9517209874099238 0 0 0 0 1
1685094227.144801378 0.09518850090433095 -0.9221378417526901 0 0 0 0 1
1685094227.178134680 0.09933341904696688 -0.8926341666335346 0 0 0 0 1
1685094227.211467981 0.10408811208422736 -0.8632226028181362 0 0 0 0 1
1685094227.244801283 0.1094505428814057 -0.8339157516073477 0 0 0 0 1
1685094227.278134584 0.11541841392028081 -0.804726169438204 0 0 0 0 1
1685094227.311467886 0.12008380418050914 -0.7767010872522193 0 0 0 0 1
1685094227.344801426 0.12604075803666395 -0.7477231609560112 0 0 0 0 1
1685094227.378134727 0.14037363961153002 -0.709984351950939 0 0 0 0 1
1685094227.411468029 0.1507023389027461 -0.6827870578925228 0 0 0 0 1
1685094227.444801331 0.16109614408643697 -0.6556145783046785 0 0 0 0 1
1685094227.478134632 0.17123662627861003 -0.6285843159447185 0 0 0 0 1
1685094227.511467934 0.18133886555542797 -0.6015397374874386 0 0 0 0 1
1685094227.544801235 0.19186471338161631 -0.5691472484949308 0 0 0 0 1
1685094227.578134537 0.2067300462871263 -0.5594503545633621 0 0 0 0 1
1685094227.611468077 0.22239041350660424 -0.5510980630895911 0 0 0 0 1
1685094227.644801378 0.23872451061431724 -0.5441550705080359 0 0 0 0 1
1685094227.678134680 0.26255985553800004 -0.5282661858200667 0 0 0 0 1
1685094227.711467981 0.2863457639040844 -0.5123033888389998 0 0 0 0 1
1685094227.744801283 0.2899238297373332 -0.5118406865937914 0 0 0 0 1
1685094227.778134584 0.2864864391593145 -0.5129365855348131 0 0 0 0 1
1685094227.811467886 0.28967205022722536 -0.5112429118357826 0 0 0 0 1
1685094227.844801426 0.2868411848398348 -0.5134796169198869 0 0 0 0 1
1685094227.878134727 0.29422566524614185 -0.48503565405829463 0 0 0 0 1
1685094227.911468029 0.3015549187549893 -0.4565774106630002 0 0 0 0 1
1685094227.944801331 0.3088289177502734 -0.42810499396263246 0 0 0 0 1
1685094227.978134632 0.31604763482408527 -0.39961851123922426 0 0 0 0 1
1685094228.011467934 0.32321104277681456 -0.3711180698278084 0 0 0 0 1
1685094228.044801235 0.33031911461725155 -0.34260377711601275 0 0 0 0 1
1685094228.078134537 0.3378732514307321 -0.31539097759592893 0 0 0 0 1
1685094228.111468077 0.3472035283685488 -0.28582713745324545 0 0 0 0 1
1685094228.144801378 0.361759656474181 -0.2584557318208903 0 0 0 0 1
1685094228.178134680 0.35847839886720484 -0.29193842105764395 0 0 0 0 1
1685094228.211467981 0.33119646238904754 -0.2951544879642481 0 0 0 0 1
1685094228.244801283 0.30392282149335836 -0.29844016242148697 0 0 0 0 1
1685094228.278134584 0.32123124013096094 -0.27713321913840855 0 0 0 0 1
1685094228.311467886 0.2990104843639507 -0.2932516930409128 0 0 0 0 1
1685094228.344801426 0.27328823700001004 -0.28233086371475247 0 0 0 0 1
1685094228.378134727 0.24753430014536354 -0.2714849769778482 0 0 0 0 1
1685094228.411468029 0.22190479410753253 -0.2612187811943065 0 0 0 0 1
1685094228.444801331 0.19625452797865067 -0.25100456545707256 0 0 0 0 1
1685094228.478134632 0.17137135307568252 -0.24089618489548958 0 0 0 0 1
1685094228.511467934 0.1470491286236916 -0.23123356434348744 0 0 0 0 1
1685094228.544801235 0.13718445164159 -0.23102650114700526 0 0 0 0 1
