1685094224.677833319 4.72085080640808e-19 -9.051373439992222e-18 0 0 0 0 1
1685094224.711166859 0.00045574480859869614 -0.014506545091284394 0 0 0 0 1
1685094224.744500160 0.0007049214707921552 -0.02999025542459498 0 0 0 0 1
1685094224.777833462 0.0009466938475765498 -0.046534995836832065 0 0 0 0 1
1685094224.811166763 0.0012266554169788246 -0.06410596913216876 0 0 0 0 1
1685094224.844500065 0.0014873307958515587 -0.08245663969114833 0 0 0 0 1
1685094224.877833366 0.0019050769298046665 -0.10109657612887406 0 0 0 0 1
1685094224.911166668 0.002337006936203741 -0.1201201969201445 0 0 0 0 1
1685094224.944500208 0.0027807960067503788 -0.1398729772961216 0 0 0 0 1
1685094224.977833509 0.003238576318162115 -0.1604902902393441 0 0 0 0 1
1685094225.011166811 0.0037882178838543044 -0.18171487748267787 0 0 0 0 1
1685094225.044500113 0.004376626367311031 -0.2033909114091386 0 0 0 0 1
1685094225.077833414 0.005055497037398971 -0.22522539670289854 0 0 0 0 1
1685094225.111166716 0.005818786916864923 -0.24766283863663627 0 0 0 0 1
1685094225.144500017 0.006572428674711283 -0.2709034894653232 0 0 0 0 1
1685094225.177833319 0.007342229394273793 -0.2945649682815023 0 0 0 0 1
1685094225.211166859 0.007995034402909301 -0.3187596807547666 0 0 0 0 1
1685094225.244500160 0.008761846544078706 -0.3431682237609802 0 0 0 0 1
1685094225.277833462 0.009679591620730872 -0.3675142620876513 0 0 0 0 1
1685094225.311166763 0.010585049711056161 -0.3922454600844493 0 0 0 0 1
1685094225.344500065 0.011224378610794405 -0.4175563171694794 0 0 0 0 1
1685094225.377833366 0.011857310091969078 -0.4430896776193474 0 0 0 0 1
1685094225.411166668 0.012466697081534093 -0.46849289749449957 0 0 0 0 1
1685094225.444500208 0.013085055526353624 -0.4941581232592338 0 0 0 0 1
1685094225.477833509 0.013874656218853209 -0.5205456987588305 0 0 0 0 1
1685094225.511166811 0.014620912701811432 -0.5470594936889344 0 0 0 0 1
1685094225.544500113 0.015400557250982062 -0.5732822180273857 0 0 0 0 1
1685094225.577833414 0.015848372844190252 -0.5977843891718334 0 0 0 0 1
1685094225.611166716 0.016948315985260285 -0.6233542563232674 0 0 0 0 1
1685094225.644500017 0.020910983241877956 -0.6484613127997627 0 0 0 0 1
1685094225.677833319 0.024481274954354707 -0.6745184058495826 0 0 0 0 1
1685094225.711166859 0.02818111934557117 -0.7005632531087226 0 0 0 0 1
1685094225.744500160 0.03188292898629236 -0.7267798076936364 0 0 0 0 1
1685094225.777833462 0.03545622703468892 -0.7525791374405929 0 0 0 0 1
1685094225.811166763 0.03687267005712929 -0.7777953890326519 0 0 0 0 1
1685094225.844500065 0.03924064395426264 -0.8041242043677248 0 0 0 0 1
1685094225.877833366 0.04229375406060764 -0.8292253446651837 0 0 0 0 1
1685094225.911166668 0.04648146535072059 -0.8557260570352381 0 0 0 0 1
1685094225.944500208 0.05045190531119214 -0.8822720966495031 0 0 0 0 1
1685094225.977833509 0.05417722780237433 -0.9086801249201177 0 0 0 0 1
1685094226.011166811 0.057992164228099566 -0.935387277546473 0 0 0 0 1
1685094226.044500113 0.06357158744841208 -0.9601909022824471 0 0 0 0 1
1685094226.077833414 0.07005103601481144 -0.9867038929265038 0 0 0 0 1
1685094226.111166716 0.07684680392721609 -1.0131182598075366 0 0 0 0 1
1685094226.144500017 0.08374117790714546 -1.0394519530108552 0 0 0 0 1
1685094226.177833319 0.09083562228781054 -1.0659724869794953 0 0 0 0 1
1685094226.211166859 0.09802721992973741 -1.0924493007621177 0 0 0 0 1
1685094226.244500160 0.10544403419874736 -1.1188904147425753 0 0 0 0 1
1685094226.277833462 0.11293463756913293 -1.1452049034535712 0 0 0 0 1
1685094226.311166763 0.12068771321559753 -1.17183063949394 0 0 0 0 1
1685094226.344500065 0.12867032423217678 -1.1987565823203847 0 0 0 0 1
1685094226.377833366 0.1363290336591228 -1.2254609623991066 0 0 0 0 1
1685094226.411166668 0.1444838067065268 -1.2495936044206284 0 0 0 0 1
1685094226.444500208 0.15298568834797838 -1.2762691516634275 0 0 0 0 1
1685094226.477833509 0.16008645035810318 -1.30242752667151 0 0 0 0 1
1685094226.511166811 0.16835099174838628 -1.32897041598786 0 0 0 0 1
1685094226.544500113 0.1765351848929373 -1.3549656206594838 0 0 0 0 1
1685094226.577833414 0.18470803383752538 -1.3812615875937433 0 0 0 0 1
1685094226.611166716 0.19280517540725078 -1.4080178447428107 0 0 0 0 1
1685094226.644500017 0.2004518960306512 -1.4346800149340038 0 0 0 0 1
1685094226.677833319 0.2078358394036842 -1.460797553126293 0 0 0 0 1
1685094226.711166859 0.21530639154331077 -1.4868024975647445 0 0 0 0 1
1685094226.744500160 0.2231290845618162 -1.5131066487092524 0 0 0 0 1
1685094226.777833462 0.230021477024095 -1.5390836970275503 0 0 0 0 1
1685094226.811166763 0.23630301605424225 -1.5650552781126648 0 0 0 0 1
1685094226.844500065 0.24256182590729372 -1.5910611658965508 0 0 0 0 1
1685094226.877833366 0.24902982361015086 -1.6168642288203416 0 0 0 0 1
1685094226.911166668 0.25572676894183866 -1.6424320017965737 0 0 0 0 1
1685094226.944500208 0.2624628787897138 -1.6676197020093417 0 0 0 0 1
1685094226.977833509 0.2690839168187719 -1.6927583814298686 0 0 0 0 1
1685094227.011166811 0.27588693182044893 -1.7182550225728028 0 0 0 0 1
1685094227.044500113 0.28273256375460304 -1.7437933507461012 0 0 0 0 1
1685094227.077833414 0.2898046965526264 -1.769228341157837 0 0 0 0 1
1685094227.111166716 0.2968602505228318 -1.7948188106339762 0 0 0 0 1
1685094227.144500017 0.3040207146598722 -1.8210230427592442 0 0 0 0 1
1685094227.177833319 0.3114782376548156 -1.8479937730206064 0 0 0 0 1
1685094227.211166859 0.31886377688112255 -1.875054256127654 0 0 0 0 1
1685094227.244500160 0.3268964091721904 -1.9007778007509422 0 0 0 0 1
1685094227.277833462 0.33496578889264184 -1.9275538529926284 0 0 0 0 1
1685094227.311166763 0.3427770046217596 -1.954182978724593 0 0 0 0 1
1685094227.344500065 0.3504555380039554 -1.9806546011746087 0 0 0 0 1
1685094227.377833366 0.35819134166666694 -2.0068117192265356 0 0 0 0 1
1685094227.411166668 0.3659191755629732 -2.033103128304933 0 0 0 0 1
1685094227.444500208 0.3733847272082575 -2.059547546260061 0 0 0 0 1
1685094227.477833509 0.38229884789592133 -2.0925756605419665 0 0 0 0 1
1685094227.511166811 0.389121070865816 -2.118938923120194 0 0 0 0 1
1685094227.544500113 0.3959140549761814 -2.145410554289996 0 0 0 0 1
1685094227.577833414 0.4027711419272113 -2.1720815813969536 0 0 0 0 1
1685094227.611166716 0.40950547508141605 -2.1986880375186995 0 0 0 0 1
1685094227.644500017 0.41613379196832573 -2.225186324144965 0 0 0 0 1
1685094227.677833319 0.4232622444549335 -2.25188056695553 0 0 0 0 1
1685094227.711166859 0.4309545081390008 -2.2787084950855907 0 0 0 0 1
1685094227.744500160 0.4387914931900044 -2.3049331781071047 0 0 0 0 1
1685094227.777833462 0.4464633067106419 -2.3315166002270753 0 0 0 0 1
1685094227.811166763 0.454004706893312 -2.3573309960687205 0 0 0 0 1
1685094227.844500065 0.46173551486567016 -2.3837654930593537 0 0 0 0 1
1685094227.877833366 0.4695952927562397 -2.410263626286162 0 0 0 0 1
1685094227.911166668 0.47857909584240355 -2.4320397754518734 0 0 0 0 1
1685094227.944500208 0.48990838265542364 -2.457404891399485 0 0 0 0 1
1685094227.977833509 0.5013626867954754 -2.483123385306126 0 0 0 0 1
1685094228.011166811 0.5124170813646178 -2.508852044684974 0 0 0 0 1
1685094228.044500113 0.522683579599654 -2.534203844206222 0 0 0 0 1
1685094228.077833414 0.5328263589679268 -2.5595089743757073 0 0 0 0 1
1685094228.111166716 0.5429779317772796 -2.5836918112874376 0 0 0 0 1
1685094228.144500017 0.5529169706031377 -2.6083150993785575 0 0 0 0 1
1685094228.177833319 0.562922007612039 -2.6325389356319637 0 0 0 0 1
1685094228.211166859 0.5728833852460125 -2.6559249622611842 0 0 0 0 1
1685094228.244500160 0.5831337882572997 -2.6793373416308666 0 0 0 0 1
1685094228.277833462 0.5925483707863712 -2.701538358312604 0 0 0 0 1
1685094228.311166763 0.6042107782250858 -2.7247809088771344 0 0 0 0 1
1685094228.344500065 0.6157386635016453 -2.7478088220476886 0 0 0 0 1
1685094228.377833366 0.6275600218111114 -2.7670773752229274 0 0 0 0 1
1685094228.411166668 0.6391418522658517 -2.789537884220714 0 0 0 0 1
1685094228.444500208 0.6505709624835102 -2.8119687217283387 0 0 0 0 1
