1685093660.302096367 -3.477425437460397e-21 -1.855544802559702e-20 0 0 0 0 1
1685093660.335429668 0.0011310680191459665 -0.014999905821934412 0 0 0 0 1
1685093660.368762970 0.0013438426589555553 -0.029977520891405485 0 0 0 0 1
1685093660.402096272 0.0014552016793698002 -0.04567727838860515 0 0 0 0 1
1685093660.435429573 0.0017270522798050606 -0.062271539359936345 0 0 0 0 1
1685093660.468762875 0.0021256353735264765 -0.08005268181434862 0 0 0 0 1
1685093660.502096176 0.0024657364777779613 -0.09843512951048092 0 0 0 0 1
1685093660.535429478 0.002662651175439597 -0.11734750298857373 0 0 0 0 1
1685093660.568763018 0.0027735488074162543 -0.1369465172637345 0 0 0 0 1
1685093660.602096319 0.003009307881414992 -0.15717852093319382 0 0 0 0 1
1685093660.635429621 0.003225879970592222 -0.1781546434494693 0 0 0 0 1
1685093660.668762922 0.0032319528315898614 -0.199733009215348 0 0 0 0 1
1685093660.702096224 0.0031647742125134604 -0.22194606700881508 0 0 0 0 1
1685093660.735429525 0.0024863778324675473 -0.24387981630246575 0 0 0 0 1
1685093660.768762827 0.003120690274492789 -0.26698606414399256 0 0 0 0 1
1685093660.802096367 0.0038505560790568346 -0.2905435728792306 0 0 0 0 1
1685093660.835429668 0.004843507213992443 -0.3147692995242166 0 0 0 0 1
1685093660.868762970 0.005933684912211984 -0.3389103919899395 0 0 0 0 1
1685093660.902096272 0.007380113701614878 -0.3631438487774038 0 0 0 0 1
1685093660.935429573 0.00927768807383919 -0.3933435127696434 0 0 0 0 1
1685093660.968762875 0.010810690833692455 -0.41808372578616426 0 0 0 0 1
1685093661.002096176 0.01251014291462161 -0.44335203950109453 0 0 0 0 1
1685093661.035429478 0.014177898671526176 -0.468652938015727 0 0 0 0 1
1685093661.068763018 0.015592858892711878 -0.4942578618214191 0 0 0 0 1
1685093661.102096319 0.017109412415213215 -0.5203299706725828 0 0 0 0 1
1685093661.135429621 0.01861719635711162 -0.5470078273962277 0 0 0 0 1
1685093661.168762922 0.020179219715073086 -0.5737983713071544 0 0 0 0 1
1685093661.202096224 0.01984518855608469 -0.5999948160844737 0 0 0 0 1
1685093661.235429525 0.02106756249815686 -0.6274555736113957 0 0 0 0 1
1685093661.268762827 0.022348169516924195 -0.655191026355998 0 0 0 0 1
1685093661.302096367 0.023677929414167236 -0.6829785638450191 0 0 0 0 1
1685093661.335429668 0.025161956286666523 -0.7105463238793215 0 0 0 0 1
1685093661.368762970 0.026442361323716183 -0.7379931937984155 0 0 0 0 1
1685093661.402096272 0.027980428022376602 -0.7657940370078055 0 0 0 0 1
1685093661.435429573 0.02960560210629504 -0.7935716903734575 0 0 0 0 1
1685093661.468762875 0.031112099498701962 -0.8210199716507531 0 0 0 0 1
1685093661.502096176 0.03282187700891011 -0.8483612590191906 0 0 0 0 1
1685093661.535429478 0.034760591445766605 -0.8758329242513548 0 0 0 0 1
1685093661.568763018 0.036677079009168057 -0.9031815975888821 0 0 0 0 1
1685093661.602096319 0.03843010616517479 -0.9306157981887424 0 0 0 0 1
1685093661.635429621 0.04016280179488133 -0.9581209155176675 0 0 0 0 1
1685093661.668762922 0.04197274090128011 -0.9857187963890017 0 0 0 0 1
1685093661.702096224 0.04390515176527689 -1.01349887358001 0 0 0 0 1
1685093661.735429525 0.04599517225630455 -1.0410145231788426 0 0 0 0 1
1685093661.768762827 0.047834911690630325 -1.067994749305728 0 0 0 0 1
1685093661.802096367 0.049504333702091154 -1.095411808355082 0 0 0 0 1
1685093661.835429668 0.051294637808385925 -1.1230213039753252 0 0 0 0 1
1685093661.868762970 0.05301406094627207 -1.1502199003256264 0 0 0 0 1
1685093661.902096272 0.054552833633776644 -1.177075279577345 0 0 0 0 1
1685093661.935429573 0.05726413029875998 -1.2175301247264607 0 0 0 0 1
1685093661.968762875 0.05849284832984622 -1.2438073749692815 0 0 0 0 1
1685093662.002096176 0.0595532611032028 -1.2698967699943078 0 0 0 0 1
1685093662.035429478 0.060670941024816585 -1.2956962909643481 0 0 0 0 1
1685093662.068763018 0.06164071416710452 -1.3213319692360408 0 0 0 0 1
1685093662.102096319 0.06287366232324951 -1.3468677478413633 0 0 0 0 1
1685093662.135429621 0.06410903010438285 -1.3720176090723413 0 0 0 0 1
1685093662.168762922 0.06541659449621348 -1.3966326127099715 0 0 0 0 1
1685093662.202096224 0.06591733928650594 -1.4207473940684854 0 0 0 0 1
1685093662.235429525 0.06743379005865117 -1.444865117731219 0 0 0 0 1
