1685094152.257340670 4.339135306245867e-20 8.265183923957251e-19 0 0 0 0 1
1685094152.290673971 0.00045397735013292156 -0.009903422415865205 0 0 0 0 1
1685094152.324007273 3.70653985020739e-05 -0.020686869876364495 0 0 0 0 1
1685094152.357340813 -0.00018786868720876477 -0.03295986751469191 0 0 0 0 1
1685094152.390674114 0.0006566724787109386 -0.044359158450961333 0 0 0 0 1
1685094152.424007416 -0.0007902338917117063 -0.05552056029575596 0 0 0 0 1
1685094152.457340717 -0.0016169402575093778 -0.0678800926594636 0 0 0 0 1
1685094152.490674019 -0.00421088082818479 -0.08388965560678734 0 0 0 0 1
1685094152.524007320 -0.007911793332552644 -0.09476792664285397 0 0 0 0 1
1685094152.557340622 -0.011971811310761941 -0.10467428353482529 0 0 0 0 1
1685094152.590673923 -0.014313455846040322 -0.11436059706093729 0 0 0 0 1
1685094152.624007463 -0.01695908883884831 -0.13019376921090986 0 0 0 0 1
1685094152.657340765 -0.02094304358472211 -0.14239037027091786 0 0 0 0 1
1685094152.690674067 -0.02982975251607743 -0.1581418468010747 0 0 0 0 1
1685094152.724007368 -0.02944562182993865 -0.16027738156489107 0 0 0 0 1
1685094152.757340670 -0.033990091364616754 -0.17416548881501587 0 0 0 0 1
1685094152.790673971 -0.037641535090103 -0.1847119403052995 0 0 0 0 1
1685094152.824007273 -0.04362342828122253 -0.1975638814104864 0 0 0 0 1
1685094152.857340813 -0.05085107302773923 -0.21321608963339755 0 0 0 0 1
1685094152.890674114 -0.05599599707480725 -0.22890972260987896 0 0 0 0 1
1685094152.924007416 -0.06208486746735795 -0.2437927295832031 0 0 0 0 1
1685094152.957340717 -0.06855595553254126 -0.26033711541959514 0 0 0 0 1
1685094152.990674019 -0.0727025911213688 -0.2713556141734179 0 0 0 0 1
1685094153.024007320 -0.08075113921515145 -0.283685319099331 0 0 0 0 1
1685094153.057340622 -0.08694584631300481 -0.2935122013320779 0 0 0 0 1
1685094153.090673923 -0.10120988054756822 -0.30669871011218397 0 0 0 0 1
1685094153.124007463 -0.11715240076712037 -0.3221381647532211 0 0 0 0 1
1685094153.157340765 -0.12838789886183577 -0.3294791648432532 0 0 0 0 1
1685094153.190674067 -0.1420524996358424 -0.33510596284968397 0 0 0 0 1
1685094153.224007368 -0.15487691358463612 -0.33933828693366985 0 0 0 0 1
1685094153.257340670 -0.16558934918628415 -0.3440218186651613 0 0 0 0 1
1685094153.290673971 -0.18045609643964283 -0.34518574109211825 0 0 0 0 1
1685094153.324007273 -0.19735345868824408 -0.34905035593409756 0 0 0 0 1
1685094153.357340813 -0.21555457116880103 -0.3558779191858988 0 0 0 0 1
1685094153.390674114 -0.232848863579546 -0.3663009446014258 0 0 0 0 1
1685094153.424007416 -0.24518436178779274 -0.37386067532573625 0 0 0 0 1
1685094153.457340717 -0.2626826463627418 -0.38688740436034963 0 0 0 0 1
1685094153.490674019 -0.28016042831512755 -0.3940159237723184 0 0 0 0 1
1685094153.524007320 -0.295741817070851 -0.4018300891540681 0 0 0 0 1
