1685094245.909428596 -2.181313205818374e-19 3.240856350737142e-19 0 0 0 0 1
1685094245.942761898 0.0007264801446648877 -0.018290805533218997 0 0 0 0 1
1685094245.976095200 0.0013790392555335276 -0.03726456465395912 0 0 0 0 1
1685094246.009428501 0.0021013288292247526 -0.05649568823132129 0 0 0 0 1
1685094246.042761803 0.003276042577358004 -0.07558991402401287 0 0 0 0 1
1685094246.076095104 0.0042181543125024215 -0.09529170524431935 0 0 0 0 1
1685094246.109428644 0.005027758195758569 -0.11562301015428761 0 0 0 0 1
1685094246.142761946 0.0057806154982311736 -0.13601179553586593 0 0 0 0 1
1685094246.176095247 0.006457028171206175 -0.16159023876873235 0 0 0 0 1
1685094246.209428549 0.006663698483439939 -0.18209776014995985 0 0 0 0 1
1685094246.242761850 0.006784982091589634 -0.20306205934479699 0 0 0 0 1
1685094246.276095152 0.007083549994824739 -0.22475221029568038 0 0 0 0 1
1685094246.309428453 0.007373291574933159 -0.2471670480771397 0 0 0 0 1
1685094246.342761755 0.007340325297665475 -0.2689348775697703 0 0 0 0 1
1685094246.376095295 0.0072211430297633985 -0.2923058469163824 0 0 0 0 1
1685094246.409428596 0.007318355556161651 -0.31629175583539526 0 0 0 0 1
1685094246.442761898 0.007629964161632639 -0.340926923219794 0 0 0 0 1
1685094246.476095200 0.007992987823118672 -0.36587126151886334 0 0 0 0 1
1685094246.509428501 0.00824229966192218 -0.3908366254607757 0 0 0 0 1
1685094246.542761803 0.008481583636300026 -0.41599341552805263 0 0 0 0 1
1685094246.576095104 0.008462804025158003 -0.4415821605836846 0 0 0 0 1
1685094246.609428644 0.008300639701994806 -0.4674255265162607 0 0 0 0 1
1685094246.642761946 0.00822536459037878 -0.49293940295262395 0 0 0 0 1
1685094246.676095247 0.007901136751935598 -0.5183665659422717 0 0 0 0 1
1685094246.709428549 0.007503084296850966 -0.5443922268886368 0 0 0 0 1
1685094246.742761850 0.007008244825260166 -0.5711859381808482 0 0 0 0 1
1685094246.776095152 0.006105475659458705 -0.5980885930696118 0 0 0 0 1
1685094246.809428453 0.004989484847508426 -0.6247497201986194 0 0 0 0 1
1685094246.842761755 0.0038436631707933133 -0.6517329521260544 0 0 0 0 1
1685094246.876095295 0.002668505984186918 -0.6790413861354836 0 0 0 0 1
1685094246.909428596 0.0012304274282648783 -0.7064836755341827 0 0 0 0 1
1685094246.942761898 -0.000510406984643064 -0.7338865338819642 0 0 0 0 1
1685094246.976095200 -0.002130383088231583 -0.7603908029699966 0 0 0 0 1
1685094247.009428501 -0.0036038030485353338 -0.7868596353179731 0 0 0 0 1
1685094247.042761803 -0.004834617004569021 -0.8144282054579318 0 0 0 0 1
1685094247.076095104 -0.005251837976914737 -0.8415940535852316 0 0 0 0 1
1685094247.109428644 -0.005452497033432523 -0.8684478084614696 0 0 0 0 1
1685094247.142761946 -0.0054367665538270086 -0.8956192054073119 0 0 0 0 1
1685094247.176095247 -0.0051798217561386806 -0.9233824370260293 0 0 0 0 1
1685094247.209428549 -0.004833050306184557 -0.951210571800989 0 0 0 0 1
1685094247.242761850 -0.004652291125486444 -0.9789567057945231 0 0 0 0 1
1685094247.276095152 -0.004476185613832 -1.0072347060635904 0 0 0 0 1
1685094247.309428453 -0.004292622404944089 -1.035686295987759 0 0 0 0 1
1685094247.342761755 -0.004184530493340863 -1.0637546579248733 0 0 0 0 1
1685094247.376095295 -0.004605643426162682 -1.0920758077729158 0 0 0 0 1
1685094247.409428596 -0.004985223096449287 -1.1202571282151241 0 0 0 0 1
1685094247.442761898 -0.0054716563101662305 -1.14871786393385 0 0 0 0 1
1685094247.476095200 -0.005894031137191937 -1.1770941862149022 0 0 0 0 1
1685094247.509428501 -0.006553862312642683 -1.205187261540783 0 0 0 0 1
1685094247.542761803 -0.007243796575614603 -1.23361698815963 0 0 0 0 1
1685094247.576095104 -0.008077623358982237 -1.2627109424137557 0 0 0 0 1
1685094247.609428644 -0.008465347239391728 -1.2914436301881669 0 0 0 0 1
1685094247.642761946 -0.007823209482391184 -1.321166176286708 0 0 0 0 1
1685094247.676095247 -0.0067019755838799485 -1.3509114702511906 0 0 0 0 1
1685094247.709428549 -0.005582083104581562 -1.3799459431784664 0 0 0 0 1
1685094247.742761850 -0.004851496020381935 -1.4099333212010665 0 0 0 0 1
1685094247.776095152 -0.004472828985718312 -1.4398842213447187 0 0 0 0 1
1685094247.809428453 -0.004026403035483899 -1.4700491805490399 0 0 0 0 1
1685094247.842761755 -0.0027962426583938898 -1.4992151741721977 0 0 0 0 1
1685094247.876095295 -0.0007382579404532351 -1.5283882552624848 0 0 0 0 1
1685094247.909428596 0.0010121337846611632 -1.557086603305286 0 0 0 0 1
1685094247.942761898 0.004054793322907702 -1.584873821040979 0 0 0 0 1
1685094247.976095200 0.007564149071934286 -1.6137897089482869 0 0 0 0 1
1685094248.009428501 0.011069657163337394 -1.642676746310861 0 0 0 0 1
1685094248.042761803 0.014703093160758447 -1.6713613550941002 0 0 0 0 1
1685094248.076095104 0.01837528412811958 -1.7002971427310123 0 0 0 0 1
1685094248.109428644 0.022107388214059304 -1.7297894599253842 0 0 0 0 1
1685094248.142761946 0.025849042969609506 -1.7593061416224631 0 0 0 0 1
1685094248.176095247 0.0296986757809547 -1.788557160392173 0 0 0 0 1
1685094248.209428549 0.03367307574743686 -1.8181925318631682 0 0 0 0 1
1685094248.242761850 0.03905484706798664 -1.8466338110895542 0 0 0 0 1
1685094248.276095152 0.04632541258344678 -1.8754289044066383 0 0 0 0 1
1685094248.309428453 0.053424832495384746 -1.904033715855924 0 0 0 0 1
1685094248.342761755 0.061063534088604786 -1.9330747405006152 0 0 0 0 1
1685094248.376095295 0.06889755935261803 -1.9627400512079534 0 0 0 0 1
1685094248.409428596 0.07631882613460128 -1.9922333131225507 0 0 0 0 1
1685094248.442761898 0.083679614051117 -2.0214568863821176 0 0 0 0 1
1685094248.476095200 0.09072803497971357 -2.050856547518442 0 0 0 0 1
1685094248.509428501 0.0975338852108685 -2.0805237854214287 0 0 0 0 1
1685094248.542761803 0.10394086660436676 -2.110091733699538 0 0 0 0 1
1685094248.576095104 0.1101811500671313 -2.1394212289486148 0 0 0 0 1
1685094248.609428644 0.11627992756790881 -2.1689748138490157 0 0 0 0 1
1685094248.642761946 0.12239515894142078 -2.1983699474931906 0 0 0 0 1
1685094248.676095247 0.12806405459490244 -2.227714263194063 0 0 0 0 1
1685094248.709428549 0.1338255363438012 -2.257240692044506 0 0 0 0 1
1685094248.742761850 0.1399802841705357 -2.2872195481033786 0 0 0 0 1
1685094248.776095152 0.14642683832998427 -2.316331515946134 0 0 0 0 1
1685094248.809428453 0.15289528575104053 -2.344558541704398 0 0 0 0 1
1685094248.842761755 0.16057378364957656 -2.3737337702818797 0 0 0 0 1
1685094248.876095295 0.16823859925956344 -2.402800541435414 0 0 0 0 1
1685094248.909428596 0.17570917446584655 -2.4317511881172367 0 0 0 0 1
1685094248.942761898 0.18323257234333962 -2.4606230055129816 0 0 0 0 1
1685094248.976095200 0.1906746060030771 -2.4896359109489437 0 0 0 0 1
1685094249.009428501 0.19809423851484048 -2.5178367714184087 0 0 0 0 1
1685094249.042761803 0.20566415481017888 -2.5448805669579517 0 0 0 0 1
1685094249.076095104 0.21316706957536252 -2.5713007822274236 0 0 0 0 1
1685094249.109428644 0.2213952803774666 -2.5979020815938085 0 0 0 0 1
1685094249.142761946 0.2296987915590333 -2.6248504969285524 0 0 0 0 1
1685094249.176095247 0.23776023058308823 -2.651566790690516 0 0 0 0 1
1685094249.209428549 0.2451167479544031 -2.678245514992908 0 0 0 0 1
1685094249.242761850 0.2528202109811406 -2.7057418520689516 0 0 0 0 1
1685094249.276095152 0.26036123332086936 -2.732402090347656 0 0 0 0 1
1685094249.309428453 0.26742944005348307 -2.7583856338049757 0 0 0 0 1
1685094249.342761755 0.2741660148360474 -2.784234116601117 0 0 0 0 1
1685094249.376095295 0.28097494615817115 -2.809880905922043 0 0 0 0 1
1685094249.409428596 0.2864898521252022 -2.8337933725030133 0 0 0 0 1
1685094249.442761898 0.29380220504710575 -2.8579739968698537 0 0 0 0 1
1685094249.476095200 0.30108060390260294 -2.881965294821974 0 0 0 0 1
