1685094221.130836010 -8.387075031982612e-20 1.1241798444654898e-18 0 0 0 0 1
1685094221.164169312 0.00034280077533596675 -0.01795214571459747 0 0 0 0 1
1685094221.197502613 0.0006430852763499806 -0.03657531399524501 0 0 0 0 1
1685094221.230835915 0.0010921789399106136 -0.05543114495185955 0 0 0 0 1
1685094221.264169216 0.0017839344042535927 -0.07533977918641761 0 0 0 0 1
1685094221.297502518 0.0028570470788125127 -0.09618723743030916 0 0 0 0 1
1685094221.330835819 0.004108046097709071 -0.1177238754865418 0 0 0 0 1
1685094221.364169359 0.005258624906010093 -0.13998946728175268 0 0 0 0 1
1685094221.397502661 0.006278049006782568 -0.1627031644884551 0 0 0 0 1
1685094221.430835962 0.00701849397458051 -0.18590382169084638 0 0 0 0 1
1685094221.464169264 0.007741626198453845 -0.20990542829226644 0 0 0 0 1
1685094221.497502565 0.007930163131624762 -0.23385264448367662 0 0 0 0 1
1685094221.530835867 0.0064592832455290525 -0.25851538748982084 0 0 0 0 1
1685094221.564169168 0.005901036636943291 -0.28371225829496444 0 0 0 0 1
1685094221.597502470 0.0055644090796219 -0.3083177456314778 0 0 0 0 1
1685094221.630836010 0.005233448781395472 -0.3344088192019883 0 0 0 0 1
1685094221.664169312 0.0050163088535714355 -0.36100883913111903 0 0 0 0 1
1685094221.697502613 0.005096519572010073 -0.387418004761848 0 0 0 0 1
1685094221.730835915 0.005403623832095432 -0.41378189932946524 0 0 0 0 1
1685094221.764169216 0.005612860490413322 -0.44055504034525833 0 0 0 0 1
1685094221.797502518 0.006231786321574427 -0.4678620845861901 0 0 0 0 1
1685094221.830835819 0.007521377001130345 -0.49485461656796903 0 0 0 0 1
1685094221.864169359 0.00898507735547671 -0.5212905487773678 0 0 0 0 1
1685094221.897502661 0.010747113615808893 -0.5480770856451145 0 0 0 0 1
1685094221.930835962 0.012799815337853028 -0.5751993548205363 0 0 0 0 1
1685094221.964169264 0.01754700360401049 -0.5991842282863705 0 0 0 0 1
1685094221.997502565 0.022337593126777307 -0.6258211475531787 0 0 0 0 1
1685094222.030835867 0.027596367316054977 -0.6526582344792805 0 0 0 0 1
1685094222.064169168 0.033006354801389214 -0.6795622564884948 0 0 0 0 1
1685094222.097502470 0.03824994848574019 -0.7065433960276049 0 0 0 0 1
1685094222.130836010 0.04345982532552817 -0.7334637776341704 0 0 0 0 1
1685094222.164169312 0.04879891194167904 -0.7596565998407917 0 0 0 0 1
1685094222.197502613 0.053913903092246224 -0.787625449426662 0 0 0 0 1
1685094222.230835915 0.05876107501118037 -0.8157217466821216 0 0 0 0 1
1685094222.264169216 0.06365457061654956 -0.8438825306281923 0 0 0 0 1
1685094222.297502518 0.07054067961224274 -0.8684041963519705 0 0 0 0 1
1685094222.330835819 0.07955649697874195 -0.8961649588835262 0 0 0 0 1
1685094222.364169359 0.08880921671156095 -0.9233264934809216 0 0 0 0 1
1685094222.397502661 0.09795400511836536 -0.9502347399527262 0 0 0 0 1
1685094222.430835962 0.10710323545038809 -0.9773240107737106 0 0 0 0 1
1685094222.464169264 0.11609069828619634 -1.0044359542557257 0 0 0 0 1
1685094222.497502565 0.1250811436183337 -1.0314678978265543 0 0 0 0 1
1685094222.530835867 0.1340639376292004 -1.0572828336731046 0 0 0 0 1
1685094222.564169168 0.14295445729132467 -1.0841381190936636 0 0 0 0 1
1685094222.597502470 0.1508832699824377 -1.111065846228133 0 0 0 0 1
1685094222.630836010 0.1594459083436562 -1.1390996277366954 0 0 0 0 1
1685094222.664169312 0.1689022751468941 -1.1667870908934697 0 0 0 0 1
1685094222.697502613 0.17784943811978554 -1.1944901789185172 0 0 0 0 1
1685094222.730835915 0.18690306986470442 -1.2221898058601892 0 0 0 0 1
1685094222.764169216 0.19587153389208053 -1.249283870936942 0 0 0 0 1
1685094222.797502518 0.20404099770989723 -1.2751897044214682 0 0 0 0 1
1685094222.830835819 0.2135703912617573 -1.3015078690333326 0 0 0 0 1
1685094222.864169359 0.2232597567542087 -1.327746120286056 0 0 0 0 1
1685094222.897502661 0.23301456664606518 -1.3539105927470405 0 0 0 0 1
1685094222.930835962 0.24269671398585457 -1.3799455290482712 0 0 0 0 1
1685094222.964169264 0.25191164744043215 -1.404778115872428 0 0 0 0 1
1685094222.997502565 0.2609899673762007 -1.4315019504412714 0 0 0 0 1
1685094223.030835867 0.2702813020248627 -1.4585644593497766 0 0 0 0 1
1685094223.064169168 0.2796692375990797 -1.486010969172348 0 0 0 0 1
1685094223.097502470 0.2889018621794614 -1.5139019514010914 0 0 0 0 1
1685094223.130836010 0.2984570853880593 -1.5423853205166016 0 0 0 0 1
1685094223.164169312 0.31051419729225554 -1.578652901402423 0 0 0 0 1
1685094223.197502613 0.3196388801164951 -1.6080351543946148 0 0 0 0 1
1685094223.230835915 0.32869969898823564 -1.6376411213696562 0 0 0 0 1
1685094223.264169216 0.3374788265190507 -1.6672863702504577 0 0 0 0 1
1685094223.297502518 0.3464309135825913 -1.693405460523124 0 0 0 0 1
1685094223.330835819 0.35858973021842877 -1.7211355093266254 0 0 0 0 1
1685094223.364169359 0.37067359228053104 -1.7491137050432066 0 0 0 0 1
1685094223.397502661 0.3822450174244662 -1.7767582649434297 0 0 0 0 1
1685094223.430835962 0.39451380876040143 -1.805106072099099 0 0 0 0 1
1685094223.464169264 0.4066152719928302 -1.8332529007508245 0 0 0 0 1
1685094223.497502565 0.4190116138352225 -1.861356173814784 0 0 0 0 1
1685094223.530835867 0.4317293630212556 -1.889268507126585 0 0 0 0 1
1685094223.564169168 0.44441805287519687 -1.9167458294873139 0 0 0 0 1
1685094223.597502470 0.4574031942380134 -1.9440812430762242 0 0 0 0 1
1685094223.630836010 0.4705556729284738 -1.971373946427831 0 0 0 0 1
1685094223.664169312 0.4831069680247633 -1.9982434965577642 0 0 0 0 1
1685094223.697502613 0.49696660940759335 -2.0253682086345646 0 0 0 0 1
1685094223.730835915 0.5109264218076573 -2.0506486351033617 0 0 0 0 1
1685094223.764169216 0.526805686825936 -2.0774741953848546 0 0 0 0 1
1685094223.797502518 0.5427365558895482 -2.104251686010038 0 0 0 0 1
1685094223.830835819 0.5610096811387527 -2.1376047642804386 0 0 0 0 1
1685094223.864169359 0.5758355835072233 -2.1654385473533657 0 0 0 0 1
1685094223.897502661 0.5904302582390741 -2.1930179629282693 0 0 0 0 1
1685094223.930835962 0.6054986038518715 -2.2171523603853145 0 0 0 0 1
1685094223.964169264 0.6226072842584883 -2.240487319008155 0 0 0 0 1
1685094223.997502565 0.6409449659801572 -2.2652019010990596 0 0 0 0 1
1685094224.030835867 0.659005028165011 -2.289565585172737 0 0 0 0 1
1685094224.064169168 0.6770892399884726 -2.3137451417923596 0 0 0 0 1
1685094224.097502470 0.695342089881607 -2.3381301231696097 0 0 0 0 1
1685094224.130836010 0.7135104355909104 -2.3626912890699994 0 0 0 0 1
1685094224.164169312 0.731757534294113 -2.387132964752443 0 0 0 0 1
1685094224.197502613 0.7501993255328423 -2.4114135124693177 0 0 0 0 1
1685094224.230835915 0.7681764705950401 -2.4350164615019354 0 0 0 0 1
1685094224.264169216 0.7878195838673668 -2.4549108745901504 0 0 0 0 1
1685094224.297502518 0.8089375022301085 -2.476569804343063 0 0 0 0 1
1685094224.330835819 0.8302124331554904 -2.4978730043988633 0 0 0 0 1
1685094224.364169359 0.8509282769307457 -2.5190320702387528 0 0 0 0 1
1685094224.397502661 0.8710615625682789 -2.539982003798201 0 0 0 0 1
1685094224.430835962 0.8901286439657743 -2.5594729253788318 0 0 0 0 1
1685094224.464169264 0.9106848498319513 -2.58004622894361 0 0 0 0 1
1685094224.497502565 0.93608457089694 -2.6053819377624268 0 0 0 0 1
1685094224.530835867 0.956134868335741 -2.6254437043351757 0 0 0 0 1
1685094224.564169168 0.9762590197157273 -2.645608833705234 0 0 0 0 1
