1685093620.101917982 -1.346447397976946e-21 1.6011444130149388e-19 0 0 0 0 1
1685093620.135251284 0.0006882243586001101 -0.002756417210282568 0 0 0 0 1
1685093620.168584585 0.001014733509451681 -0.005851640218410572 0 0 0 0 1
1685093620.201917887 0.0007690164488561498 -0.009523077685918958 0 0 0 0 1
1685093620.235251188 -6.454664676618518e-05 -0.013744320248395205 0 0 0 0 1
1685093620.268584490 -0.0011197920448941553 -0.018151521457324758 0 0 0 0 1
1685093620.301917791 -0.0019308582327799604 -0.02285673713368501 0 0 0 0 1
1685093620.335251331 -0.0007842650242155386 -0.02644924049121947 0 0 0 0 1
1685093620.368584633 -0.00024022683612304614 -0.031267169313306434 0 0 0 0 1
1685093620.401917934 0.0011333714953689436 -0.03599342233588297 0 0 0 0 1
1685093620.435251236 0.0025383640738696426 -0.040984678291494075 0 0 0 0 1
1685093620.468584538 0.0043240205821264525 -0.046510402515930485 0 0 0 0 1
1685093620.501917839 0.005819114546542618 -0.05264475334493211 0 0 0 0 1
1685093620.535251141 0.006665082289295092 -0.05911491259680825 0 0 0 0 1
1685093620.568584681 0.006991677990310211 -0.06563352808717454 0 0 0 0 1
1685093620.601917982 0.006889528406261802 -0.07585722195316645 0 0 0 0 1
1685093620.635251284 0.00642400907338615 -0.08260441435731583 0 0 0 0 1
1685093620.668584585 0.00556593730643705 -0.08954432144496087 0 0 0 0 1
1685093620.701917887 0.00463218234891307 -0.0967874913915544 0 0 0 0 1
1685093620.735251188 0.0037294893012299753 -0.10447728487003942 0 0 0 0 1
1685093620.768584490 0.0029446973953484363 -0.11276998721279696 0 0 0 0 1
1685093620.801917791 0.0021331519158950033 -0.12141001457123932 0 0 0 0 1
1685093620.835251331 0.0013350858028456096 -0.13060085110673225 0 0 0 0 1
1685093620.868584633 0.00010427048917388409 -0.14129621679378462 0 0 0 0 1
1685093620.901917934 -0.0009418599001308584 -0.15178898256788925 0 0 0 0 1
1685093620.935251236 -0.0020883634002596403 -0.16271765131155785 0 0 0 0 1
1685093620.968584538 -0.0033690945933340668 -0.17402145095634303 0 0 0 0 1
1685093621.001917839 -0.004632145333597605 -0.18579607119899086 0 0 0 0 1
1685093621.035251141 -0.005738469982153779 -0.1980676306290819 0 0 0 0 1
1685093621.068584681 -0.005571426142858521 -0.2057201090525566 0 0 0 0 1
1685093621.101917982 -0.008458077342612695 -0.2203410285052637 0 0 0 0 1
1685093621.135251284 -0.009505128309805017 -0.23382389053744965 0 0 0 0 1
1685093621.168584585 -0.010206277897214087 -0.2473115869422854 0 0 0 0 1
1685093621.201917887 -0.011146984630511099 -0.26140464515884027 0 0 0 0 1
1685093621.235251188 -0.011832664583513005 -0.27548148002938133 0 0 0 0 1
1685093621.268584490 -0.012221897545770223 -0.28956796300661936 0 0 0 0 1
1685093621.301917791 -0.012427824192218696 -0.299340914578425 0 0 0 0 1
1685093621.335251331 -0.015158633515893758 -0.31367234715720765 0 0 0 0 1
1685093621.368584633 -0.017834432324038897 -0.3284228043170725 0 0 0 0 1
1685093621.401917934 -0.02043785943347325 -0.3433511110607052 0 0 0 0 1
1685093621.435251236 -0.02292686261942826 -0.3568170098581261 0 0 0 0 1
1685093621.468584538 -0.02591330999910614 -0.37125241966229383 0 0 0 0 1
1685093621.501917839 -0.031322328676008225 -0.389181898096209 0 0 0 0 1
1685093621.535251141 -0.03685217183560347 -0.40610726873716474 0 0 0 0 1
1685093621.568584681 -0.042571054930055946 -0.42345994072449894 0 0 0 0 1
1685093621.601917982 -0.04765351469242672 -0.4403337078965764 0 0 0 0 1
1685093621.635251284 -0.054355418774740705 -0.4576942309309917 0 0 0 0 1
1685093621.668584585 -0.06118894291012658 -0.4753156370475389 0 0 0 0 1
1685093621.701917887 -0.067911538710032 -0.49395684957653585 0 0 0 0 1
1685093621.735251188 -0.0750834954928461 -0.511875466053021 0 0 0 0 1
1685093621.768584490 -0.08208107635312367 -0.5301205939488031 0 0 0 0 1
1685093621.801917791 -0.08933135994872309 -0.5485022235312775 0 0 0 0 1
1685093621.835251331 -0.09431769506570452 -0.562587235957879 0 0 0 0 1
1685093621.868584633 -0.09949900696946254 -0.5816702045266823 0 0 0 0 1
1685093621.901917934 -0.10444461571787034 -0.6011675298366995 0 0 0 0 1
1685093621.935251236 -0.10936161569000614 -0.6203272889999878 0 0 0 0 1
1685093621.968584538 -0.11423804325834847 -0.6390316450183089 0 0 0 0 1
1685093622.001917839 -0.1189753028793672 -0.6576227958190801 0 0 0 0 1
1685093622.035251141 -0.12703595600498394 -0.6765594993917939 0 0 0 0 1
1685093622.068584681 -0.13364281989023571 -0.6942904688274049 0 0 0 0 1
1685093622.101917982 -0.14036755921300442 -0.7122311472573525 0 0 0 0 1
1685093622.135251284 -0.14737433818506585 -0.730138854983644 0 0 0 0 1
1685093622.168584585 -0.1542852995995962 -0.7480770321530656 0 0 0 0 1
1685093622.201917887 -0.16118022862117917 -0.7658577736793447 0 0 0 0 1
1685093622.235251188 -0.16791037000000542 -0.783487531474438 0 0 0 0 1
1685093622.268584490 -0.17427557213809103 -0.8009488731969024 0 0 0 0 1
1685093622.301917791 -0.18042637668973935 -0.8181981118001069 0 0 0 0 1
1685093622.335251331 -0.18653576575111055 -0.8354415431112563 0 0 0 0 1
1685093622.368584633 -0.19259853022051934 -0.8530080249611928 0 0 0 0 1
1685093622.401917934 -0.19898403719253616 -0.8705607700865402 0 0 0 0 1
1685093622.435251236 -0.20521357717574734 -0.887856771201301 0 0 0 0 1
1685093622.468584538 -0.2111474092787784 -0.9051577274328277 0 0 0 0 1
1685093622.501917839 -0.21638613058346134 -0.9244542525641896 0 0 0 0 1
1685093622.535251141 -0.22595072169933184 -0.9410081921392053 0 0 0 0 1
1685093622.568584681 -0.2333766466126721 -0.9577696694002513 0 0 0 0 1
1685093622.601917982 -0.2406538136643628 -0.9746825404141843 0 0 0 0 1
1685093622.635251284 -0.24808372771050055 -0.9914931603246167 0 0 0 0 1
1685093622.668584585 -0.25450307832851404 -1.0060626353038968 0 0 0 0 1
1685093622.701917887 -0.26187051051803945 -1.0237606857329582 0 0 0 0 1
1685093622.735251188 -0.2697957806147243 -1.0417779543347339 0 0 0 0 1
1685093622.768584490 -0.27560577911261736 -1.058824944874853 0 0 0 0 1
1685093622.801917791 -0.2827381344847295 -1.0763627084844392 0 0 0 0 1
1685093622.835251331 -0.2919302451605948 -1.0958709728404437 0 0 0 0 1
1685093622.868584633 -0.30141336837375043 -1.1158218511156617 0 0 0 0 1
1685093622.901917934 -0.310846816107853 -1.13625788930919 0 0 0 0 1
1685093622.935251236 -0.3201946667591172 -1.1563941646166553 0 0 0 0 1
1685093622.968584538 -0.3291994055449712 -1.1758362157863118 0 0 0 0 1
1685093623.001917839 -0.34117285460270214 -1.1949285591989816 0 0 0 0 1
1685093623.035251141 -0.3532007379509277 -1.2137359605717177 0 0 0 0 1
1685093623.068584681 -0.3650659146938805 -1.232716162725516 0 0 0 0 1
1685093623.101917982 -0.3771992769428523 -1.2521795565774945 0 0 0 0 1
1685093623.135251284 -0.3875751562169655 -1.2605130501951138 0 0 0 0 1
1685093623.168584585 -0.40444393435980325 -1.2759569584021415 0 0 0 0 1
1685093623.201917887 -0.4212472286012773 -1.2912805554973104 0 0 0 0 1
1685093623.235251188 -0.4380316170768769 -1.3066633807566475 0 0 0 0 1
1685093623.268584490 -0.45469147902915613 -1.322180983960433 0 0 0 0 1
1685093623.301917791 -0.46341820949990126 -1.3377206227639034 0 0 0 0 1
1685093623.335251331 -0.47759338997840006 -1.3558291665225604 0 0 0 0 1
1685093623.368584633 -0.49176731684967734 -1.374522339220497 0 0 0 0 1
1685093623.401917934 -0.5062200769083144 -1.3932022202086918 0 0 0 0 1
1685093623.435251236 -0.5155001878842066 -1.4093188963726542 0 0 0 0 1
1685093623.468584538 -0.5259052273353081 -1.4302315155631553 0 0 0 0 1
1685093623.501917839 -0.5362150566413043 -1.450780721644197 0 0 0 0 1
1685093623.535251141 -0.5465059065165497 -1.4713394390099537 0 0 0 0 1
1685093623.568584681 -0.5569265106806761 -1.4917596876458876 0 0 0 0 1
1685093623.601917982 -0.5702110358910449 -1.5177223470701287 0 0 0 0 1
1685093623.635251284 -0.5805659017250531 -1.538330459757848 0 0 0 0 1
1685093623.668584585 -0.5909944870563866 -1.5590053021955916 0 0 0 0 1
1685093623.701917887 -0.6014504122445058 -1.579419055872936 0 0 0 0 1
1685093623.735251188 -0.611874845584505 -1.5998489090363521 0 0 0 0 1
1685093623.768584490 -0.6222677622873096 -1.6202948131040962 0 0 0 0 1
1685093623.801917791 -0.6329277748896877 -1.6416340218940015 0 0 0 0 1
1685093623.835251331 -0.6435609887509376 -1.6629865969949806 0 0 0 0 1
1685093623.868584633 -0.6541673871114247 -1.684352504751982 0 0 0 0 1
1685093623.901917934 -0.6651747730926194 -1.7064626283617284 0 0 0 0 1
1685093623.935251236 -0.6762854737123102 -1.7292969089527623 0 0 0 0 1
1685093623.968584538 -0.6900614199008115 -1.757380429409942 0 0 0 0 1
1685093624.001917839 -0.7008461287462007 -1.7797685200029225 0 0 0 0 1
1685093624.035251141 -0.7115480219096298 -1.802237633635237 0 0 0 0 1
1685093624.068584681 -0.7224907860171927 -1.824992303120484 0 0 0 0 1
1685093624.101917982 -0.730308892392749 -1.8490348784126374 0 0 0 0 1
1685093624.135251284 -0.7461245085533507 -1.8684873084464146 0 0 0 0 1
1685093624.168584585 -0.7612079816145502 -1.8849791833952578 0 0 0 0 1
1685093624.201917887 -0.7771939861584063 -1.9046632553264802 0 0 0 0 1
1685093624.235251188 -0.7935178647938291 -1.9245374790963685 0 0 0 0 1
1685093624.268584490 -0.8065417752648179 -1.9367798620943917 0 0 0 0 1
1685093624.301917791 -0.8226590601972462 -1.95449745892188 0 0 0 0 1
1685093624.335251331 -0.8333195459277797 -1.9799005953670712 0 0 0 0 1
1685093624.368584633 -0.8420666286143047 -1.9962427824687174 0 0 0 0 1
1685093624.401917934 -0.8574399124547003 -2.0156492537484274 0 0 0 0 1
1685093624.435251236 -0.8742210139872468 -2.0344224258287404 0 0 0 0 1
1685093624.468584538 -0.8911711575665886 -2.0536157835524507 0 0 0 0 1
1685093624.501917839 -0.9096108539585478 -2.0621059943454725 0 0 0 0 1
1685093624.535251141 -0.928358162680058 -2.069071566688076 0 0 0 0 1
1685093624.568584681 -0.9537954056011922 -2.070548628535709 0 0 0 0 1
1685093624.601917982 -0.9782767682745881 -2.0716240825166214 0 0 0 0 1
1685093624.635251284 -1.0029538184633664 -2.072684231478359 0 0 0 0 1
1685093624.668584585 -1.0286585586907615 -2.0745715391150847 0 0 0 0 1
1685093624.701917887 -1.0605332378995636 -2.076601397119641 0 0 0 0 1
1685093624.735251188 -1.0923977522974315 -2.078785022630291 0 0 0 0 1
1685093624.768584490 -1.118058401746492 -2.081299536544105 0 0 0 0 1
1685093624.801917791 -1.1439541010133447 -2.083654826177372 0 0 0 0 1
1685093624.835251331 -1.169433064850033 -2.0866031080508627 0 0 0 0 1
1685093624.868584633 -1.1944520837550168 -2.0889533875619692 0 0 0 0 1
1685093624.901917934 -1.2007166845419837 -2.0946915118176754 0 0 0 0 1
1685093624.935251236 -1.2176497350127393 -2.1125311237289246 0 0 0 0 1
1685093624.968584538 -1.2350586692248027 -2.1298739826536077 0 0 0 0 1
1685093625.001917839 -1.2520276776401937 -2.1466122447864087 0 0 0 0 1
1685093625.035251141 -1.2688137349934936 -2.163157058333136 0 0 0 0 1
1685093625.068584681 -1.2856811328968116 -2.179768658729506 0 0 0 0 1
1685093625.101917982 -1.3032188624963519 -2.1968878615334084 0 0 0 0 1
1685093625.135251284 -1.3210530082582606 -2.214356132797972 0 0 0 0 1
1685093625.168584585 -1.3385531970690279 -2.232286411691003 0 0 0 0 1
1685093625.201917887 -1.35607693062357 -2.2504873791732076 0 0 0 0 1
1685093625.235251188 -1.3732518174583528 -2.2690175804058375 0 0 0 0 1
1685093625.268584490 -1.3908452140971783 -2.2877238343060107 0 0 0 0 1
1685093625.301917791 -1.4089711491834223 -2.3093400536644726 0 0 0 0 1
1685093625.335251331 -1.4225856242863375 -2.3303502441114974 0 0 0 0 1
1685093625.368584633 -1.436258828207279 -2.3512727379904534 0 0 0 0 1
1685093625.401917934 -1.4501577394418932 -2.37195086431298 0 0 0 0 1
1685093625.435251236 -1.4640858176723675 -2.392947111385079 0 0 0 0 1
1685093625.468584538 -1.4738458961735044 -2.4110064240019056 0 0 0 0 1
1685093625.501917839 -1.4866037528579248 -2.432315759887233 0 0 0 0 1
1685093625.535251141 -1.497236202389945 -2.451063003755008 0 0 0 0 1
1685093625.568584681 -1.5084652091307917 -2.472353439085317 0 0 0 0 1
1685093625.601917982 -1.5204672707380906 -2.494669597143924 0 0 0 0 1
1685093625.635251284 -1.5323545336545232 -2.517124783889309 0 0 0 0 1
1685093625.668584585 -1.5444843358175016 -2.5388388711088865 0 0 0 0 1
1685093625.701917887 -1.5563823401323433 -2.560851485124624 0 0 0 0 1
1685093625.735251188 -1.568398061908897 -2.5828858150235026 0 0 0 0 1
1685093625.768584490 -1.5803552792943065 -2.6043136992491025 0 0 0 0 1
1685093625.801917791 -1.592024757288366 -2.6256718639658216 0 0 0 0 1
1685093625.835251331 -1.6042608540256924 -2.6460178300548582 0 0 0 0 1
1685093625.868584633 -1.616624430451629 -2.6670024739049474 0 0 0 0 1
1685093625.901917934 -1.628811788764567 -2.688008802776034 0 0 0 0 1
1685093625.935251236 -1.6366814782426107 -2.706404876099706 0 0 0 0 1
1685093625.968584538 -1.6474719524131363 -2.7266578174007847 0 0 0 0 1
1685093626.001917839 -1.6586486880536073 -2.7473799314625844 0 0 0 0 1
1685093626.035251141 -1.6699525457255808 -2.7684168980197517 0 0 0 0 1
1685093626.068584681 -1.6813353201882135 -2.789964915142373 0 0 0 0 1
1685093626.101917982 -1.6961208633423313 -2.8024297880808224 0 0 0 0 1
1685093626.135251284 -1.7091191562355783 -2.823990201426236 0 0 0 0 1
1685093626.168584585 -1.7218665693355848 -2.846277899495582 0 0 0 0 1
1685093626.201917887 -1.7345999934445901 -2.8691272788993176 0 0 0 0 1
1685093626.235251188 -1.7470341459306904 -2.8918781058938765 0 0 0 0 1
1685093626.268584490 -1.759193563626481 -2.9143512584553015 0 0 0 0 1
1685093626.301917791 -1.7698912551508719 -2.932458692987358 0 0 0 0 1
1685093626.335251331 -1.7799379059772706 -2.9558038461928695 0 0 0 0 1
1685093626.368584633 -1.789536485326571 -2.97919700274374 0 0 0 0 1
1685093626.401917934 -1.7995836460191235 -3.0027531231359927 0 0 0 0 1
1685093626.435251236 -1.8031585458752504 -3.023383039495875 0 0 0 0 1
1685093626.468584538 -1.8065370157074172 -3.0487468266330175 0 0 0 0 1
1685093626.501917839 -1.8096588355632557 -3.0742775354003897 0 0 0 0 1
1685093626.535251141 -1.812809920493283 -3.1001737852095896 0 0 0 0 1
1685093626.568584681 -1.8158475243838998 -3.1261522884519417 0 0 0 0 1
1685093626.601917982 -1.8191029924655626 -3.1520133155791483 0 0 0 0 1
1685093626.635251284 -1.8221355606670604 -3.1782022217288186 0 0 0 0 1
1685093626.668584585 -1.8252098110787272 -3.2042725218383215 0 0 0 0 1
1685093626.701917887 -1.8282502222506958 -3.230549121269772 0 0 0 0 1
1685093626.735251188 -1.8300601620340349 -3.254173415024559 0 0 0 0 1
1685093626.768584490 -1.8335687817106912 -3.2771329702891494 0 0 0 0 1
1685093626.801917791 -1.8382611654229875 -3.3045452315593327 0 0 0 0 1
1685093626.835251331 -1.8450194574651293 -3.330164453356347 0 0 0 0 1
1685093626.868584633 -1.8503701165286677 -3.356073802241952 0 0 0 0 1
1685093626.901917934 -1.8553539814271838 -3.381803051399454 0 0 0 0 1
1685093626.935251236 -1.8685431897424205 -3.395408648828543 0 0 0 0 1
1685093626.968584538 -1.8857066903888513 -3.41607339272981 0 0 0 0 1
1685093627.001917839 -1.9030085559799343 -3.436911787967241 0 0 0 0 1
1685093627.035251141 -1.9199349546848175 -3.457637213412955 0 0 0 0 1
1685093627.068584681 -1.9367031263815928 -3.4782509408627234 0 0 0 0 1
1685093627.101917982 -1.9531532797437556 -3.498449805591331 0 0 0 0 1
1685093627.135251284 -1.9683017802425462 -3.5182396855861633 0 0 0 0 1
1685093627.168584585 -1.9848755145049102 -3.537926502305856 0 0 0 0 1
1685093627.201917887 -1.9760763492678235 -3.5005308068415073 0 0 0 0 1
1685093627.235251188 -1.9504156591080541 -3.5047819587995894 0 0 0 0 1
1685093627.268584490 -1.9365374151538388 -3.500388333741368 0 0 0 0 1
1685093627.301917791 -1.921086861680484 -3.496471630167365 0 0 0 0 1
1685093627.335251331 -1.8947798709491845 -3.50020215510441 0 0 0 0 1
1685093627.368584633 -1.8685257890614733 -3.503739134106759 0 0 0 0 1
1685093627.401917934 -1.8423071190222176 -3.506500576788037 0 0 0 0 1
1685093627.435251236 -1.8162280360489438 -3.509592155137954 0 0 0 0 1
1685093627.468584538 -1.7902877046090262 -3.5136645521624743 0 0 0 0 1
1685093627.501917839 -1.7639496300208832 -3.517405239453086 0 0 0 0 1
1685093627.535251141 -1.73786395431194 -3.5211950252478577 0 0 0 0 1
1685093627.568584681 -1.7120453408389116 -3.524794532406886 0 0 0 0 1
1685093627.601917982 -1.6865002042625692 -3.5286958637647943 0 0 0 0 1
1685093627.635251284 -1.66174286070967 -3.532724618869123 0 0 0 0 1
1685093627.668584585 -1.6411915045670131 -3.53715335795473 0 0 0 0 1
1685093627.701917887 -1.6205347867295998 -3.538871604396807 0 0 0 0 1
1685093627.735251188 -1.5981827102353499 -3.539495262394788 0 0 0 0 1
1685093627.768584490 -1.5760198892525312 -3.540179477214307 0 0 0 0 1
1685093627.801917791 -1.5537090269526215 -3.540918237603462 0 0 0 0 1
