1685094232.020045996 -7.489465504007544e-20 -4.990220947701552e-18 0 0 0 0 1
1685094232.053379536 0.00028463800871662766 -0.01643358060425002 0 0 0 0 1
1685094232.086712837 0.00040587427939715957 -0.03317764077231176 0 0 0 0 1
1685094232.120046139 0.00037477355036945234 -0.050404747505665114 0 0 0 0 1
1685094232.153379440 0.00030844068355613216 -0.06838562529388122 0 0 0 0 1
1685094232.186712742 0.00021606005067046545 -0.08681583158694442 0 0 0 0 1
1685094232.220046043 -0.000130340710252014 -0.10566001287522594 0 0 0 0 1
1685094232.253379345 -0.0005696224335963872 -0.1251327336234748 0 0 0 0 1
1685094232.286712646 -0.0009994148393274102 -0.14506465636436347 0 0 0 0 1
1685094232.320046186 -0.0016069349643251418 -0.16536560523610688 0 0 0 0 1
1685094232.353379488 -0.0024104323001664647 -0.19075009942550866 0 0 0 0 1
1685094232.386712790 -0.003106880937625213 -0.21155949961442275 0 0 0 0 1
1685094232.420046091 -0.0038890529110669992 -0.2329604949914462 0 0 0 0 1
1685094232.453379393 -0.00481317617889283 -0.2549011702933606 0 0 0 0 1
1685094232.486712694 -0.005743489932000413 -0.2776008749322577 0 0 0 0 1
1685094232.520045996 -0.006527614363753341 -0.3008895004378224 0 0 0 0 1
1685094232.553379536 -0.007218257145469415 -0.3243756829154013 0 0 0 0 1
1685094232.586712837 -0.0073182608395045015 -0.34738195298524016 0 0 0 0 1
1685094232.620046139 -0.0076375343812582035 -0.3712344736645103 0 0 0 0 1
1685094232.653379440 -0.008201295117700963 -0.4020963034944641 0 0 0 0 1
1685094232.686712742 -0.008502743027822196 -0.4267679518684367 0 0 0 0 1
1685094232.720046043 -0.008638947010229455 -0.45152514110423425 0 0 0 0 1
1685094232.753379345 -0.007324968027045428 -0.47492323583651425 0 0 0 0 1
1685094232.786712646 -0.006306700168165613 -0.5005147929447125 0 0 0 0 1
1685094232.820046186 -0.005601755671977796 -0.5262059959020327 0 0 0 0 1
1685094232.853379488 -0.004868896254902762 -0.5519715303504792 0 0 0 0 1
1685094232.886712790 -0.004408919818409788 -0.5782389253155742 0 0 0 0 1
1685094232.920046091 -0.00396969109075599 -0.6047223263052429 0 0 0 0 1
1685094232.953379393 -0.003052468432591393 -0.6293459547913931 0 0 0 0 1
1685094232.986712694 -0.0016480798703850158 -0.6566072204943553 0 0 0 0 1
1685094233.020045996 -0.00021460976569652766 -0.6842289008372119 0 0 0 0 1
1685094233.053379536 0.003574942665846193 -0.7063557817457978 0 0 0 0 1
1685094233.086712837 0.013834574547315476 -0.7311258565665382 0 0 0 0 1
1685094233.120046139 0.02395893590205171 -0.7562376323098594 0 0 0 0 1
1685094233.153379440 0.03443299154845088 -0.7826104785388955 0 0 0 0 1
1685094233.186712742 0.045394177220676075 -0.80893577434309 0 0 0 0 1
1685094233.220046043 0.05624273026032802 -0.8352506373090751 0 0 0 0 1
1685094233.253379345 0.06694116633169417 -0.8614094015168985 0 0 0 0 1
1685094233.286712646 0.07757635987953984 -0.8878652211604463 0 0 0 0 1
1685094233.320046186 0.08824177915220333 -0.9147266417349295 0 0 0 0 1
1685094233.353379488 0.09915654133170353 -0.9419251578866713 0 0 0 0 1
1685094233.386712790 0.11028015550222589 -0.9688486979484863 0 0 0 0 1
1685094233.420046091 0.12124147871304783 -0.9960109199816709 0 0 0 0 1
1685094233.453379393 0.13219877679476902 -1.023630391319831 0 0 0 0 1
1685094233.486712694 0.1428921007337978 -1.0515100901755037 0 0 0 0 1
1685094233.520045996 0.15365702311942386 -1.079498605840838 0 0 0 0 1
1685094233.553379536 0.16443888688637318 -1.1071738009619874 0 0 0 0 1
1685094233.586712837 0.17353463058636712 -1.1337063963149188 0 0 0 0 1
1685094233.620046139 0.18278288945779803 -1.1618295360304305 0 0 0 0 1
1685094233.653379440 0.19229793446860755 -1.1883215602539028 0 0 0 0 1
1685094233.686712742 0.20182968516987326 -1.2162672329317532 0 0 0 0 1
1685094233.720046043 0.21159892891316862 -1.244242134144634 0 0 0 0 1
1685094233.753379345 0.22240103702571934 -1.272236871877702 0 0 0 0 1
1685094233.786712646 0.23248087126217828 -1.2995380013700473 0 0 0 0 1
1685094233.820046186 0.24357768256603984 -1.326891733313105 0 0 0 0 1
1685094233.853379488 0.2547569835953265 -1.3545506966753214 0 0 0 0 1
1685094233.886712790 0.26595183432303454 -1.3825134316915173 0 0 0 0 1
1685094233.920046091 0.2767040671058239 -1.4100870746293053 0 0 0 0 1
1685094233.953379393 0.2871856500696292 -1.4374151258738093 0 0 0 0 1
1685094233.986712694 0.29768424583522735 -1.4648412595547642 0 0 0 0 1
1685094234.020045996 0.30799225270901726 -1.4916827433736526 0 0 0 0 1
1685094234.053379536 0.31818939745191194 -1.5185462468131903 0 0 0 0 1
1685094234.086712837 0.32837572750442834 -1.5454593770712786 0 0 0 0 1
1685094234.120046139 0.33858282058715744 -1.571159125052846 0 0 0 0 1
1685094234.153379440 0.3508647547107787 -1.5972962516593705 0 0 0 0 1
1685094234.186712742 0.36296156750854397 -1.6231024543481516 0 0 0 0 1
1685094234.220046043 0.37521327772165486 -1.6492702024485566 0 0 0 0 1
1685094234.253379345 0.38748934701563126 -1.6760914899534844 0 0 0 0 1
1685094234.286712646 0.39988500835401114 -1.7026646237660836 0 0 0 0 1
1685094234.320046186 0.4120550012904386 -1.7287784118771925 0 0 0 0 1
1685094234.353379488 0.4242251525589295 -1.7550294143415075 0 0 0 0 1
1685094234.386712790 0.43654966055828526 -1.781467077007228 0 0 0 0 1
1685094234.420046091 0.44841510070300106 -1.8075439817129548 0 0 0 0 1
1685094234.453379393 0.4606993615806425 -1.8337224255106916 0 0 0 0 1
1685094234.486712694 0.4731952790013734 -1.8597240387462455 0 0 0 0 1
1685094234.520045996 0.4855902352981239 -1.8850965175113275 0 0 0 0 1
1685094234.553379536 0.4979445963046992 -1.9110555935466647 0 0 0 0 1
1685094234.586712837 0.5099560541719648 -1.9370448847948156 0 0 0 0 1
1685094234.620046139 0.5222210464022262 -1.9634715280951172 0 0 0 0 1
1685094234.653379440 0.5346267241077108 -1.9901659997611973 0 0 0 0 1
1685094234.686712742 0.547011298828392 -2.0169225142102527 0 0 0 0 1
1685094234.720046043 0.5593058397131141 -2.043843023675666 0 0 0 0 1
1685094234.753379345 0.5719011191561459 -2.0710964013798403 0 0 0 0 1
1685094234.786712646 0.5843878631237848 -2.0983612856261864 0 0 0 0 1
1685094234.820046186 0.5966829117408563 -2.125256806861639 0 0 0 0 1
1685094234.853379488 0.6091881013483037 -2.15219653831545 0 0 0 0 1
1685094234.886712790 0.621782208058455 -2.1791197862781098 0 0 0 0 1
1685094234.920046091 0.6350710654426653 -2.2060877414158853 0 0 0 0 1
1685094234.953379393 0.6484955434199228 -2.232680573902249 0 0 0 0 1
1685094234.986712694 0.6619032759159503 -2.259220307937182 0 0 0 0 1
1685094235.020045996 0.6754668393777564 -2.2859726573194856 0 0 0 0 1
1685094235.053379536 0.689070735877456 -2.312728914075669 0 0 0 0 1
1685094235.086712837 0.702418570817942 -2.3392960462770676 0 0 0 0 1
1685094235.120046139 0.7154201322588265 -2.365451299689984 0 0 0 0 1
1685094235.153379440 0.7283624701168695 -2.3914573435962065 0 0 0 0 1
1685094235.186712742 0.7406643667217063 -2.417283557487028 0 0 0 0 1
1685094235.220046043 0.7529270069338481 -2.443377366469588 0 0 0 0 1
1685094235.253379345 0.7654801888274123 -2.469382347224007 0 0 0 0 1
1685094235.286712646 0.7740553023578812 -2.493643173836393 0 0 0 0 1
1685094235.320046186 0.7809470390677132 -2.5217075249744423 0 0 0 0 1
1685094235.353379488 0.787225797026787 -2.5495051997253233 0 0 0 0 1
1685094235.386712790 0.793272471254199 -2.5767762291570553 0 0 0 0 1
1685094235.420046091 0.8008847107050876 -2.610696953362548 0 0 0 0 1
1685094235.453379393 0.8070378408489743 -2.6376910068320094 0 0 0 0 1
1685094235.486712694 0.8156176876623437 -2.6622056085386814 0 0 0 0 1
1685094235.520045996 0.8241614587112762 -2.6880665446181986 0 0 0 0 1
1685094235.553379536 0.8376518388043357 -2.725819983437619 0 0 0 0 1
