1685094319.115568399 6.978679687636334e-19 -1.1138486344070481e-19 0 0 0 0 1
1685094319.148901939 0.00016259510260698232 -0.01577493036731235 0 0 0 0 1
1685094319.182235241 -0.00013899436480543643 -0.0324450046190602 0 0 0 0 1
1685094319.215568542 -0.0008038284195894637 -0.04944063040443987 0 0 0 0 1
1685094319.248901844 -0.0016099568432328465 -0.0669699444293987 0 0 0 0 1
1685094319.282235146 -0.0025711567186893023 -0.08459235106399994 0 0 0 0 1
1685094319.315568447 -0.0033768135276007315 -0.10258117854923116 0 0 0 0 1
1685094319.348901749 -0.004098752408828001 -0.12109709617448605 0 0 0 0 1
1685094319.382235289 -0.004651994469565574 -0.1404965511456815 0 0 0 0 1
1685094319.415568590 -0.005020282434342556 -0.16067693307816433 0 0 0 0 1
1685094319.448901892 -0.005734505501133956 -0.18158942214087162 0 0 0 0 1
1685094319.482235193 -0.006281675715889796 -0.2033038151639124 0 0 0 0 1
1685094319.515568495 -0.004957225722538565 -0.2244286638168564 0 0 0 0 1
1685094319.548901796 -0.004003233160765763 -0.24810756104214488 0 0 0 0 1
1685094319.582235098 -0.0029997639766937184 -0.27212673668879045 0 0 0 0 1
1685094319.615568399 0.007061622421806886 -0.270914006962776 0 0 0 0 1
1685094319.648901939 -0.003683098681049562 -0.2901371140280391 0 0 0 0 1
1685094319.682235241 0.013918872394063865 -0.3002691932970515 0 0 0 0 1
1685094319.715568542 0.03710383207018882 -0.3096382486699759 0 0 0 0 1
1685094319.748901844 0.058769456501747065 -0.3117509261834498 0 0 0 0 1
1685094319.782235146 0.08393539335951677 -0.3183447534440722 0 0 0 0 1
1685094319.815568447 0.10938467949199833 -0.3249798685220464 0 0 0 0 1
1685094319.848901749 0.13548544467204723 -0.3314698087610752 0 0 0 0 1
1685094319.882235289 0.16203966485291116 -0.33832334909313905 0 0 0 0 1
1685094319.915568590 0.1885820007321515 -0.34522277157408776 0 0 0 0 1
1685094319.948901892 0.21553442004915244 -0.3519158970197649 0 0 0 0 1
1685094319.982235193 0.2424474731707769 -0.35876559825001114 0 0 0 0 1
1685094320.015568495 0.26925479973040206 -0.3661053324393814 0 0 0 0 1
1685094320.048901796 0.2960804250120683 -0.373377903064176 0 0 0 0 1
1685094320.082235098 0.3226206633123842 -0.37987111505402543 0 0 0 0 1
1685094320.115568399 0.3493141195608794 -0.3870319977027734 0 0 0 0 1
1685094320.148901939 0.3761243472565827 -0.39385008392494086 0 0 0 0 1
1685094320.182235241 0.4029617857601018 -0.40056026301332603 0 0 0 0 1
1685094320.215568542 0.42982600076332295 -0.40716242637763916 0 0 0 0 1
1685094320.248901844 0.4566382626014827 -0.41398062277166214 0 0 0 0 1
1685094320.282235146 0.48378606215987896 -0.4205910417841062 0 0 0 0 1
1685094320.315568447 0.5107782408328635 -0.4269649237090248 0 0 0 0 1
1685094320.348901749 0.5377874328787287 -0.43326632239000834 0 0 0 0 1
1685094320.382235289 0.5648134436555107 -0.4394951924159756 0 0 0 0 1
1685094320.415568590 0.5918560784000413 -0.4456514888985238 0 0 0 0 1
1685094320.448901892 0.6189151422293516 -0.4517351674722518 0 0 0 0 1
1685094320.482235193 0.6459904401420764 -0.45774618429508007 0 0 0 0 1
1685094320.515568495 0.6745934899106404 -0.4641438271885419 0 0 0 0 1
1685094320.548901796 0.7032080620417148 -0.47048973550892803 0 0 0 0 1
1685094320.582235098 0.7318340629626292 -0.4767838885044485 0 0 0 0 1
1685094320.615568399 0.7604713990633395 -0.4830262655925588 0 0 0 0 1
1685094320.648901939 0.7892046886291669 -0.4897563287572693 0 0 0 0 1
1685094320.682235241 0.8179030446539536 -0.4966338312799348 0 0 0 0 1
1685094320.715568542 0.8465657105862121 -0.5036585918545334 0 0 0 0 1
1685094320.748901844 0.8753884342219305 -0.5100395100535148 0 0 0 0 1
1685094320.782235146 0.9045583550857221 -0.5162327264925639 0 0 0 0 1
1685094320.815568447 0.9337212213153221 -0.5224590774572341 0 0 0 0 1
1685094320.848901749 0.9628769952727664 -0.5287185549117182 0 0 0 0 1
1685094320.882235289 0.9920256393292449 -0.5350111507774555 0 0 0 0 1
1685094320.915568590 1.0208154240829022 -0.5420044802216073 0 0 0 0 1
1685094320.948901892 1.0495915666265578 -0.5490537343086405 0 0 0 0 1
1685094320.982235193 1.0783539583257582 -0.5561588864265146 0 0 0 0 1
1685094321.015568495 1.0969771273643145 -0.5580000857035554 0 0 0 0 1
1685094321.048901796 1.1155608809005098 -0.5602038425690871 0 0 0 0 1
1685094321.082235098 1.1340981613075205 -0.5627693200935013 0 0 0 0 1
1685094321.115568399 1.1525819286078114 -0.5656955439750806 0 0 0 0 1
1685094321.148901939 1.1498834769612123 -0.5624220109840375 0 0 0 0 1
1685094321.182235241 1.1492186830682984 -0.5666119642788158 0 0 0 0 1
1685094321.215568542 1.1527978822165623 -0.5643344671900039 0 0 0 0 1
1685094321.248901844 1.1806581638989158 -0.5556791825999609 0 0 0 0 1
1685094321.282235146 1.2084827516339882 -0.5469098289106643 0 0 0 0 1
1685094321.315568447 1.2359941799381133 -0.5379268367181239 0 0 0 0 1
1685094321.348901749 1.2634715656241933 -0.5288402470430773 0 0 0 0 1
1685094321.382235289 1.2573367471934846 -0.5473541343234319 0 0 0 0 1
1685094321.415568590 1.2768354193414169 -0.546904908461648 0 0 0 0 1
1685094321.448901892 1.2606358706350875 -0.5712843282538811 0 0 0 0 1
1685094321.482235193 1.2445883531579547 -0.5957640886799102 0 0 0 0 1
1685094321.515568495 1.2285177630211277 -0.6204349417687494 0 0 0 0 1
1685094321.548901796 1.2119649710756728 -0.6453549161548626 0 0 0 0 1
1685094321.582235098 1.1949667255050238 -0.6704863214187381 0 0 0 0 1
1685094321.615568399 1.1780067113449035 -0.6944518203951411 0 0 0 0 1
1685094321.648901939 1.1612036296332582 -0.7183956022844425 0 0 0 0 1
1685094321.682235241 1.1474638492455567 -0.7402885206676011 0 0 0 0 1
1685094321.715568542 1.1529063182738823 -0.7200646137302124 0 0 0 0 1
1685094321.748901844 1.179872818591768 -0.7146163162883045 0 0 0 0 1
1685094321.782235146 1.206848414325816 -0.7092132320576788 0 0 0 0 1
1685094321.815568447 1.2278818896546229 -0.7047816021000637 0 0 0 0 1
1685094321.848901749 1.2488736529806888 -0.689394159280711 0 0 0 0 1
1685094321.882235289 1.269358781720734 -0.6743248385822566 0 0 0 0 1
1685094321.915568590 1.28965625163259 -0.6594770895905796 0 0 0 0 1
