1685094202.360331535 -5.784800973569352e-20 2.4415167020861455e-18 0 0 0 0 1
1685094202.393664837 -0.0006459256001629295 -0.015504315710349399 0 0 0 0 1
1685094202.426998138 -0.0004031572766197142 -0.030324098632635268 0 0 0 0 1
1685094202.460331678 -3.270378636235868e-05 -0.046022914343972494 0 0 0 0 1
1685094202.493664980 0.00030842819664134917 -0.062455388440697306 0 0 0 0 1
1685094202.526998281 0.0008294796781638902 -0.07953503432241814 0 0 0 0 1
1685094202.560331583 0.0012656051558713568 -0.09728667608601098 0 0 0 0 1
1685094202.593664885 0.0016369914549401753 -0.11560651824821593 0 0 0 0 1
1685094202.626998186 0.0018928446022681241 -0.13446916704551026 0 0 0 0 1
1685094202.660331488 0.0055682380830101115 -0.15380934456938333 0 0 0 0 1
1685094202.693665028 0.0034205771153589994 -0.1740625100384059 0 0 0 0 1
1685094202.726998329 0.001518501065872915 -0.19489182021987236 0 0 0 0 1
1685094202.760331631 0.0004602006847304893 -0.2112549207939318 0 0 0 0 1
1685094202.793664932 -0.010937368576753856 -0.22552096310844505 0 0 0 0 1
1685094202.826998234 -0.0059685049562253675 -0.24726483405570884 0 0 0 0 1
1685094202.860331535 -0.0010565278285277707 -0.2695585530420934 0 0 0 0 1
1685094202.893664837 0.004171705184009038 -0.2922105289066681 0 0 0 0 1
1685094202.926998138 0.009517680830338418 -0.3151147070388008 0 0 0 0 1
1685094202.960331678 0.01492901523490576 -0.33835405945563035 0 0 0 0 1
1685094202.993664980 0.020336234292335168 -0.36240542193821934 0 0 0 0 1
1685094203.026998281 0.025813214766946983 -0.38644099432758916 0 0 0 0 1
1685094203.060331583 0.03160051953277436 -0.41114917098617454 0 0 0 0 1
1685094203.093664885 0.03755400169597497 -0.4363677179462545 0 0 0 0 1
1685094203.126998186 0.04351144727577419 -0.46158532891178883 0 0 0 0 1
1685094203.160331488 0.04958116933662699 -0.4874771277306372 0 0 0 0 1
1685094203.193665028 0.055508185530821715 -0.5136243292848273 0 0 0 0 1
1685094203.226998329 0.06128270270457788 -0.539805632183875 0 0 0 0 1
1685094203.260331631 0.06690452468931803 -0.5660201470116109 0 0 0 0 1
1685094203.293664932 0.07237346050373791 -0.5922669832236087 0 0 0 0 1
1685094203.326998234 0.0774333166629554 -0.6196939161386802 0 0 0 0 1
1685094203.360331535 0.08168218004981186 -0.640117569298074 0 0 0 0 1
1685094203.393664837 0.08266402693940465 -0.6609553816866328 0 0 0 0 1
1685094203.426998138 0.07949737171716766 -0.6892219933445551 0 0 0 0 1
1685094203.460331678 0.07627593182998095 -0.7174824138115183 0 0 0 0 1
1685094203.493664980 0.07354377018423845 -0.7462482497619416 0 0 0 0 1
1685094203.526998281 0.07089445120781883 -0.775021833726167 0 0 0 0 1
1685094203.560331583 0.06832799686771203 -0.803802927126267 0 0 0 0 1
1685094203.593664885 0.0658444284438308 -0.83259129132205 0 0 0 0 1
1685094203.626998186 0.06344376652883428 -0.8613866876130375 0 0 0 0 1
1685094203.660331488 0.06112603102795719 -0.8901888772404446 0 0 0 0 1
1685094203.693665028 0.05889124115884485 -0.9189976213891583 0 0 0 0 1
1685094203.726998329 0.05673941545139384 -0.9478126811897191 0 0 0 0 1
1685094203.760331631 0.05467057174759827 -0.9766338177203003 0 0 0 0 1
1685094203.793664932 0.05268472720140195 -1.00546079200869 0 0 0 0 1
1685094203.826998234 0.050135192235501884 -1.034576439128943 0 0 0 0 1
1685094203.860331535 0.047377251197218785 -1.0636730849322447 0 0 0 0 1
1685094203.893664837 0.04441104548047036 -1.0927492376939043 0 0 0 0 1
1685094203.926998138 0.041236727156472426 -1.1218034067398672 0 0 0 0 1
1685094203.960331678 0.037854458965942785 -1.1508341025231374 0 0 0 0 1
1685094203.993664980 0.03396590850409878 -1.1795934045093632 0 0 0 0 1
1685094204.026998281 0.03025480263827791 -1.2081703932251004 0 0 0 0 1
1685094204.060331583 0.026280113761390344 -1.2367119145429746 0 0 0 0 1
1685094204.093664885 0.027693571956752663 -1.2550398629814645 0 0 0 0 1
1685094204.126998186 0.023163504507448397 -1.2838755700670552 0 0 0 0 1
1685094204.160331488 0.018789959862252244 -1.3125415473132693 0 0 0 0 1
1685094204.193665028 0.01441321770820238 -1.3412070365356938 0 0 0 0 1
1685094204.226998329 0.009306081002723612 -1.3657390638494367 0 0 0 0 1
1685094204.260331631 0.0019088008219712352 -1.3827327921305517 0 0 0 0 1
1685094204.293664932 -0.005571133179340067 -1.3996903020391718 0 0 0 0 1
1685094204.326998234 -0.01246406745335449 -1.4279938697286263 0 0 0 0 1
1685094204.360331535 -0.019301961821646545 -1.4563107849466632 0 0 0 0 1
1685094204.393664837 -0.02604129681229313 -1.483925095651181 0 0 0 0 1
1685094204.426998138 -0.03276960702240993 -1.511542094646695 0 0 0 0 1
1685094204.460331678 -0.03947318763870124 -1.538814988764624 0 0 0 0 1
1685094204.493664980 -0.0464062561583437 -1.56604921992882 0 0 0 0 1
1685094204.526998281 -0.05315600152211892 -1.593344770591051 0 0 0 0 1
1685094204.560331583 -0.059677912818112064 -1.6206220123603932 0 0 0 0 1
1685094204.593664885 -0.037033232495645226 -1.6565722282452446 0 0 0 0 1
1685094204.626998186 0.005407010922478391 -1.6545659113000497 0 0 0 0 1
1685094204.660331488 0.03206713886222855 -1.6459387543114343 0 0 0 0 1
1685094204.693665028 0.05881748481388673 -1.6371694776117853 0 0 0 0 1
1685094204.726998329 0.08548319034481996 -1.6285068156856928 0 0 0 0 1
1685094204.760331631 0.11214526658787594 -1.6198329899139998 0 0 0 0 1
1685094204.793664932 0.13880370886920712 -1.6111480018172233 0 0 0 0 1
1685094204.826998234 0.16545851251560303 -1.602451852917837 0 0 0 0 1
1685094204.860331535 0.19090808359266856 -1.594396359697224 0 0 0 0 1
1685094204.893664837 0.21642734815438255 -1.586281574437967 0 0 0 0 1
1685094204.926998138 0.2419361321866395 -1.5781339035578765 0 0 0 0 1
1685094204.960331678 0.2691927206224331 -1.5610866890355113 0 0 0 0 1
1685094204.993664980 0.30092967411288163 -1.5559588318539117 0 0 0 0 1
1685094205.026998281 0.3241094839126519 -1.5686476423611213 0 0 0 0 1
1685094205.060331583 0.34720736814881303 -1.5814849800233584 0 0 0 0 1
1685094205.093664885 0.3702223751302341 -1.5944703159099092 0 0 0 0 1
1685094205.126998186 0.39315355658053597 -1.6076031149921588 0 0 0 0 1
1685094205.160331488 0.4155298083688919 -1.6201914415920853 0 0 0 0 1
1685094205.193665028 0.4299602520747185 -1.629758280714566 0 0 0 0 1
1685094205.226998329 0.44556179394164214 -1.649163322482523 0 0 0 0 1
