1685093620.792140007 2.579983271024346e-19 2.0951564429101308e-18 0 0 0 0 1
1685093620.825473309 0.0008090575075437751 -0.02090048054449141 0 0 0 0 1
1685093620.858806610 0.0014707937436937296 -0.04178654672090424 0 0 0 0 1
1685093620.892139912 0.0020839678790789237 -0.06321482030233547 0 0 0 0 1
1685093620.925473213 0.0023472150673809963 -0.08484009280203171 0 0 0 0 1
1685093620.958806515 0.0022219299629782944 -0.10603403040790838 0 0 0 0 1
1685093620.992139816 0.0018780885539309434 -0.12722554901051453 0 0 0 0 1
1685093621.025473356 0.0022124144279431213 -0.16145057097450963 0 0 0 0 1
1685093621.058806658 -0.012951832587676959 -0.17795097773381108 0 0 0 0 1
1685093621.092139959 -0.038033380554293915 -0.19162280021794253 0 0 0 0 1
1685093621.125473261 -0.057999226863119535 -0.2025512998965424 0 0 0 0 1
1685093621.158806562 -0.07148135247295691 -0.21058746294523517 0 0 0 0 1
1685093621.192139864 -0.0876602982639215 -0.22745671809494583 0 0 0 0 1
1685093621.225473166 -0.10202335814390054 -0.2409516045935626 0 0 0 0 1
1685093621.258806705 -0.1211826553971228 -0.2556391680026565 0 0 0 0 1
1685093621.292140007 -0.14044478449400558 -0.27041253661574977 0 0 0 0 1
1685093621.325473309 -0.15997817253421706 -0.2853139336857104 0 0 0 0 1
1685093621.358806610 -0.1795944879640279 -0.3004393707447671 0 0 0 0 1
1685093621.392139912 -0.199606696333035 -0.3160588642905215 0 0 0 0 1
1685093621.425473213 -0.21250330485512803 -0.3246562759643083 0 0 0 0 1
1685093621.458806515 -0.23782945994639768 -0.327553101567582 0 0 0 0 1
1685093621.492139816 -0.26326690668616776 -0.3297522183555199 0 0 0 0 1
1685093621.525473356 -0.28339989342506544 -0.33197408652395816 0 0 0 0 1
1685093621.558806658 -0.3078002692053121 -0.32485100725180976 0 0 0 0 1
1685093621.592139959 -0.3326301720145401 -0.317747632414159 0 0 0 0 1
1685093621.625473261 -0.35746007413964975 -0.31064425518516786 0 0 0 0 1
1685093621.658806562 -0.38239745103118633 -0.3036886237871981 0 0 0 0 1
1685093621.692139864 -0.407323372033055 -0.296692050584296 0 0 0 0 1
1685093621.725473166 -0.4325240589334311 -0.28978395497196807 0 0 0 0 1
1685093621.758806705 -0.45779907749067483 -0.2831529790128173 0 0 0 0 1
1685093621.792140007 -0.4761553973740299 -0.3096334553486589 0 0 0 0 1
1685093621.825473309 -0.4827408549192591 -0.3272512026934027 0 0 0 0 1
1685093621.858806610 -0.4911990862478873 -0.3514696911585022 0 0 0 0 1
1685093621.892139912 -0.4996369917450067 -0.375695268789684 0 0 0 0 1
1685093621.925473213 -0.5074630422936133 -0.40008844917387504 0 0 0 0 1
1685093621.958806515 -0.5162786029981193 -0.4202369672640489 0 0 0 0 1
1685093621.992139816 -0.5301929806779152 -0.4417609986782407 0 0 0 0 1
1685093622.025473356 -0.5442310895677734 -0.4632045369434523 0 0 0 0 1
