1685094136.117726326 3.092102181073628e-19 -4.2401392521874895e-19 0 0 0 0 1
1685094136.151059628 0.00040680818360977917 -0.011452532325368699 0 0 0 0 1
1685094136.184392929 0.0010753956548172133 -0.023866783098967947 0 0 0 0 1
1685094136.217726231 0.0019481071110382386 -0.03717489148309393 0 0 0 0 1
1685094136.251059532 0.0028095295098429797 -0.050968866898272784 0 0 0 0 1
1685094136.284392834 0.00354859335644395 -0.06580826017393399 0 0 0 0 1
1685094136.317726135 0.004400890305831256 -0.0815435030424715 0 0 0 0 1
1685094136.351059437 0.005231137770149221 -0.09785071819446281 0 0 0 0 1
1685094136.384392977 0.005972631258461669 -0.11458700099539891 0 0 0 0 1
1685094136.417726278 0.0066193262150315456 -0.13202865813382336 0 0 0 0 1
1685094136.451059580 0.007509031216558498 -0.14989271031656848 0 0 0 0 1
1685094136.484392881 0.008379167120123642 -0.16836210064726276 0 0 0 0 1
1685094136.517726183 0.008192866958021136 -0.18194526502939662 0 0 0 0 1
1685094136.551059484 0.0127553360956591 -0.20145683082284296 0 0 0 0 1
1685094136.584392786 0.01748838270355091 -0.22173570250618893 0 0 0 0 1
1685094136.617726326 0.022282837335266828 -0.24245697618605375 0 0 0 0 1
1685094136.651059628 0.026913429538058427 -0.26352754591768357 0 0 0 0 1
1685094136.684392929 0.03166951588566123 -0.2851175778467126 0 0 0 0 1
1685094136.717726231 0.03658537189594396 -0.30734912652089796 0 0 0 0 1
1685094136.751059532 0.04143381253233778 -0.329701670275123 0 0 0 0 1
1685094136.784392834 0.046472414863537384 -0.3524084919347446 0 0 0 0 1
1685094136.817726135 0.05426617943426241 -0.3757668670101683 0 0 0 0 1
1685094136.851059437 0.05808041319504308 -0.3994516971280936 0 0 0 0 1
1685094136.884392977 0.06209844321575244 -0.4236766395717917 0 0 0 0 1
1685094136.917726278 0.06609409894578777 -0.4478897994101916 0 0 0 0 1
1685094136.951059580 0.05973758204058136 -0.4775581774101292 0 0 0 0 1
1685094136.984392881 0.04213491445674162 -0.5022718184661571 0 0 0 0 1
1685094137.017726183 0.028467011905128688 -0.5267186891423103 0 0 0 0 1
1685094137.051059484 0.008143973654761544 -0.5459913423662718 0 0 0 0 1
1685094137.084392786 -0.01699316135660207 -0.558343892282683 0 0 0 0 1
1685094137.117726326 -0.044667251110653915 -0.5626573366490375 0 0 0 0 1
1685094137.151059628 -0.0723713339918839 -0.5585409258669495 0 0 0 0 1
1685094137.184392929 -0.09759573134443009 -0.5463675605057269 0 0 0 0 1
1685094137.217726231 -0.11412154482311801 -0.5250484010132793 0 0 0 0 1
1685094137.251059532 -0.13061727403897572 -0.5037059552716614 0 0 0 0 1
1685094137.284392834 -0.14708288617978002 -0.4823402657338674 0 0 0 0 1
1685094137.317726135 -0.16351834849321456 -0.4609513748991263 0 0 0 0 1
1685094137.351059437 -0.13207263021215712 -0.4355166085753142 0 0 0 0 1
1685094137.384392977 -0.1714005849595404 -0.4449544320291795 0 0 0 0 1
1685094137.417726278 -0.1318367094845098 -0.45334849502363156 0 0 0 0 1
1685094137.451059580 -0.16394432119218866 -0.42875455661215556 0 0 0 0 1
1685094137.484392881 -0.14553547780895737 -0.4647667076371946 0 0 0 0 1
1685094137.517726183 -0.17358674631027543 -0.46627422426139215 0 0 0 0 1
1685094137.551059484 -0.20162235238931303 -0.4680493475490257 0 0 0 0 1
1685094137.584392786 -0.2296197441842344 -0.4705044120253128 0 0 0 0 1
1685094137.617726326 -0.2575933612640149 -0.4732169820935071 0 0 0 0 1
1685094137.651059628 -0.27514908823625744 -0.47750626090389464 0 0 0 0 1
1685094137.684392929 -0.29794809538129313 -0.494507040805517 0 0 0 0 1
1685094137.717726231 -0.3209802891454929 -0.5113123226936819 0 0 0 0 1
1685094137.751059532 -0.3439337083911951 -0.5282250396209927 0 0 0 0 1
1685094137.784392834 -0.3669315462741482 -0.5446317656201802 0 0 0 0 1
1685094137.817726135 -0.3898810223204963 -0.5613791095854104 0 0 0 0 1
1685094137.851059437 -0.4128382452187512 -0.5781158326067034 0 0 0 0 1
1685094137.884392977 -0.4358032100535744 -0.5948419311005834 0 0 0 0 1
1685094137.917726278 -0.45877591190796974 -0.611557401485849 0 0 0 0 1
1685094137.951059580 -0.4817563458632848 -0.6282622401835747 0 0 0 0 1
1685094137.984392881 -0.5053500670846286 -0.6450779939870785 0 0 0 0 1
1685094138.017726183 -0.5289487797777254 -0.6618867421938669 0 0 0 0 1
1685094138.051059484 -0.5525524818624293 -0.6786884833223059 0 0 0 0 1
1685094138.084392786 -0.5761611712581548 -0.6954832158913794 0 0 0 0 1
1685094138.117726326 -0.5997748458838763 -0.7122709384206891 0 0 0 0 1
1685094138.151059628 -0.6234693235556068 -0.7287109558472382 0 0 0 0 1
1685094138.184392929 -0.6472252697889055 -0.7450620250380274 0 0 0 0 1
1685094138.217726231 -0.6710423506769579 -0.7613239161670852 0 0 0 0 1
1685094138.251059532 -0.6940822202142397 -0.7774292061323115 0 0 0 0 1
1685094138.284392834 -0.7170804875800937 -0.7935938481428128 0 0 0 0 1
1685094138.317726135 -0.7400369998805748 -0.8098177347350203 0 0 0 0 1
1685094138.351059437 -0.7629516044993289 -0.8261007580515037 0 0 0 0 1
1685094138.384392977 -0.7858241490986058 -0.8424428098416876 0 0 0 0 1
1685094138.417726278 -0.8082376703034275 -0.8593942393534839 0 0 0 0 1
1685094138.451059580 -0.8430421409420047 -0.8716922607107648 0 0 0 0 1
1685094138.484392881 -0.8681819863163683 -0.8832916217915168 0 0 0 0 1
1685094138.517726183 -0.8935465497824071 -0.8950229439389267 0 0 0 0 1
1685094138.551059484 -0.9189143000574146 -0.9067473733550587 0 0 0 0 1
1685094138.584392786 -0.943798088132046 -0.9178850168971184 0 0 0 0 1
1685094138.617726326 -0.9684620364659161 -0.9289946729779494 0 0 0 0 1
1685094138.651059628 -0.9927919596351458 -0.9400092992995199 0 0 0 0 1
1685094138.684392929 -1.0171621192669713 -0.9509719191103687 0 0 0 0 1
1685094138.717726231 -1.0417620707003385 -0.9619675897250454 0 0 0 0 1
1685094138.751059532 -1.0658522968029864 -0.9727875965311115 0 0 0 0 1
1685094138.784392834 -1.0899532811421726 -0.9835836187079274 0 0 0 0 1
1685094138.817726135 -1.1138107941080286 -0.9942794901644357 0 0 0 0 1
1685094138.851059437 -1.1353012138558831 -1.0048293705046762 0 0 0 0 1
1685094138.884392977 -1.157714740158937 -1.0171182193542205 0 0 0 0 1
1685094138.917726278 -1.180092201188158 -1.0294726195934194 0 0 0 0 1
1685094138.951059580 -1.20219454541995 -1.0415865230303905 0 0 0 0 1
1685094138.984392881 -1.2242769655446601 -1.0534252689721502 0 0 0 0 1
1685094139.017726183 -1.2460901758880323 -1.0648892247136756 0 0 0 0 1
1685094139.051059484 -1.2648036151889406 -1.0748605366568502 0 0 0 0 1
1685094139.084392786 -1.284381529931456 -1.0878521220581407 0 0 0 0 1
1685094139.117726326 -1.304008522220755 -1.1007694441714906 0 0 0 0 1
