1685094430.011330605 1.3107790519069904e-19 -1.6291790787734385e-18 0 0 0 0 1
1685094430.044663906 0.0004541264268611523 -0.015619416336202924 0 0 0 0 1
1685094430.077997446 0.0007690010096419488 -0.0324947348687234 0 0 0 0 1
1685094430.111330748 0.0010635438423330418 -0.04936898964033908 0 0 0 0 1
1685094430.144664049 0.001626432577812678 -0.06674637588611546 0 0 0 0 1
1685094430.177997351 0.0021853284112276785 -0.085538719026536 0 0 0 0 1
1685094430.211330652 0.0026332832587651843 -0.10585542690365594 0 0 0 0 1
1685094430.244663954 -0.0012608593441228715 -0.13445732445430109 0 0 0 0 1
1685094430.277997255 0.00941737241343781 -0.1530923867226619 0 0 0 0 1
1685094430.311330557 0.02047820307008865 -0.17208090407726723 0 0 0 0 1
1685094430.344664097 0.031571719694900746 -0.19126622892079964 0 0 0 0 1
1685094430.377997398 0.04285764577095297 -0.21072530249933263 0 0 0 0 1
1685094430.411330700 0.054093916882487776 -0.23062876009517058 0 0 0 0 1
1685094430.444664001 0.06569529825760914 -0.2507895840315514 0 0 0 0 1
1685094430.477997303 0.07693671752012837 -0.2706790837198183 0 0 0 0 1
1685094430.511330605 0.08838481610556477 -0.29178132447325805 0 0 0 0 1
1685094430.544663906 0.10006764134269847 -0.31382751176641527 0 0 0 0 1
1685094430.577997446 0.11260901941006285 -0.33665798763952154 0 0 0 0 1
1685094430.611330748 0.08759273771622242 -0.30729149641435516 0 0 0 0 1
1685094430.644664049 0.06149453755714851 -0.3112056744141854 0 0 0 0 1
1685094430.677997351 0.035427343866309406 -0.3153212854309991 0 0 0 0 1
1685094430.711330652 0.008213246139403696 -0.3194035137333868 0 0 0 0 1
1685094430.744663954 -0.018940707261974124 -0.32386832253984105 0 0 0 0 1
1685094430.777997255 -0.0460291382276605 -0.32871482755063314 0 0 0 0 1
1685094430.811330557 -0.05322953202287639 -0.31991383413541286 0 0 0 0 1
1685094430.844664097 -0.039495891005678 -0.3450799138838181 0 0 0 0 1
1685094430.877997398 -0.025586494603997922 -0.3701492807931218 0 0 0 0 1
1685094430.911330700 -0.012093515057902873 -0.394947743265752 0 0 0 0 1
1685094430.944664001 0.0014629203292970995 -0.4204177490792019 0 0 0 0 1
1685094430.977997303 0.014948697567157465 -0.445925237172609 0 0 0 0 1
1685094431.011330605 0.028438530157231832 -0.471742059981135 0 0 0 0 1
1685094431.044663906 0.04179226213432188 -0.4978924403491265 0 0 0 0 1
1685094431.077997446 0.04365543353250717 -0.5088933200453967 0 0 0 0 1
1685094431.111330748 0.03421086695861588 -0.48037548510745987 0 0 0 0 1
1685094431.144664049 0.02439875163386879 -0.4523836399314274 0 0 0 0 1
1685094431.177997351 0.014609815923135925 -0.4243836802679521 0 0 0 0 1
1685094431.211330652 0.004334734239711769 -0.3969849059795906 0 0 0 0 1
1685094431.244663954 -0.005893065062643117 -0.3695915188207806 0 0 0 0 1
1685094431.277997255 -0.012703752263655606 -0.34211491378964304 0 0 0 0 1
1685094431.311330557 -0.019951199953710003 -0.3374992152104732 0 0 0 0 1
1685094431.344664097 0.0062467349127979565 -0.3313287922743124 0 0 0 0 1
1685094431.377997398 0.03287967432455926 -0.32378871069591725 0 0 0 0 1
1685094431.411330700 0.05832879327712027 -0.31652631531683023 0 0 0 0 1
1685094431.444664001 0.05003952233318073 -0.3112253442585101 0 0 0 0 1
1685094431.477997303 0.052424297234576714 -0.30167939456176124 0 0 0 0 1
1685094431.511330605 0.03714394516945565 -0.321313490629961 0 0 0 0 1
1685094431.544663906 0.021477748185410084 -0.3401623450548405 0 0 0 0 1
1685094431.577997446 0.006841415412382883 -0.36035044795530363 0 0 0 0 1
1685094431.611330748 -0.008490869562331608 -0.38001520763389157 0 0 0 0 1
1685094431.644664049 -0.014268666291738787 -0.3852286025937666 0 0 0 0 1
1685094431.677997351 -0.022050075530366503 -0.3853385676563842 0 0 0 0 1
1685094431.711330652 -0.04310148662240334 -0.3712841967429054 0 0 0 0 1
1685094431.744663954 -0.06400834561677463 -0.35701568253402416 0 0 0 0 1
1685094431.777997255 -0.09121936697688605 -0.33918730806512687 0 0 0 0 1
1685094431.811330557 -0.07273550150127761 -0.3143523675954864 0 0 0 0 1
1685094431.844664097 -0.06876229988485313 -0.340484805401594 0 0 0 0 1
1685094431.877997398 -0.06445075610944292 -0.3669264731441563 0 0 0 0 1
1685094431.911330700 -0.059382339372006425 -0.3941021932004759 0 0 0 0 1
1685094431.944664001 -0.05375545845728039 -0.42145587075779395 0 0 0 0 1
1685094431.977997303 -0.04783304091030659 -0.44874708610518216 0 0 0 0 1
1685094432.011330605 -0.0363829378119355 -0.4641759047208974 0 0 0 0 1
1685094432.044663906 -0.03003792184359313 -0.4914958917918408 0 0 0 0 1
1685094432.077997446 -0.021926517629710273 -0.519137273834872 0 0 0 0 1
1685094432.111330748 -0.016605291238119598 -0.5468775495012254 0 0 0 0 1
1685094432.144664049 -0.0165830480475065 -0.5415068389104101 0 0 0 0 1
1685094432.177997351 0.009413134656200615 -0.5532117047788367 0 0 0 0 1
1685094432.211330652 0.03548580649558531 -0.5647451857502578 0 0 0 0 1
1685094432.244663954 0.061633837597017786 -0.5761067820149074 0 0 0 0 1
1685094432.277997255 0.08785609482113281 -0.5872960012117382 0 0 0 0 1
1685094432.311330557 0.11415144181193523 -0.5983123584497583 0 0 0 0 1
1685094432.344664097 0.11254438258112984 -0.5782726718969599 0 0 0 0 1
1685094432.377997398 0.087519002778927 -0.5938861514216824 0 0 0 0 1
1685094432.411330700 0.06892973749945107 -0.6021174590840855 0 0 0 0 1
1685094432.444664001 0.04988052691477915 -0.6092197675513857 0 0 0 0 1
1685094432.477997303 0.030439867717108344 -0.6151675385140135 0 0 0 0 1
1685094432.511330605 0.010677664160121562 -0.6199393851205255 0 0 0 0 1
1685094432.544663906 -0.017523035138863375 -0.6288921745553522 0 0 0 0 1
1685094432.577997446 -0.04571696308750148 -0.6378662653974996 0 0 0 0 1
1685094432.611330748 -0.07390410359577038 -0.6468616525255344 0 0 0 0 1
1685094432.644664049 -0.10263043674608231 -0.6562395310012464 0 0 0 0 1
1685094432.677997351 -0.13121684974286196 -0.6660356431354288 0 0 0 0 1
1685094432.711330652 -0.1596572537812707 -0.6762479023908528 0 0 0 0 1
1685094432.744663954 -0.18950331726352534 -0.6872073376929201 0 0 0 0 1
1685094432.777997255 -0.21945940740556216 -0.6978623548646161 0 0 0 0 1
1685094432.811330557 -0.24952241935292627 -0.7082118495469479 0 0 0 0 1
1685094432.844664097 -0.27968923716905403 -0.7182547490473674 0 0 0 0 1
1685094432.877997398 -0.30995673415823044 -0.7279900124509519 0 0 0 0 1
1685094432.911330700 -0.34027301443433605 -0.7381275908089479 0 0 0 0 1
1685094432.944664001 -0.3704969476960052 -0.7485372595326903 0 0 0 0 1
1685094432.977997303 -0.40062609197150517 -0.759218177562991 0 0 0 0 1
1685094433.011330605 -0.43792749246078466 -0.7697923741728179 0 0 0 0 1
1685094433.044663906 -0.4766771288804316 -0.7710861244385371 0 0 0 0 1
1685094433.077997446 -0.4970318896720221 -0.7313129699869737 0 0 0 0 1
1685094433.111330748 -0.5036846622886524 -0.6957497062683247 0 0 0 0 1
1685094433.144664049 -0.5072267238981794 -0.6628240545118229 0 0 0 0 1
1685094433.177997351 -0.5072745668259248 -0.64750264486391 0 0 0 0 1
1685094433.211330652 -0.5056141174582099 -0.6469957959171322 0 0 0 0 1
1685094433.244663954 -0.5048628655277401 -0.6454306733997044 0 0 0 0 1
1685094433.277997255 -0.5055060067966514 -0.6438181110704231 0 0 0 0 1
1685094433.311330557 -0.4989524064842106 -0.6227061293868923 0 0 0 0 1
1685094433.344664097 -0.5177695694534401 -0.6393947437818542 0 0 0 0 1
1685094433.377997398 -0.5269404330621179 -0.6628146228017235 0 0 0 0 1
1685094433.411330700 -0.53158200985491 -0.6745800411016428 0 0 0 0 1
1685094433.444664001 -0.5290641763261689 -0.686974790684309 0 0 0 0 1
1685094433.477997303 -0.5439773385974775 -0.7191761941594845 0 0 0 0 1
1685094433.511330605 -0.5345993978845808 -0.6875852570446007 0 0 0 0 1
1685094433.544663906 -0.5447349497640159 -0.676022475816354 0 0 0 0 1
1685094433.577997446 -0.5322876883214401 -0.6958166496554813 0 0 0 0 1
1685094433.611330748 -0.5264749786132181 -0.6892953723170437 0 0 0 0 1
1685094433.644664049 -0.5546499614678605 -0.7089795186172352 0 0 0 0 1
1685094433.677997351 -0.5782594992020806 -0.6840018285238106 0 0 0 0 1
1685094433.711330652 -0.5643033276087973 -0.6619908818677921 0 0 0 0 1
1685094433.744663954 -0.5685515084930025 -0.6294602002713701 0 0 0 0 1
1685094433.777997255 -0.5730892748470032 -0.5969686481005486 0 0 0 0 1
1685094433.811330557 -0.5774427770346401 -0.565587180646568 0 0 0 0 1
1685094433.844664097 -0.578880315156024 -0.5579656352657368 0 0 0 0 1
1685094433.877997398 -0.5835205624320735 -0.5269962871113595 0 0 0 0 1
1685094433.911330700 -0.5868392188317353 -0.5033259929663003 0 0 0 0 1
1685094433.944664001 -0.5882797393638 -0.49170611164719424 0 0 0 0 1
1685094433.977997303 -0.5836282631988232 -0.4809608563798653 0 0 0 0 1
1685094434.011330605 -0.5741699105811829 -0.4740589503363303 0 0 0 0 1
1685094434.044663906 -0.5428135356242653 -0.4708352261496466 0 0 0 0 1
1685094434.077997446 -0.5114573835468083 -0.4676093348052266 0 0 0 0 1
1685094434.111330748 -0.48010145449859226 -0.4643812763184794 0 0 0 0 1
1685094434.144664049 -0.44952253608795084 -0.4613034760255668 0 0 0 0 1
1685094434.177997351 -0.41929571220031214 -0.45875483850005644 0 0 0 0 1
1685094434.211330652 -0.38882710039017154 -0.4560163621532118 0 0 0 0 1
1685094434.244663954 -0.3583451285141888 -0.4534308353420849 0 0 0 0 1
1685094434.277997255 -0.3274402013358447 -0.4508361723505411 0 0 0 0 1
1685094434.311330557 -0.30911855684264444 -0.4393451942158605 0 0 0 0 1
1685094434.344664097 -0.3211164031450657 -0.4135450604543764 0 0 0 0 1
1685094434.377997398 -0.3079661887396424 -0.3883127977913018 0 0 0 0 1
1685094434.411330700 -0.3187889912770036 -0.3916004411584432 0 0 0 0 1
1685094434.444664001 -0.3367746158348961 -0.4061560883658207 0 0 0 0 1
1685094434.477997303 -0.33422117623955605 -0.4321598987263894 0 0 0 0 1
1685094434.511330605 -0.3263369772500981 -0.45707089255100625 0 0 0 0 1
1685094434.544663906 -0.31346397684456373 -0.479808615998937 0 0 0 0 1
1685094434.577997446 -0.3306601896819485 -0.497914690933384 0 0 0 0 1
1685094434.611330748 -0.30269469247799957 -0.4683856440445536 0 0 0 0 1
1685094434.644664049 -0.2885886281226053 -0.44167927544792784 0 0 0 0 1
1685094434.677997351 -0.3152521368682965 -0.4368073552562289 0 0 0 0 1
1685094434.711330652 -0.31136046060122896 -0.4667639941203901 0 0 0 0 1
1685094434.744663954 -0.30766453127871435 -0.4651202843447768 0 0 0 0 1
1685094434.777997255 -0.3101567000235785 -0.4619342569860442 0 0 0 0 1
1685094434.811330557 -0.3126420177652276 -0.46512563147151503 0 0 0 0 1
1685094434.844664097 -0.3239481104278595 -0.4818679626589161 0 0 0 0 1
1685094434.877997398 -0.32666979753361625 -0.5091169754238644 0 0 0 0 1
1685094434.911330700 -0.32862640217526823 -0.5364502764310912 0 0 0 0 1
1685094434.944664001 -0.3299825251727295 -0.5638199416846371 0 0 0 0 1
1685094434.977997303 -0.33073751296750603 -0.5912127808785786 0 0 0 0 1
1685094435.011330605 -0.33148653064353567 -0.6173874127094945 0 0 0 0 1
1685094435.044663906 -0.3319429792256587 -0.6437155763314935 0 0 0 0 1
1685094435.077997446 -0.33219085462508335 -0.6701020658227137 0 0 0 0 1
1685094435.111330748 -0.33225812972446905 -0.6964896338035815 0 0 0 0 1
1685094435.144664049 -0.33221724454536045 -0.7222644774700159 0 0 0 0 1
1685094435.177997351 -0.33506214954471014 -0.7143154752854907 0 0 0 0 1
1685094435.211330652 -0.3097874956602183 -0.720686521949881 0 0 0 0 1
1685094435.244663954 -0.29027332351466867 -0.7245151586161671 0 0 0 0 1
1685094435.277997255 -0.26577283257959605 -0.7330540585600375 0 0 0 0 1
1685094435.311330557 -0.24138578992256082 -0.7410148874757053 0 0 0 0 1
1685094435.344664097 -0.21695470947123405 -0.7489738573267578 0 0 0 0 1
1685094435.377997398 -0.19218256276394965 -0.7567084543452345 0 0 0 0 1
1685094435.411330700 -0.16772320704575963 -0.7641432062846529 0 0 0 0 1
1685094435.444664001 -0.14367309379917198 -0.7711875821188747 0 0 0 0 1
1685094435.477997303 -0.11758565042064203 -0.772174035358788 0 0 0 0 1
1685094435.511330605 -0.0990271862504168 -0.774666340168272 0 0 0 0 1
1685094435.544663906 -0.07432617116708112 -0.767177048220358 0 0 0 0 1
1685094435.577997446 -0.049579913376951695 -0.7598386311285923 0 0 0 0 1
1685094435.611330748 -0.03457087846989548 -0.7488744294831846 0 0 0 0 1
1685094435.644664049 -0.028826113268106645 -0.7440041380186603 0 0 0 0 1
1685094435.677997351 -0.013848287108814604 -0.7204268468065066 0 0 0 0 1
1685094435.711330652 0.0016970481743933232 -0.6965167154460504 0 0 0 0 1
1685094435.744663954 0.03010280477565843 -0.6786117829110674 0 0 0 0 1
1685094435.777997255 0.06340716186401081 -0.6828888632357889 0 0 0 0 1
1685094435.811330557 0.08636691291416249 -0.7073903621468284 0 0 0 0 1
1685094435.844664097 0.07551334840634753 -0.7025138091418507 0 0 0 0 1
1685094435.877997398 0.10136718298948069 -0.6904519326044024 0 0 0 0 1
1685094435.911330700 0.1274443424093396 -0.6782905735173851 0 0 0 0 1
1685094435.944664001 0.15241746522167157 -0.6710258163403813 0 0 0 0 1
1685094435.977997303 0.178274743167984 -0.6682267563110525 0 0 0 0 1
1685094436.011330605 0.18989487660669593 -0.6558967904491282 0 0 0 0 1
1685094436.044663906 0.20504625134120574 -0.6814194412410016 0 0 0 0 1
1685094436.077997446 0.22046307839106108 -0.7076826539583523 0 0 0 0 1
1685094436.111330748 0.22728454573885248 -0.7168558188621006 0 0 0 0 1
1685094436.144664049 0.21368176552823376 -0.7441553054591802 0 0 0 0 1
1685094436.177997351 0.19970540465622655 -0.7712654315138107 0 0 0 0 1
1685094436.211330652 0.18497911092361416 -0.7982634737008126 0 0 0 0 1
1685094436.244663954 0.1701952498211244 -0.8252300355864629 0 0 0 0 1
1685094436.277997255 0.14981690431376585 -0.8477350172084278 0 0 0 0 1
1685094436.311330557 0.17510827533493864 -0.838369243303774 0 0 0 0 1
1685094436.344664097 0.16010878925332658 -0.8607832252403074 0 0 0 0 1
1685094436.377997398 0.17195092438351312 -0.8609732094052931 0 0 0 0 1
1685094436.411330700 0.18807335259770422 -0.8862547917945531 0 0 0 0 1
1685094436.444664001 0.20403803081878572 -0.9116362840462711 0 0 0 0 1
1685094436.477997303 0.21984433993142058 -0.9371167018580443 0 0 0 0 1
1685094436.511330605 0.2354151527412262 -0.9624883744907035 0 0 0 0 1
1685094436.544663906 0.25040562169407754 -0.9876316547331868 0 0 0 0 1
1685094436.577997446 0.26627256600928256 -1.0134902551875549 0 0 0 0 1
1685094436.611330748 0.28217619521501336 -1.039326309790514 0 0 0 0 1
1685094436.644664049 0.2981957578145224 -1.065163140723291 0 0 0 0 1
1685094436.677997351 0.31386720617660796 -1.0902904920442138 0 0 0 0 1
1685094436.711330652 0.35623632888873713 -1.1004368811937109 0 0 0 0 1
1685094436.744663954 0.3757913058192731 -1.1085024503151664 0 0 0 0 1
1685094436.777997255 0.4037429544963499 -1.1121834758328215 0 0 0 0 1
1685094436.811330557 0.4316840310714302 -1.1159439083151113 0 0 0 0 1
1685094436.844664097 0.4596143099602147 -1.1197837174019125 0 0 0 0 1
