1685094139.164790154 1.1543658777180348e-19 -3.0556033966145434e-19 0 0 0 0 1
1685094139.198123455 0.00039588630604479386 -0.016062161855354907 0 0 0 0 1
1685094139.231456757 0.000794058517610769 -0.032800628402814086 0 0 0 0 1
1685094139.264790058 0.001281925001181033 -0.050329738348751714 0 0 0 0 1
1685094139.298123360 0.001882246121181331 -0.0685916971467468 0 0 0 0 1
1685094139.331456661 0.002604047024369714 -0.0874718746935569 0 0 0 0 1
1685094139.364789963 0.0031929159681733164 -0.10702304821225515 0 0 0 0 1
1685094139.398123503 0.003996433033929081 -0.12743982115445657 0 0 0 0 1
1685094139.431456804 0.005113056179228748 -0.14862808057694177 0 0 0 0 1
1685094139.464790106 0.0064831044245657775 -0.17059850243455196 0 0 0 0 1
1685094139.498123407 0.007721417843952214 -0.19365184967305044 0 0 0 0 1
1685094139.531456709 0.0088300960461633 -0.21733833776109646 0 0 0 0 1
1685094139.564790010 0.009929810574580067 -0.2410252437063058 0 0 0 0 1
1685094139.598123312 0.010239752033466783 -0.2665852257893678 0 0 0 0 1
1685094139.631456852 0.00619052000925737 -0.2895907530546673 0 0 0 0 1
1685094139.664790154 0.0202450701690209 -0.3115841500464483 0 0 0 0 1
1685094139.698123455 0.03410450507656082 -0.3335249539162223 0 0 0 0 1
1685094139.731456757 0.0478389662616158 -0.3551481162876618 0 0 0 0 1
1685094139.764790058 0.061374927975897865 -0.3763694132973735 0 0 0 0 1
1685094139.798123360 0.0677745298718255 -0.39345822708275735 0 0 0 0 1
1685094139.831456661 0.08068467694648487 -0.41385968230830045 0 0 0 0 1
1685094139.864789963 0.09359333302043825 -0.43392734899251356 0 0 0 0 1
1685094139.898123503 0.10672365223924887 -0.4538506861877834 0 0 0 0 1
1685094139.931456804 0.12070461535661216 -0.4745910123693143 0 0 0 0 1
1685094139.964790106 0.13515667190534927 -0.49564561379565725 0 0 0 0 1
1685094139.998123407 0.14971915062741764 -0.5168884347524053 0 0 0 0 1
1685094140.031456709 0.16440054018275782 -0.5380492482872273 0 0 0 0 1
1685094140.064790010 0.1802897259918703 -0.5607638995149772 0 0 0 0 1
1685094140.098123312 0.1963808469125365 -0.5833359493463799 0 0 0 0 1
1685094140.131456852 0.2126726232100109 -0.6057636026152324 0 0 0 0 1
1685094140.164790154 0.2291637591913277 -0.6280450756392617 0 0 0 0 1
1685094140.198123455 0.22571494416605814 -0.6318984377364357 0 0 0 0 1
1685094140.231456757 0.2398339193511849 -0.6074525454625737 0 0 0 0 1
1685094140.264790058 0.2538739924702974 -0.5831460336608898 0 0 0 0 1
1685094140.298123360 0.26788889163123764 -0.5585653548309156 0 0 0 0 1
1685094140.331456661 0.2818644793735134 -0.5339623038515837 0 0 0 0 1
1685094140.364789963 0.29580071998429147 -0.5093369435928554 0 0 0 0 1
1685094140.398123503 0.309697577851285 -0.48468933698170064 0 0 0 0 1
1685094140.431456804 0.3235550174628445 -0.46001954700193726 0 0 0 0 1
1685094140.464790106 0.33737300340804904 -0.43532763669406943 0 0 0 0 1
1685094140.498123407 0.35115150037679665 -0.4106136691551276 0 0 0 0 1
1685094140.531456709 0.36489047315989404 -0.3858777075385062 0 0 0 0 1
1685094140.564790010 0.378589886649147 -0.3611198150538028 0 0 0 0 1
1685094140.598123312 0.39224970583745045 -0.3363400549666568 0 0 0 0 1
1685094140.631456852 0.40548287211691036 -0.3114445231277348 0 0 0 0 1
1685094140.664790154 0.4188936493087816 -0.28651478108520373 0 0 0 0 1
1685094140.698123455 0.4426050480070603 -0.2667837858529571 0 0 0 0 1
1685094140.731456757 0.4393235755521582 -0.24905477279387184 0 0 0 0 1
1685094140.764790058 0.4483814452234113 -0.22237737428672455 0 0 0 0 1
1685094140.798123360 0.45716669370014573 -0.19560896000248668 0 0 0 0 1
1685094140.831456661 0.465678406669979 -0.1687523158262363 0 0 0 0 1
1685094140.864789963 0.47629594962181204 -0.16212789480605067 0 0 0 0 1
1685094140.898123503 0.48877678666387214 -0.1630465236300245 0 0 0 0 1
1685094140.931456804 0.48575416069222754 -0.17789111486424472 0 0 0 0 1
1685094140.964790106 0.4600710554201852 -0.1652396405752762 0 0 0 0 1
1685094140.998123407 0.43434567645119776 -0.15267434809952304 0 0 0 0 1
1685094141.031456709 0.4087351692941131 -0.14029179312862494 0 0 0 0 1
1685094141.064790010 0.38313794671218954 -0.12765588148375895 0 0 0 0 1
1685094141.098123312 0.3575146204228572 -0.11507298766414008 0 0 0 0 1
1685094141.131456852 0.33186530023826616 -0.10254316559542226 0 0 0 0 1
1685094141.164790154 0.3067570184807715 -0.09065580314226232 0 0 0 0 1
1685094141.198123455 0.28152821096220493 -0.07902642353294295 0 0 0 0 1
1685094141.231456757 0.2561815283226488 -0.06765624859690274 0 0 0 0 1
1685094141.264790058 0.23151465956301653 -0.050467350363205626 0 0 0 0 1
1685094141.298123360 0.20489722988321998 -0.04068698641778271 0 0 0 0 1
1685094141.331456661 0.1787739766550609 -0.030924648938697306 0 0 0 0 1
1685094141.364789963 0.15251844195018507 -0.021378826656143594 0 0 0 0 1
1685094141.398123503 0.12625452375016324 -0.011856094565425187 0 0 0 0 1
1685094141.431456804 0.09998224236145067 -0.0023564600292262164 0 0 0 0 1
1685094141.464790106 0.0742336851368867 0.007775776365534203 0 0 0 0 1
1685094141.498123407 0.04872454044236802 0.017659301383373793 0 0 0 0 1
1685094141.531456709 0.023417382660163844 0.027420337591761178 0 0 0 0 1
1685094141.564790010 -0.0019014841314694854 0.037150961788715506 0 0 0 0 1
1685094141.598123312 -0.026934970026343152 0.04663727272462174 0 0 0 0 1
1685094141.631456852 -0.05179851794031885 0.056141187428471614 0 0 0 0 1
1685094141.664790154 -0.07701071703977924 0.06614673056237848 0 0 0 0 1
1685094141.698123455 -0.10221624522868665 0.07616906689446673 0 0 0 0 1
1685094141.731456757 -0.12730522805508965 0.08590258262350624 0 0 0 0 1
1685094141.764790058 -0.1466963022880802 0.08958244888527502 0 0 0 0 1
1685094141.798123360 -0.17262037037854927 0.09512249494826268 0 0 0 0 1
1685094141.831456661 -0.19829735653297945 0.10076897057013565 0 0 0 0 1
1685094141.864789963 -0.22340479149302034 0.10671569762986599 0 0 0 0 1
1685094141.898123503 -0.24829141962244874 0.1125469316831995 0 0 0 0 1
1685094141.931456804 -0.2731450353440179 0.11851730317932803 0 0 0 0 1
1685094141.964790106 -0.29622792408862336 0.12294630792761714 0 0 0 0 1
1685094141.998123407 -0.3146420329714149 0.1264267938473416 0 0 0 0 1
1685094142.031456709 -0.2997116139817219 0.1374326686380064 0 0 0 0 1
