1685094214.196655273 -1.6848358247307625e-20 -5.873705015286285e-20 0 0 0 0 1
1685094214.229988575 0.0002334854053275974 -0.020678343765558393 0 0 0 0 1
1685094214.263321877 0.0003360669661552506 -0.04185399301519266 0 0 0 0 1
1685094214.296655416 0.000811035778958537 -0.07531607364769227 0 0 0 0 1
1685094214.329988718 0.0006810635182244988 -0.09776923140486604 0 0 0 0 1
1685094214.363322020 0.0013594908451618937 -0.12041745835390427 0 0 0 0 1
1685094214.396655321 0.0024126982046108127 -0.1428333789941943 0 0 0 0 1
1685094214.429988623 0.0034512410810507727 -0.16591034882824232 0 0 0 0 1
1685094214.463321924 0.004533722372973925 -0.18937363407699248 0 0 0 0 1
1685094214.496655226 0.005464503259496967 -0.2131247377258378 0 0 0 0 1
1685094214.529988527 0.0059613995580770855 -0.237554164212527 0 0 0 0 1
1685094214.563322067 0.006569552523441 -0.26255849869865294 0 0 0 0 1
1685094214.596655369 0.007216234764941959 -0.28796296249143183 0 0 0 0 1
1685094214.629988670 0.0077522607675980255 -0.313964787651816 0 0 0 0 1
1685094214.663321972 0.008306541727266335 -0.3402335469293327 0 0 0 0 1
1685094214.696655273 0.008986227201493134 -0.36639040579688115 0 0 0 0 1
1685094214.729988575 0.00953788742982982 -0.392581944277506 0 0 0 0 1
1685094214.763321877 0.01036184223132615 -0.419449652602724 0 0 0 0 1
1685094214.796655416 0.011614690449108954 -0.4463855841501133 0 0 0 0 1
1685094214.829988718 0.013062527704307 -0.472836737589819 0 0 0 0 1
1685094214.863322020 0.015148464948222886 -0.5055614962200883 0 0 0 0 1
1685094214.896655321 0.017354059253215585 -0.5319478480452432 0 0 0 0 1
1685094214.929988623 0.019678637684681595 -0.5581974244664795 0 0 0 0 1
1685094214.963321924 0.02132607597419462 -0.5844972816601548 0 0 0 0 1
1685094214.996655226 0.02298576071442638 -0.6114921233084889 0 0 0 0 1
1685094215.029988527 0.0246778654733388 -0.6386763981224245 0 0 0 0 1
1685094215.063322067 0.025872678050887086 -0.6667296069402272 0 0 0 0 1
1685094215.096655369 0.027125931082620913 -0.6946859028404141 0 0 0 0 1
1685094215.129988670 0.028220508608130343 -0.7230192084781997 0 0 0 0 1
1685094215.163321972 0.029452875227959665 -0.7515759675834722 0 0 0 0 1
1685094215.196655273 0.0304676333442387 -0.780195383675679 0 0 0 0 1
1685094215.229988575 0.03158554809373814 -0.8089313701336999 0 0 0 0 1
1685094215.263321877 0.0333668932295428 -0.836933164652516 0 0 0 0 1
1685094215.296655416 0.03521027384446856 -0.865059766473082 0 0 0 0 1
1685094215.329988718 0.036919442560574174 -0.8933564702451704 0 0 0 0 1
1685094215.363322020 0.038570373245780436 -0.9215369602021823 0 0 0 0 1
1685094215.396655321 0.04079243021104784 -0.9496637056404953 0 0 0 0 1
1685094215.429988623 0.043288014101353474 -0.9778955116332968 0 0 0 0 1
1685094215.463321924 0.045616869646316636 -1.0065922044338924 0 0 0 0 1
1685094215.496655226 0.04803238163947279 -1.0348692922492202 0 0 0 0 1
1685094215.529988527 0.050404676988630236 -1.0629120628213162 0 0 0 0 1
1685094215.563322067 0.05300571879504196 -1.0913496488771004 0 0 0 0 1
1685094215.596655369 0.05548629845656383 -1.1201184076597748 0 0 0 0 1
1685094215.629988670 0.0577402946274672 -1.148707957276535 0 0 0 0 1
1685094215.663321972 0.05987243052608957 -1.1770129996601046 0 0 0 0 1
1685094215.696655273 0.06215058245550124 -1.205300683503333 0 0 0 0 1
1685094215.729988575 0.06415007445582918 -1.2333935984146402 0 0 0 0 1
1685094215.763321877 0.06575458840835219 -1.261075242505872 0 0 0 0 1
1685094215.796655416 0.06721664325515804 -1.2890972279284827 0 0 0 0 1
1685094215.829988718 0.0685364458912117 -1.3177011714646278 0 0 0 0 1
1685094215.863322020 0.06966244031223175 -1.3465172623897284 0 0 0 0 1
1685094215.896655321 0.07113953322280213 -1.37533203501426 0 0 0 0 1
1685094215.929988623 0.07310863164236651 -1.4041708442791112 0 0 0 0 1
1685094215.963321924 0.0755976671808097 -1.4331181942161062 0 0 0 0 1
1685094215.996655226 0.0784595937816396 -1.4621834161219749 0 0 0 0 1
1685094216.029988527 0.08139076013911913 -1.4911367072292858 0 0 0 0 1
1685094216.063322067 0.08438669444959083 -1.5204319247108098 0 0 0 0 1
1685094216.096655369 0.0875722634970472 -1.5501518304221995 0 0 0 0 1
1685094216.129988670 0.09078098273468647 -1.5803038459528855 0 0 0 0 1
1685094216.163321972 0.0936007342271933 -1.6107513119704477 0 0 0 0 1
1685094216.196655273 0.09650175279219507 -1.6419734276573086 0 0 0 0 1
1685094216.229988575 0.09991127563541044 -1.6728957764852534 0 0 0 0 1
1685094216.263321877 0.10369346465715987 -1.7042477022790166 0 0 0 0 1
1685094216.296655416 0.10707063540155373 -1.7351334271161185 0 0 0 0 1
1685094216.329988718 0.11013205164332472 -1.7662443711961124 0 0 0 0 1
1685094216.363322020 0.11448234929663056 -1.7956228395862197 0 0 0 0 1
1685094216.396655321 0.11910678466658961 -1.8261056010229537 0 0 0 0 1
1685094216.429988623 0.1237009053844577 -1.8561798680755899 0 0 0 0 1
1685094216.463321924 0.1282670090858357 -1.8859184459543092 0 0 0 0 1
1685094216.496655226 0.1331236709878196 -1.9154623313041899 0 0 0 0 1
1685094216.529988527 0.13682840778419028 -1.9429969359903931 0 0 0 0 1
1685094216.563322067 0.13874810876249455 -1.9725434248083968 0 0 0 0 1
1685094216.596655369 0.14326113504735102 -2.000826871574992 0 0 0 0 1
1685094216.629988670 0.1478852719482089 -2.031071586855369 0 0 0 0 1
1685094216.663321972 0.15249573597188337 -2.0615085185111477 0 0 0 0 1
1685094216.696655273 0.15696006334720614 -2.0921545247425244 0 0 0 0 1
1685094216.729988575 0.16116616386259486 -2.123129448456506 0 0 0 0 1
1685094216.763321877 0.16473218528295838 -2.1524772371807126 0 0 0 0 1
1685094216.796655416 0.16633366778827627 -2.1827511882077677 0 0 0 0 1
1685094216.829988718 0.16800472689906068 -2.212985299759615 0 0 0 0 1
1685094216.863322020 0.16985806046234841 -2.2433360932537743 0 0 0 0 1
1685094216.896655321 0.17171270331289915 -2.273386117975072 0 0 0 0 1
1685094216.929988623 0.1737022575129952 -2.303318874956477 0 0 0 0 1
1685094216.963321924 0.17609629374770278 -2.333324247956223 0 0 0 0 1
1685094216.996655226 0.17885325914795258 -2.3632546397126655 0 0 0 0 1
1685094217.029988527 0.1818438909747193 -2.3930195974519792 0 0 0 0 1
1685094217.063322067 0.18462454853559104 -2.422651990269479 0 0 0 0 1
1685094217.096655369 0.18736476798226084 -2.452241242973 0 0 0 0 1
1685094217.129988670 0.19014977684078394 -2.481674859287596 0 0 0 0 1
1685094217.163321972 0.1930091981074274 -2.510737823119551 0 0 0 0 1
1685094217.196655273 0.1956207913137899 -2.5395655476577326 0 0 0 0 1
1685094217.229988575 0.1981175493734714 -2.5680380393746187 0 0 0 0 1
1685094217.263321877 0.2004627625661168 -2.5967211845303604 0 0 0 0 1
1685094217.296655416 0.20252240860317522 -2.625245715430644 0 0 0 0 1
1685094217.329988718 0.20466224216491113 -2.653831768697193 0 0 0 0 1
1685094217.363322020 0.20699719149147933 -2.6825426918675994 0 0 0 0 1
1685094217.396655321 0.20924191542298973 -2.711346057217131 0 0 0 0 1
1685094217.429988623 0.2116376167193698 -2.739819310073625 0 0 0 0 1
1685094217.463321924 0.21327680160388207 -2.766759302977442 0 0 0 0 1
1685094217.496655226 0.21589599445500576 -2.7953281121789737 0 0 0 0 1
1685094217.529988527 0.21877275356946668 -2.8236535173648782 0 0 0 0 1
1685094217.563322067 0.22167533433577905 -2.8510359608245164 0 0 0 0 1
1685094217.596655369 0.2246915014789984 -2.8778711055689725 0 0 0 0 1
1685094217.629988670 0.22812892072299726 -2.9046589447002873 0 0 0 0 1
