1685094159.541709185 4.464937437051965e-18 1.9549471709562477e-17 0 0 0 0 1
1685094159.575042486 -0.0024364265327144834 -0.013169719787845285 0 0 0 0 1
1685094159.608375788 -0.0009132950789089611 -0.021319733881704515 0 0 0 0 1
1685094159.641709089 -3.108897799208865e-05 -0.03470506684856951 0 0 0 0 1
1685094159.675042629 -0.0007879635446351702 -0.046140886695991194 0 0 0 0 1
1685094159.708375931 -0.002356967312799489 -0.05771721751169836 0 0 0 0 1
1685094159.741709232 -0.004532613641587975 -0.07180596765002915 0 0 0 0 1
1685094159.775042534 -0.008154811354694631 -0.08669582369770219 0 0 0 0 1
1685094159.808375835 -0.010992607983443039 -0.10067983292840299 0 0 0 0 1
1685094159.841709137 -0.013489000096468012 -0.1066468088263125 0 0 0 0 1
1685094159.875042439 -0.020871789964948977 -0.1197128213250571 0 0 0 0 1
1685094159.908375978 -0.027707069649988963 -0.13088281281024372 0 0 0 0 1
1685094159.941709280 -0.035720519314056086 -0.14373131736464073 0 0 0 0 1
1685094159.975042582 -0.04021607320175612 -0.15605136486670568 0 0 0 0 1
1685094160.008375883 -0.04622592717627166 -0.16515578416821994 0 0 0 0 1
1685094160.041709185 -0.05404221901557696 -0.17431226816503795 0 0 0 0 1
1685094160.075042486 -0.06392307884630107 -0.18610537877358804 0 0 0 0 1
1685094160.108375788 -0.0710405386609843 -0.20085978981811756 0 0 0 0 1
1685094160.141709089 -0.07910378485174274 -0.20971400806998916 0 0 0 0 1
1685094160.175042629 -0.09031250989952655 -0.2262420884726496 0 0 0 0 1
1685094160.208375931 -0.10080829177006187 -0.24195787012983616 0 0 0 0 1
1685094160.241709232 -0.11201399595584555 -0.25162775838728 0 0 0 0 1
1685094160.275042534 -0.11434631707695213 -0.2626173612676927 0 0 0 0 1
1685094160.308375835 -0.12317479784533683 -0.27330085069972726 0 0 0 0 1
1685094160.341709137 -0.13231721054980733 -0.28973061448698634 0 0 0 0 1
1685094160.375042439 -0.14004997368202032 -0.30206200081761814 0 0 0 0 1
1685094160.408375978 -0.14836229055124087 -0.31607510818810197 0 0 0 0 1
1685094160.441709280 -0.15673286696857386 -0.32282851815230285 0 0 0 0 1
1685094160.475042582 -0.16101589330990285 -0.3358531659125536 0 0 0 0 1
1685094160.508375883 -0.15913930311587124 -0.3554838113494456 0 0 0 0 1
1685094160.541709185 -0.15995601697455802 -0.3756037657697463 0 0 0 0 1
1685094160.575042486 -0.1629240682633869 -0.3915716599498822 0 0 0 0 1
1685094160.608375788 -0.1622408129200809 -0.40320206267694636 0 0 0 0 1
1685094160.641709089 -0.16174214162083378 -0.4146677493264783 0 0 0 0 1
1685094160.675042629 -0.16243158892025292 -0.4338054452652039 0 0 0 0 1
1685094160.708375931 -0.15694655978112834 -0.4407895579256594 0 0 0 0 1
1685094160.741709232 -0.15302063026490018 -0.44683010909735915 0 0 0 0 1
1685094160.775042534 -0.14870402066169192 -0.45344674428196535 0 0 0 0 1
1685094160.808375835 -0.1502871820452905 -0.4673743931377544 0 0 0 0 1
1685094160.841709137 -0.14817671313184583 -0.4818946186278501 0 0 0 0 1
