1685094282.115315437 -3.250280481527854e-20 1.5269886446292597e-17 0 0 0 0 1
1685094282.148648739 0.0007342563219977555 -0.014581070099661315 0 0 0 0 1
1685094282.181982040 0.0013906659489162617 -0.030756132954744032 0 0 0 0 1
1685094282.215315342 0.0021660062548198174 -0.047922820269299615 0 0 0 0 1
1685094282.248648643 0.0028746835258855663 -0.06633981869924814 0 0 0 0 1
1685094282.281981945 0.003618135022276606 -0.08517317167188243 0 0 0 0 1
1685094282.315315485 0.005421954079574109 -0.10428107955240393 0 0 0 0 1
1685094282.348648787 0.006805891889516359 -0.12489722304715863 0 0 0 0 1
1685094282.381982088 0.00812914689058161 -0.14623940937775376 0 0 0 0 1
1685094282.415315390 0.009488546555917039 -0.16819412056044503 0 0 0 0 1
1685094282.448648691 0.01100538207731379 -0.19042320641427457 0 0 0 0 1
1685094282.481981993 0.012633944293714791 -0.21327449345613067 0 0 0 0 1
1685094282.515315294 0.013821015201084209 -0.23553309320842095 0 0 0 0 1
1685094282.548648596 0.015792876710217958 -0.2594277123471438 0 0 0 0 1
1685094282.581982136 0.017959655507943463 -0.2833532495308728 0 0 0 0 1
1685094282.615315437 0.020322974957511893 -0.3073995719851361 0 0 0 0 1
1685094282.648648739 0.02283383756885931 -0.33195887615995284 0 0 0 0 1
1685094282.681982040 0.025874996935873317 -0.3631830623589391 0 0 0 0 1
1685094282.715315342 0.028333234298454652 -0.3879765254929616 0 0 0 0 1
1685094282.748648643 0.031076272387728084 -0.41307811114846626 0 0 0 0 1
1685094282.781981945 0.03405571993806675 -0.43868306861776984 0 0 0 0 1
1685094282.815315485 0.037120862235027974 -0.4645968673696329 0 0 0 0 1
1685094282.848648787 0.04008580391795897 -0.4904217639020031 0 0 0 0 1
1685094282.881982088 0.04283839720558126 -0.5165332505788842 0 0 0 0 1
1685094282.915315390 0.045836394751996266 -0.5428511984331149 0 0 0 0 1
1685094282.948648691 0.048775136609556624 -0.5696682912120328 0 0 0 0 1
1685094282.981981993 0.0518114971657613 -0.5967282623012252 0 0 0 0 1
1685094283.015315294 0.054594808286848526 -0.6236862422692396 0 0 0 0 1
1685094283.048648596 0.057158234433553036 -0.650813216845957 0 0 0 0 1
1685094283.081982136 0.0616074978090661 -0.6758324703573191 0 0 0 0 1
1685094283.115315437 0.06862234168737535 -0.703559083153212 0 0 0 0 1
1685094283.148648739 0.07582631985999036 -0.7311997989824963 0 0 0 0 1
1685094283.181982040 0.08318772825928046 -0.7588628784349174 0 0 0 0 1
1685094283.215315342 0.09064414010537643 -0.7867522564159455 0 0 0 0 1
1685094283.248648643 0.09815842398898192 -0.8147626679312304 0 0 0 0 1
1685094283.281981945 0.10549161158453277 -0.8428036166102196 0 0 0 0 1
1685094283.315315485 0.11291388890164436 -0.8704110367454776 0 0 0 0 1
1685094283.348648787 0.12049663368075017 -0.8982099401044432 0 0 0 0 1
1685094283.381982088 0.12811382382648234 -0.9260848769849237 0 0 0 0 1
1685094283.415315390 0.1354185273479106 -0.9535243572364344 0 0 0 0 1
1685094283.448648691 0.14255796177349053 -0.9806275033454496 0 0 0 0 1
1685094283.481981993 0.1498943979889857 -1.0081035377398173 0 0 0 0 1
1685094283.515315294 0.15735716399234143 -1.0358935528464084 0 0 0 0 1
1685094283.548648596 0.16445181762379604 -1.0632867593842863 0 0 0 0 1
1685094283.581982136 0.17142166267818676 -1.090620044007632 0 0 0 0 1
1685094283.615315437 0.17862750108139425 -1.1182867658830418 0 0 0 0 1
1685094283.648648739 0.18584759161557632 -1.1460062264342767 0 0 0 0 1
1685094283.681982040 0.19301408608401616 -1.174017253248087 0 0 0 0 1
1685094283.715315342 0.2003269496513115 -1.2019898073998736 0 0 0 0 1
1685094283.748648643 0.20750320117225382 -1.229944388315732 0 0 0 0 1
1685094283.781981945 0.21533842646952736 -1.2583745717319241 0 0 0 0 1
1685094283.815315485 0.2228610447997622 -1.2857911689981432 0 0 0 0 1
1685094283.848648787 0.23003901455668616 -1.3139992383481325 0 0 0 0 1
1685094283.881982088 0.23745546759447494 -1.3425945482179982 0 0 0 0 1
1685094283.915315390 0.24501873331123572 -1.3711139554129492 0 0 0 0 1
1685094283.948648691 0.25282397505646276 -1.399318317543574 0 0 0 0 1
1685094283.981981993 0.258568957711181 -1.4262170807534544 0 0 0 0 1
1685094284.015315294 0.26312431821245763 -1.4549738515387187 0 0 0 0 1
1685094284.048648596 0.26731704439678206 -1.4835946823791444 0 0 0 0 1
1685094284.081982136 0.2707333043922134 -1.5122122837022012 0 0 0 0 1
1685094284.115315437 0.2733128906932532 -1.5400075840981335 0 0 0 0 1
1685094284.148648739 0.27550319906600274 -1.5688618772876877 0 0 0 0 1
1685094284.181982040 0.27741392763587136 -1.5977464297537347 0 0 0 0 1
1685094284.215315342 0.2808115358065357 -1.6226093135240258 0 0 0 0 1
1685094284.248648643 0.2870372004530242 -1.6506798969653231 0 0 0 0 1
1685094284.281981945 0.2937759120222837 -1.6791277064314485 0 0 0 0 1
1685094284.315315485 0.3006052711103903 -1.7074662116216284 0 0 0 0 1
1685094284.348648787 0.3087338649348769 -1.7353796767594798 0 0 0 0 1
1685094284.381982088 0.31680902339398714 -1.7632692062002568 0 0 0 0 1
1685094284.415315390 0.32585520574916693 -1.7904324595089056 0 0 0 0 1
1685094284.448648691 0.3358538248070872 -1.8182693756205972 0 0 0 0 1
1685094284.481981993 0.3459936574454956 -1.8461234109605857 0 0 0 0 1
1685094284.515315294 0.3561191321656103 -1.8740552007635107 0 0 0 0 1
1685094284.548648596 0.36617365422225573 -1.9017418071902414 0 0 0 0 1
1685094284.581982136 0.37682658203921654 -1.9294327379828626 0 0 0 0 1
1685094284.615315437 0.38698478278423465 -1.9559554375632275 0 0 0 0 1
1685094284.648648739 0.3977321396043741 -1.9835149133924044 0 0 0 0 1
1685094284.681982040 0.40881481889193577 -2.0116675643661277 0 0 0 0 1
1685094284.715315342 0.4199482792601646 -2.0398287554652508 0 0 0 0 1
1685094284.748648643 0.4312240128548339 -2.0678737910695095 0 0 0 0 1
1685094284.781981945 0.44255071496650195 -2.0961246098273363 0 0 0 0 1
1685094284.815315485 0.45387620055997396 -2.124698606207756 0 0 0 0 1
1685094284.848648787 0.464743252466043 -2.1534703113316094 0 0 0 0 1
1685094284.881982088 0.4753654842039365 -2.1819287826197225 0 0 0 0 1
1685094284.915315390 0.4859203778802033 -2.21057198798021 0 0 0 0 1
1685094284.948648691 0.49650261313258726 -2.2394703981787085 0 0 0 0 1
1685094284.981981993 0.507016545618249 -2.26848008449314 0 0 0 0 1
1685094285.015315294 0.5173913149596941 -2.297667281553789 0 0 0 0 1
1685094285.048648596 0.5282017469554658 -2.327325687739318 0 0 0 0 1
1685094285.081982136 0.5376705992000688 -2.3557801252421373 0 0 0 0 1
1685094285.115315437 0.5480126142079413 -2.3846796844346603 0 0 0 0 1
1685094285.148648739 0.5586031725076186 -2.4134221404087945 0 0 0 0 1
1685094285.181982040 0.569318408004239 -2.441779910998757 0 0 0 0 1
1685094285.215315342 0.579947862219785 -2.4697702528674372 0 0 0 0 1
1685094285.248648643 0.5904295063534316 -2.4976514843857394 0 0 0 0 1
1685094285.281981945 0.6008105679877384 -2.5243290657723136 0 0 0 0 1
1685094285.315315485 0.6117516529775574 -2.5525659914344176 0 0 0 0 1
1685094285.348648787 0.6229168578550367 -2.5807267114257844 0 0 0 0 1
1685094285.381982088 0.6340555262941613 -2.6085360868373497 0 0 0 0 1
1685094285.415315390 0.6454882491596121 -2.6364850908089683 0 0 0 0 1
1685094285.448648691 0.6567820279585788 -2.6639325017214692 0 0 0 0 1
1685094285.481981993 0.6679326464325474 -2.690768824165754 0 0 0 0 1
1685094285.515315294 0.6789671860805808 -2.7174463344356514 0 0 0 0 1
1685094285.548648596 0.6900361939094286 -2.744006139268194 0 0 0 0 1
1685094285.581982136 0.7007520737564689 -2.7702052965435735 0 0 0 0 1
1685094285.615315437 0.7092854276950215 -2.791813195225789 0 0 0 0 1
1685094285.648648739 0.7192308434532708 -2.8172406643943497 0 0 0 0 1
