1685093638.927315235 2.8222917111212072e-21 1.4211553348430973e-19 0 0 0 0 1
1685093638.960648537 -0.0002622332389798765 -0.00815099247511925 0 0 0 0 1
1685093638.993981838 -0.0002753906633627645 -0.01461371110749554 0 0 0 0 1
1685093639.027315140 0.0002604965074715021 -0.02368281032197224 0 0 0 0 1
1685093639.060648441 0.0007798877405990822 -0.0332535092928392 0 0 0 0 1
1685093639.093981743 0.0012179303227042393 -0.04336702437773874 0 0 0 0 1
1685093639.127315044 0.0010635911601376783 -0.054291980473183725 0 0 0 0 1
1685093639.160648584 0.0013763304953304583 -0.0656676270149737 0 0 0 0 1
1685093639.193981886 0.0017940109284454889 -0.07755357629827754 0 0 0 0 1
1685093639.227315187 0.002240357207538838 -0.08980935315396886 0 0 0 0 1
1685093639.260648489 0.0027536320702573804 -0.10252467647554468 0 0 0 0 1
1685093639.293981791 0.0033352782799729542 -0.11574337274237255 0 0 0 0 1
1685093639.327315092 0.003966390950904593 -0.12922780354200283 0 0 0 0 1
1685093639.360648394 0.004855875389621593 -0.1431060650319895 0 0 0 0 1
1685093639.393981695 0.005774575664165763 -0.15718807894817716 0 0 0 0 1
1685093639.427315235 0.006824011227158528 -0.17172439233858383 0 0 0 0 1
1685093639.460648537 0.008013435682702212 -0.18673356569182017 0 0 0 0 1
1685093639.493981838 0.009167931229778513 -0.2019726366100417 0 0 0 0 1
1685093639.527315140 0.010341507469209388 -0.2177278681613614 0 0 0 0 1
1685093639.560648441 0.01175039848788921 -0.23405667980774086 0 0 0 0 1
1685093639.593981743 0.013003413394591597 -0.25057351892940183 0 0 0 0 1
1685093639.627315044 0.015281514701516659 -0.2645760763157501 0 0 0 0 1
1685093639.660648584 0.017927014952871703 -0.2814800177168298 0 0 0 0 1
1685093639.693981886 0.02040685644261094 -0.29814576302444407 0 0 0 0 1
1685093639.727315187 0.02253893613268051 -0.31537251002327654 0 0 0 0 1
1685093639.760648489 0.024589412505109307 -0.3330399534609589 0 0 0 0 1
1685093639.793981791 0.026704126742375094 -0.3508403128478287 0 0 0 0 1
1685093639.827315092 0.028615581420403415 -0.36893786324924377 0 0 0 0 1
1685093639.860648394 0.030614610516658352 -0.3874544940043328 0 0 0 0 1
1685093639.893981695 0.032697258191691767 -0.40642928002193907 0 0 0 0 1
1685093639.927315235 0.03490861724840008 -0.42593847542320307 0 0 0 0 1
1685093639.960648537 0.03713783833865604 -0.4457431952678749 0 0 0 0 1
1685093639.993981838 0.039297683621883316 -0.46597069062689 0 0 0 0 1
1685093640.027315140 0.041857909771750704 -0.48670479044740933 0 0 0 0 1
1685093640.060648441 0.0439957099779224 -0.5073651869328215 0 0 0 0 1
1685093640.093981743 0.04607169774846754 -0.5281730779191753 0 0 0 0 1
1685093640.127315044 0.048131693534998736 -0.5492784312902148 0 0 0 0 1
1685093640.160648584 0.051496219311558476 -0.5701900890940054 0 0 0 0 1
1685093640.193981886 0.0546103885582154 -0.591965636320763 0 0 0 0 1
1685093640.227315187 0.05754246104912458 -0.6138454765051575 0 0 0 0 1
1685093640.260648489 0.06077473575398248 -0.6360649313746027 0 0 0 0 1
1685093640.293981791 0.06392582315681487 -0.655731743332634 0 0 0 0 1
1685093640.327315092 0.06871899777452642 -0.6775131067343234 0 0 0 0 1
1685093640.360648394 0.07376063904278835 -0.6993182254533787 0 0 0 0 1
1685093640.393981695 0.07905173059519312 -0.7214692202889803 0 0 0 0 1
1685093640.427315235 0.08471184884353601 -0.7436574441414474 0 0 0 0 1
1685093640.460648537 0.0915433377902044 -0.7627421032035783 0 0 0 0 1
1685093640.493981838 0.09905606992208127 -0.7850147436354833 0 0 0 0 1
1685093640.527315140 0.10675297420520595 -0.8076153771177164 0 0 0 0 1
1685093640.560648441 0.11416920091445125 -0.8302296789783674 0 0 0 0 1
1685093640.593981743 0.12360648124057569 -0.8568293630433612 0 0 0 0 1
1685093640.627315044 0.13055535221176257 -0.8796784342212012 0 0 0 0 1
1685093640.660648584 0.13755749381210303 -0.9028346442404366 0 0 0 0 1
1685093640.693981886 0.144492466604165 -0.9258564619051993 0 0 0 0 1
1685093640.727315187 0.14968720219195294 -0.9466959793219082 0 0 0 0 1
1685093640.760648489 0.15555059706154942 -0.9702694999017577 0 0 0 0 1
1685093640.793981791 0.16205841557185358 -0.9889705621715106 0 0 0 0 1
1685093640.827315092 0.16318147259342847 -1.02546147986052 0 0 0 0 1
1685093640.860648394 0.1657436968368537 -1.049025658415 0 0 0 0 1
1685093640.893981695 0.1682659563390568 -1.07244903903018 0 0 0 0 1
1685093640.927315235 0.1707120562328698 -1.0957586024600596 0 0 0 0 1
1685093640.960648537 0.173393532344292 -1.1189968643984836 0 0 0 0 1
1685093640.993981838 0.1762990737347076 -1.1420408604048364 0 0 0 0 1
1685093641.027315140 0.17777293942846112 -1.1613383522185792 0 0 0 0 1
1685093641.060648441 0.18479871406320444 -1.1832988040150607 0 0 0 0 1
1685093641.093981743 0.19209166297481778 -1.205162498941242 0 0 0 0 1
1685093641.127315044 0.19951655622386835 -1.2268712279083507 0 0 0 0 1
1685093641.160648584 0.20725681147763123 -1.2500290435939423 0 0 0 0 1
1685093641.193981886 0.2149818434908029 -1.271134777189192 0 0 0 0 1
1685093641.227315187 0.2211180213180014 -1.2905732745865293 0 0 0 0 1
1685093641.260648489 0.22964490279501482 -1.3082527136500735 0 0 0 0 1
1685093641.293981791 0.23708177478747558 -1.3287097494135178 0 0 0 0 1
1685093641.327315092 0.2443571515478455 -1.3488712973728487 0 0 0 0 1
1685093641.360648394 0.2514379687748101 -1.3688840343342004 0 0 0 0 1
1685093641.393981695 0.258178028761073 -1.388634840678802 0 0 0 0 1
