1685094252.535685778 3.6103891462973806e-19 2.6150734180810134e-19 0 0 0 0 1
1685094252.569019079 -0.0006676483068909941 -0.01548587974058181 0 0 0 0 1
1685094252.602352619 -0.0009489018682793809 -0.031840096111769085 0 0 0 0 1
1685094252.635685921 -0.0013382009242711602 -0.048915404963267885 0 0 0 0 1
1685094252.669019222 -0.0014375853799302029 -0.06662666479059397 0 0 0 0 1
1685094252.702352524 -0.0009905901009453328 -0.08383298193421623 0 0 0 0 1
1685094252.735685825 0.0011653158235860692 -0.10396188883081937 0 0 0 0 1
1685094252.769019127 7.145484210680952e-05 -0.12364003017016487 0 0 0 0 1
1685094252.802352428 -0.0009402911315711204 -0.14376795166486805 0 0 0 0 1
1685094252.835685968 -0.001982182716327898 -0.1644421773098746 0 0 0 0 1
1685094252.869019270 -0.00402924198536181 -0.18059010412664034 0 0 0 0 1
1685094252.902352571 -0.006972089031481214 -0.20225125595568794 0 0 0 0 1
1685094252.935685873 -0.009767192811866582 -0.22430963408444526 0 0 0 0 1
1685094252.969019175 -0.012591889852778815 -0.24689714308484423 0 0 0 0 1
1685094253.002352476 -0.015418297052966514 -0.2700449248770066 0 0 0 0 1
1685094253.035685778 -0.018141876721522305 -0.2932050305189907 0 0 0 0 1
1685094253.069019079 -0.02137252734313467 -0.31694733740309977 0 0 0 0 1
1685094253.102352619 -0.024645645375489012 -0.3406838269911668 0 0 0 0 1
1685094253.135685921 -0.02808609482802822 -0.36539978764938785 0 0 0 0 1
1685094253.169019222 -0.03182478893629738 -0.3904600089432808 0 0 0 0 1
1685094253.202352524 -0.035567008063362465 -0.41591500062242653 0 0 0 0 1
1685094253.235685825 -0.039616392689398414 -0.44219886366042493 0 0 0 0 1
1685094253.269019127 -0.043764025846683756 -0.46846740209031146 0 0 0 0 1
1685094253.302352428 -0.04164318475714125 -0.4982688727570611 0 0 0 0 1
1685094253.335685968 -0.06600834738958028 -0.48097828367736145 0 0 0 0 1
1685094253.369019270 -0.03717766063253146 -0.4731413759998931 0 0 0 0 1
1685094253.402352571 -0.049436665770230585 -0.5003873374228653 0 0 0 0 1
1685094253.435685873 -0.0626945059752177 -0.47361318395487956 0 0 0 0 1
1685094253.469019175 -0.03687013364861865 -0.48523502873636015 0 0 0 0 1
1685094253.502352476 -0.011011318611817771 -0.49678003488967865 0 0 0 0 1
1685094253.535685778 0.014881710507784836 -0.5082481003411423 0 0 0 0 1
1685094253.569019079 0.04080872478028959 -0.5196391236973197 0 0 0 0 1
1685094253.602352619 0.06676949497532149 -0.5309530042459372 0 0 0 0 1
1685094253.635685921 0.09269393303650034 -0.5427425034769818 0 0 0 0 1
1685094253.669019222 0.10941091568147879 -0.5470587115679569 0 0 0 0 1
1685094253.702352524 0.1388523403174403 -0.5442793736369456 0 0 0 0 1
1685094253.735685825 0.1682834023707742 -0.5413923699406247 0 0 0 0 1
1685094253.769019127 0.17135744456795698 -0.5319592170638875 0 0 0 0 1
1685094253.802352428 0.1730979861228955 -0.5221916880149681 0 0 0 0 1
1685094253.835685968 0.1734716069313615 -0.5122773289273902 0 0 0 0 1
1685094253.869019270 0.17247113310754617 -0.5024065052153683 0 0 0 0 1
1685094253.902352571 0.17011577472970046 -0.4927687463712248 0 0 0 0 1
1685094253.935685873 0.1664507569877999 -0.4835491068133294 0 0 0 0 1
1685094253.969019175 0.16154645181555952 -0.47492461265984476 0 0 0 0 1
1685094254.002352476 0.15549702668031629 -0.4670608626537063 0 0 0 0 1
1685094254.035685778 0.16720000417649972 -0.4380430800536158 0 0 0 0 1
1685094254.069019079 0.17931025363096004 -0.40919289378986645 0 0 0 0 1
1685094254.102352619 0.19184846908264738 -0.3807644423595766 0 0 0 0 1
1685094254.135685921 0.20424609278027472 -0.35256409945160483 0 0 0 0 1
1685094254.169019222 0.21684066131578833 -0.3244511619160249 0 0 0 0 1
1685094254.202352524 0.22963155851213188 -0.2964270051510527 0 0 0 0 1
1685094254.235685825 0.24261815858705965 -0.26849300021139083 0 0 0 0 1
1685094254.269019127 0.25579982618375247 -0.2406505137411514 0 0 0 0 1
1685094254.302352428 0.2691325245096874 -0.21243098591205303 0 0 0 0 1
1685094254.335685968 0.2826384406175111 -0.18429394936525093 0 0 0 0 1
1685094254.369019270 0.2963170641481234 -0.15624046733796193 0 0 0 0 1
1685094254.402352571 0.31016787821618763 -0.12827159991005985 0 0 0 0 1
1685094254.435685873 0.32419035942966223 -0.10038840396401737 0 0 0 0 1
1685094254.469019175 0.33838397790957886 -0.07259193314496883 0 0 0 0 1
1685094254.502352476 0.3527481973100653 -0.04488323782089526 0 0 0 0 1
1685094254.535685778 0.31850690497467893 -0.04622872763041749 0 0 0 0 1
1685094254.569019079 0.30292162034942094 -0.04791297245367598 0 0 0 0 1
1685094254.602352619 0.3070394810428181 -0.016592798926986823 0 0 0 0 1
1685094254.635685921 0.3109506649342764 0.014753854594551074 0 0 0 0 1
1685094254.669019222 0.31465500185827916 0.0461256242989464 0 0 0 0 1
1685094254.702352524 0.31815233064868753 0.07752114528146757 0 0 0 0 1
1685094254.735685825 0.3277425877932477 0.08705790519958972 0 0 0 0 1
1685094254.769019127 0.3170899024467817 0.09539115887050836 0 0 0 0 1
1685094254.802352428 0.31014236410446233 0.08378708489553341 0 0 0 0 1
1685094254.835685968 0.32251859516821807 0.0783325705733212 0 0 0 0 1
1685094254.869019270 0.32639583738619776 0.09128980077957301 0 0 0 0 1
1685094254.902352571 0.30875383562860353 0.0784744331717701 0 0 0 0 1
1685094254.935685873 0.2938185644014533 0.06258696810305818 0 0 0 0 1
1685094254.969019175 0.27458814824764616 0.039419103851035184 0 0 0 0 1
1685094255.002352476 0.2553702619850269 0.01624084492061067 0 0 0 0 1
1685094255.035685778 0.235974286210861 -0.0062176296040089 0 0 0 0 1
1685094255.069019079 0.21653652964490352 -0.02863995271932398 0 0 0 0 1
1685094255.102352619 0.19761517964598013 -0.05033981907936633 0 0 0 0 1
1685094255.135685921 0.17877996080661437 -0.07175895771030337 0 0 0 0 1
1685094255.169019222 0.15987112586035326 -0.09311313597576591 0 0 0 0 1
1685094255.202352524 0.14236971803937368 -0.1141696202625933 0 0 0 0 1
1685094255.235685825 0.12532017076634616 -0.1344898285073905 0 0 0 0 1
