1685093626.675414324 6.507147828824432e-20 -1.4817529542628238e-19 0 0 0 0 1
1685093626.708747625 0.0002562007447436287 -0.022156083457596863 0 0 0 0 1
1685093626.742080927 -0.005582028587703007 -0.04591870861222274 0 0 0 0 1
1685093626.775414228 -0.011062971347181559 -0.06987550751199319 0 0 0 0 1
1685093626.808747768 -0.016088308112818396 -0.09200276139964518 0 0 0 0 1
1685093626.842081070 0.00010993549222522472 -0.09205495894235595 0 0 0 0 1
1685093626.875414371 0.016307542312294414 -0.0922077783594792 0 0 0 0 1
1685093626.908747673 0.008197599112713009 -0.12412223168481006 0 0 0 0 1
1685093626.942080975 0.027425884586824576 -0.15085379631318951 0 0 0 0 1
1685093626.975414276 0.025845185442987913 -0.1310024437453498 0 0 0 0 1
1685093627.008747578 0.03587494013632181 -0.13682190561478808 0 0 0 0 1
1685093627.042080879 0.062077290178132696 -0.14507635127697366 0 0 0 0 1
1685093627.075414419 0.08908958625045311 -0.15345051545476981 0 0 0 0 1
1685093627.108747721 0.11610381710441267 -0.16181843611311508 0 0 0 0 1
1685093627.142081022 0.12232813220313671 -0.1873051182180902 0 0 0 0 1
1685093627.175414324 0.08759808926947878 -0.1982416537369382 0 0 0 0 1
1685093627.208747625 0.06895747631995303 -0.2295196210653104 0 0 0 0 1
1685093627.242080927 0.07586371026270795 -0.2652699724489918 0 0 0 0 1
1685093627.275414228 0.0965525213548842 -0.2879179809673619 0 0 0 0 1
1685093627.308747768 0.11743009276020197 -0.31073574456242103 0 0 0 0 1
1685093627.342081070 0.1384019977973137 -0.3334668360975522 0 0 0 0 1
1685093627.375414371 0.1594678766554235 -0.3561108655799474 0 0 0 0 1
1685093627.408747673 0.1806273679114455 -0.378667444510505 0 0 0 0 1
1685093627.442080975 0.2010666184373342 -0.4009326522212976 0 0 0 0 1
1685093627.475414276 0.22141318629556092 -0.4232107115537032 0 0 0 0 1
1685093627.508747578 0.2237735309337297 -0.4301537090666703 0 0 0 0 1
1685093627.542080879 0.2185387356727739 -0.4352892090279081 0 0 0 0 1
1685093627.575414419 0.18787777456962054 -0.4370798064033346 0 0 0 0 1
1685093627.608747721 0.15711991710873402 -0.4388238351964741 0 0 0 0 1
1685093627.642081022 0.1269268433909385 -0.4405075825943746 0 0 0 0 1
1685093627.675414324 0.09664244197935584 -0.4424754179245662 0 0 0 0 1
1685093627.708747625 0.06634231914736373 -0.4441841897381236 0 0 0 0 1
