1685094177.545734644 5.309349272410454e-19 -4.2034083540286905e-18 0 0 0 0 1
1685094177.579067945 -0.004692813899084218 -0.013806299362423254 0 0 0 0 1
1685094177.612401247 -0.010501685983383427 -0.030582413746982083 0 0 0 0 1
1685094177.645734549 -0.016356638843802656 -0.04809494177370645 0 0 0 0 1
1685094177.679067850 -0.019910646266074573 -0.062168529251726314 0 0 0 0 1
1685094177.712401390 -0.020134025010790757 -0.08173898138092803 0 0 0 0 1
1685094177.745734692 -0.020241966646688668 -0.09670687081028187 0 0 0 0 1
1685094177.779067993 -0.015329170409567813 -0.11630002679861418 0 0 0 0 1
1685094177.812401295 -0.01037237811794312 -0.12910286119447015 0 0 0 0 1
1685094177.845734596 -0.00659565384709912 -0.1502079021091629 0 0 0 0 1
1685094177.879067898 -0.002746555178439292 -0.1720023816649749 0 0 0 0 1
1685094177.912401199 0.0007330023637964562 -0.19403430081614761 0 0 0 0 1
1685094177.945734501 0.004731421918824586 -0.2167936501677973 0 0 0 0 1
1685094177.979068041 0.008608051537059647 -0.2398569817138991 0 0 0 0 1
1685094178.012401342 0.012585278620199848 -0.2632088606623288 0 0 0 0 1
1685094178.045734644 0.016599134548228575 -0.2863602728763784 0 0 0 0 1
1685094178.079067945 0.02076934213246649 -0.310480136969374 0 0 0 0 1
1685094178.112401247 0.02479372832881726 -0.33462475937070474 0 0 0 0 1
1685094178.145734549 0.028619123020378976 -0.35939138497513196 0 0 0 0 1
1685094178.179067850 0.03242389957761462 -0.38461021269899726 0 0 0 0 1
1685094178.212401390 0.0365193475270299 -0.41045050378191833 0 0 0 0 1
1685094178.245734692 0.040731596672096824 -0.4362720121479365 0 0 0 0 1
1685094178.279067993 0.04300923507828377 -0.46327339279630875 0 0 0 0 1
1685094178.312401295 0.04209058653433229 -0.4903550891700651 0 0 0 0 1
1685094178.345734596 0.0379884408438892 -0.5171400587306602 0 0 0 0 1
1685094178.379067898 0.03075990976994232 -0.5432553900925369 0 0 0 0 1
1685094178.412401199 0.02050563190131781 -0.5683374948491291 0 0 0 0 1
1685094178.445734501 0.0073683715207687375 -0.5920371696005109 0 0 0 0 1
1685094178.479068041 -0.008468969018209397 -0.6140244577070526 0 0 0 0 1
1685094178.512401342 -0.030977388743776042 -0.6124505162875451 0 0 0 0 1
1685094178.545734644 -0.018367476681813273 -0.6311613785852556 0 0 0 0 1
1685094178.579067945 -0.011378098693396408 -0.6097078277027245 0 0 0 0 1
1685094178.612401247 -0.028317926034431496 -0.615078795839206 0 0 0 0 1
1685094178.645734549 -0.020332990223430814 -0.599202843925655 0 0 0 0 1
1685094178.679067850 0.007987416180839571 -0.6058649052551116 0 0 0 0 1
1685094178.712401390 0.03631929199098236 -0.6124780204922083 0 0 0 0 1
1685094178.745734692 0.06466255261364691 -0.6190421698914977 0 0 0 0 1
1685094178.779067993 0.09232263162416843 -0.6237987362921952 0 0 0 0 1
1685094178.812401295 0.12035243656768228 -0.6223722266984297 0 0 0 0 1
1685094178.845734596 0.14857376536350317 -0.6155588069524871 0 0 0 0 1
1685094178.879067898 0.17672256445810816 -0.6084516839644004 0 0 0 0 1
1685094178.912401199 0.20479577732958099 -0.6010516294572228 0 0 0 0 1
1685094178.945734501 0.23279035566349368 -0.5933594469618153 0 0 0 0 1
1685094178.979068041 0.2607032596839067 -0.5853759717295972 0 0 0 0 1
1685094179.012401342 0.28853145848344075 -0.5771020706418493 0 0 0 0 1
1685094179.045734644 0.3179581504076636 -0.5684041044971612 0 0 0 0 1
1685094179.079067945 0.3469209296732427 -0.5599033993390978 0 0 0 0 1
1685094179.112401247 0.37589707082806845 -0.551448352636294 0 0 0 0 1
1685094179.145734549 0.3399276847084065 -0.5772375146913475 0 0 0 0 1
1685094179.179067850 0.3740757668053253 -0.5448833905449576 0 0 0 0 1
1685094179.212401390 0.3852598811617487 -0.49919097929056716 0 0 0 0 1
1685094179.245734692 0.38917009021476684 -0.46892519392676835 0 0 0 0 1
1685094179.279067993 0.3933420274394217 -0.438694374580952 0 0 0 0 1
1685094179.312401295 0.3983893396686543 -0.44544485570704095 0 0 0 0 1
1685094179.345734596 0.4061232478320667 -0.4521021452550713 0 0 0 0 1
1685094179.379067898 0.4159648868992684 -0.4494049281564045 0 0 0 0 1
1685094179.412401199 0.4192240870416619 -0.4397348478031585 0 0 0 0 1
1685094179.445734501 0.44333076401959076 -0.4189237233111563 0 0 0 0 1
1685094179.479068041 0.467171981688978 -0.3978090100149565 0 0 0 0 1
1685094179.512401342 0.4907439170574467 -0.37639409370588456 0 0 0 0 1
1685094179.545734644 0.5140427903126368 -0.354682408313488 0 0 0 0 1
1685094179.579067945 0.5370648654283067 -0.3326774353548981 0 0 0 0 1
1685094179.612401247 0.5598064507634131 -0.3103827033765608 0 0 0 0 1
1685094179.645734549 0.5832288528455648 -0.28792945326531877 0 0 0 0 1
1685094179.679067850 0.6062979053985666 -0.2658511351132806 0 0 0 0 1
1685094179.712401390 0.6275578986973731 -0.2432456001673389 0 0 0 0 1
1685094179.745734692 0.6475544931726883 -0.21951516117756711 0 0 0 0 1
1685094179.779067993 0.6662282681435667 -0.19473033409335128 0 0 0 0 1
1685094179.812401295 0.6853687595847476 -0.16916041625998682 0 0 0 0 1
1685094179.845734596 0.7044434341272546 -0.14354136277020382 0 0 0 0 1
1685094179.879067898 0.677893320359393 -0.148143333813526 0 0 0 0 1
1685094179.912401199 0.7005399717943009 -0.16274524661136727 0 0 0 0 1
1685094179.945734501 0.7288249425793726 -0.1800251833667302 0 0 0 0 1
1685094179.979068041 0.757181191942248 -0.1971879019349563 0 0 0 0 1
1685094180.012401342 0.777888957502174 -0.21358997958172782 0 0 0 0 1
1685094180.045734644 0.7976297148239122 -0.2311439593578306 0 0 0 0 1
1685094180.079067945 0.8163394760518576 -0.2497929416466542 0 0 0 0 1
1685094180.112401247 0.8339575952097518 -0.269476477481301 0 0 0 0 1
1685094180.145734549 0.8567998523318743 -0.2919888457463465 0 0 0 0 1
1685094180.179067850 0.8795421312183662 -0.314602208751066 0 0 0 0 1
1685094180.212401390 0.9020925205591579 -0.3376644734977984 0 0 0 0 1
1685094180.245734692 0.9271491295130022 -0.36419574145398376 0 0 0 0 1
1685094180.279067993 0.9524055894111765 -0.39053683226360464 0 0 0 0 1
1685094180.312401295 0.9778604568716264 -0.41668624055900794 0 0 0 0 1
1685094180.345734596 1.003512277173499 -0.4426424719270093 0 0 0 0 1
1685094180.379067898 1.0293595843402785 -0.46840404299429705 0 0 0 0 1
1685094180.412401199 1.0501239135828673 -0.48565258576326253 0 0 0 0 1
1685094180.445734501 1.0722982574532 -0.5010463530236731 0 0 0 0 1
1685094180.479068041 1.095717424851143 -0.514470666597729 0 0 0 0 1
1685094180.512401342 1.1202069511770079 -0.5258255200482248 0 0 0 0 1
1685094180.545734644 1.148860616407478 -0.538755652308085 0 0 0 0 1
1685094180.579067945 1.1773381344692209 -0.5520692474814572 0 0 0 0 1
1685094180.612401247 1.2056343738796498 -0.5657639065361773 0 0 0 0 1
1685094180.645734549 1.2337442358215334 -0.5798371617745923 0 0 0 0 1
1685094180.679067850 1.2616626550617727 -0.5942864772782269 0 0 0 0 1
1685094180.712401390 1.289384600864126 -0.6091092493647401 0 0 0 0 1
1685094180.745734692 1.3175691723560954 -0.6244508970557344 0 0 0 0 1
1685094180.779067993 1.346000348826793 -0.6393305619898848 0 0 0 0 1
1685094180.812401295 1.3744964222351301 -0.6538825848993637 0 0 0 0 1
1685094180.845734596 1.403065799097865 -0.6682901619380741 0 0 0 0 1
1685094180.879067898 1.4316550328389628 -0.6828771883669995 0 0 0 0 1
1685094180.912401199 1.4599100348331926 -0.6971867245866179 0 0 0 0 1
1685094180.945734501 1.488174079333686 -0.7114783918437527 0 0 0 0 1
1685094180.979068041 1.516447155039796 -0.7257521844242509 0 0 0 0 1
1685094181.012401342 1.5447292506472659 -0.7400080966211062 0 0 0 0 1
1685094181.045734644 1.573020354848232 -0.7542461227344613 0 0 0 0 1
1685094181.079067945 1.6013204563312295 -0.7684662570716104 0 0 0 0 1
1685094181.112401247 1.6316273429445907 -0.7834109310418473 0 0 0 0 1
1685094181.145734549 1.6618653047816665 -0.7959703056714589 0 0 0 0 1
1685094181.179067850 1.6930183585215346 -0.8060479775170937 0 0 0 0 1
1685094181.212401390 1.7248832022836649 -0.8135781806459901 0 0 0 0 1
1685094181.245734692 1.756533952641778 -0.8210109243478874 0 0 0 0 1
1685094181.279067993 1.7863228506258848 -0.8295163744159401 0 0 0 0 1
1685094181.312401295 1.8180704704566832 -0.839241299865874 0 0 0 0 1
1685094181.345734596 1.8497712287327084 -0.8491179118686171 0 0 0 0 1
1685094181.379067898 1.8814244007172278 -0.8591459846269357 0 0 0 0 1
1685094181.412401199 1.9130292627614187 -0.86932528888093 0 0 0 0 1
1685094181.445734501 1.9453563401490386 -0.8792186751936701 0 0 0 0 1
1685094181.479068041 1.9780326451125199 -0.8878892068435672 0 0 0 0 1
1685094181.512401342 2.011657791737009 -0.8957035206974095 0 0 0 0 1
1685094181.545734644 2.045353599643468 -0.9032072874885444 0 0 0 0 1
1685094181.579067945 2.0763686592501656 -0.9135514956667958 0 0 0 0 1
1685094181.612401247 2.1060438273447617 -0.9272745042217526 0 0 0 0 1
1685094181.645734549 2.0969392372418074 -0.91881317499798 0 0 0 0 1
1685094181.679067850 2.0981542538890183 -0.9311829521876827 0 0 0 0 1
1685094181.712401390 2.1054385015717347 -0.9211118356223394 0 0 0 0 1
1685094181.745734692 2.0933101981915327 -0.9238306423998938 0 0 0 0 1
1685094181.779067993 2.1041966193462995 -0.929828432627714 0 0 0 0 1
1685094181.812401295 2.1000148464175967 -0.9181237144188609 0 0 0 0 1
1685094181.845734596 2.1242470050282596 -0.9349848463572038 0 0 0 0 1
1685094181.879067898 2.112635217375532 -0.9078433344486442 0 0 0 0 1
1685094181.912401199 2.1080963120618943 -0.9370134153489151 0 0 0 0 1
1685094181.945734501 2.0733192702592604 -0.9308259819277714 0 0 0 0 1
1685094181.979068041 2.0384942882398644 -0.9249143327304683 0 0 0 0 1
1685094182.012401342 2.0036235529553283 -0.9192788389988571 0 0 0 0 1
1685094182.045734644 1.9687092542305038 -0.9139198546326799 0 0 0 0 1
1685094182.079067945 1.9337535846259548 -0.9088377161673454 0 0 0 0 1
1685094182.112401247 1.8987587393002687 -0.9040327427527947 0 0 0 0 1
1685094182.145734549 1.8654279865116838 -0.8912359075230208 0 0 0 0 1
1685094182.179067850 1.8421505684507553 -0.8826984080205931 0 0 0 0 1
1685094182.212401390 1.821218455077834 -0.8694103036004595 0 0 0 0 1
1685094182.245734692 1.8365543609780588 -0.8846321521405077 0 0 0 0 1
1685094182.279067993 1.833492718335993 -0.8940482220616983 0 0 0 0 1
1685094182.312401295 1.8640835863408673 -0.9075955741293562 0 0 0 0 1
1685094182.345734596 1.894625774717759 -0.9212523190741503 0 0 0 0 1
1685094182.379067898 1.9251188922794795 -0.9350182819792217 0 0 0 0 1
1685094182.412401199 1.9555625484673436 -0.9488932865288371 0 0 0 0 1
1685094182.445734501 1.9859563533561713 -0.9628771550106479 0 0 0 0 1
1685094182.479068041 2.0102522526766116 -0.978481879069818 0 0 0 0 1
1685094182.512401342 2.0448293948243577 -0.9755449846821221 0 0 0 0 1
1685094182.545734644 2.0657730080327763 -0.9815476071563797 0 0 0 0 1
1685094182.579067945 2.0862690370756085 -0.9889353811288095 0 0 0 0 1
1685094182.612401247 2.1199892418387747 -0.9909463532879833 0 0 0 0 1
1685094182.645734549 2.153678185604048 -0.993426531966035 0 0 0 0 1
1685094182.679067850 2.18732933982139 -0.9963754365313747 0 0 0 0 1
1685094182.712401390 2.1566997537256705 -0.99384538722907 0 0 0 0 1
1685094182.745734692 2.1349607628720704 -0.9861218778054711 0 0 0 0 1
1685094182.779067993 2.1153303762865754 -0.998241458807031 0 0 0 0 1
1685094182.812401295 2.0903043427283188 -1.017999574860568 0 0 0 0 1
1685094182.845734596 2.064204343965358 -1.0384579465499715 0 0 0 0 1
1685094182.879067898 2.0382645043622687 -1.0589910888754601 0 0 0 0 1
1685094182.912401199 2.012042567230869 -1.0795585139665989 0 0 0 0 1
1685094182.945734501 1.9855078359557568 -1.0997207806536629 0 0 0 0 1
1685094182.979068041 1.9586665701004597 -1.1194731326424252 0 0 0 0 1
1685094183.012401342 1.9278906617394507 -1.131564802045542 0 0 0 0 1
1685094183.045734644 1.9016263333303194 -1.1425123920914007 0 0 0 0 1
1685094183.079067945 1.8714315642021229 -1.1557955394759056 0 0 0 0 1
1685094183.112401247 1.8412266156324015 -1.1697949445476128 0 0 0 0 1
1685094183.145734549 1.8689220962504647 -1.1659093662776125 0 0 0 0 1
1685094183.179067850 1.8623674472902936 -1.1930971198105311 0 0 0 0 1
1685094183.212401390 1.8934619917258104 -1.2025410143488224 0 0 0 0 1
1685094183.245734692 1.8845134182853276 -1.2220733752762043 0 0 0 0 1
1685094183.279067993 1.8551806051205806 -1.207196557099269 0 0 0 0 1
1685094183.312401295 1.8258030997726793 -1.192408189144636 0 0 0 0 1
1685094183.345734596 1.7964308256419226 -1.1774213106637625 0 0 0 0 1
1685094183.379067898 1.7874267485329638 -1.149904582951618 0 0 0 0 1
1685094183.412401199 1.805252958836493 -1.1727183931284102 0 0 0 0 1
1685094183.445734501 1.772891684429384 -1.1797821614207764 0 0 0 0 1
1685094183.479068041 1.738889932387195 -1.1824756165898265 0 0 0 0 1
1685094183.512401342 1.7050544332805013 -1.186780595438457 0 0 0 0 1
1685094183.545734644 1.6823463815825876 -1.2000965092852558 0 0 0 0 1
1685094183.579067945 1.6667384838354022 -1.221294686126765 0 0 0 0 1
1685094183.612401247 1.6532982675312031 -1.2508918191624498 0 0 0 0 1
1685094183.645734549 1.6401387175924667 -1.2802213426157403 0 0 0 0 1
1685094183.679067850 1.6494658218641693 -1.2890765740756742 0 0 0 0 1
1685094183.712401390 1.6470197927364059 -1.2806712374708507 0 0 0 0 1
1685094183.745734692 1.6412750998229144 -1.2849788433907756 0 0 0 0 1
1685094183.779067993 1.6482426923167723 -1.2867136691085996 0 0 0 0 1
1685094183.812401295 1.61752590336526 -1.2914379213701914 0 0 0 0 1
1685094183.845734596 1.5864632650664336 -1.2924137209598425 0 0 0 0 1
