1685094256.757044792 -9.468796003854637e-20 5.594930619900538e-19 0 0 0 0 1
1685094256.790378094 -0.0002709672748697132 -0.0200892384330755 0 0 0 0 1
1685094256.823711395 -0.0005598577972366484 -0.040501787902635936 0 0 0 0 1
1685094256.857044697 0.0002708673701070698 -0.060979708687225846 0 0 0 0 1
1685094256.890377998 0.0005357255465315444 -0.08254809727244788 0 0 0 0 1
1685094256.923711300 0.0007926611334518997 -0.10455114669442715 0 0 0 0 1
1685094256.957044840 0.0010908817676366547 -0.127027157718843 0 0 0 0 1
1685094256.990378141 0.0013828852094557509 -0.14983633040428093 0 0 0 0 1
1685094257.023711443 0.0017774627024211155 -0.1792729593688705 0 0 0 0 1
1685094257.057044744 0.0020954660080350056 -0.20376204420229913 0 0 0 0 1
1685094257.090378046 0.002317598138425597 -0.2286951215735933 0 0 0 0 1
1685094257.123711348 0.0027270843053737556 -0.25335213726322015 0 0 0 0 1
1685094257.157044649 0.0038587175122216477 -0.2858836120555704 0 0 0 0 1
1685094257.190378189 0.004812279727720027 -0.3118826608433151 0 0 0 0 1
1685094257.223711491 0.0063023547742024405 -0.3390016070938872 0 0 0 0 1
1685094257.257044792 0.00789258434134571 -0.36696619314362494 0 0 0 0 1
1685094257.290378094 0.009436588129491625 -0.39530860565474457 0 0 0 0 1
1685094257.323711395 0.010802595730632523 -0.42405281151475493 0 0 0 0 1
1685094257.357044697 0.012188744038183583 -0.4529329139075621 0 0 0 0 1
1685094257.390377998 0.013602170248019187 -0.48201084881558015 0 0 0 0 1
1685094257.423711300 0.01565934256649662 -0.5105786727981914 0 0 0 0 1
1685094257.457044840 0.016522479789432006 -0.5405191136156151 0 0 0 0 1
1685094257.490378141 0.017526594431770702 -0.5708028277146916 0 0 0 0 1
1685094257.523711443 0.01842285361759987 -0.6013519518867577 0 0 0 0 1
1685094257.557044744 0.01920321905802193 -0.6316116754007085 0 0 0 0 1
1685094257.590378046 0.0195319993310938 -0.6616001613334529 0 0 0 0 1
1685094257.623711348 0.02159896591300465 -0.6905882122406222 0 0 0 0 1
1685094257.657044649 0.024013593721110633 -0.7204420037683646 0 0 0 0 1
1685094257.690378189 0.027051737898669274 -0.7501447577653739 0 0 0 0 1
1685094257.723711491 0.029822358742037924 -0.779797032905649 0 0 0 0 1
1685094257.757044792 0.032726409926999024 -0.8091257482414801 0 0 0 0 1
1685094257.790378094 0.03410944904988887 -0.8354461210468133 0 0 0 0 1
1685094257.823711395 0.03337205548941048 -0.8651884788659289 0 0 0 0 1
1685094257.857044697 0.033073225455828 -0.8950716358103599 0 0 0 0 1
1685094257.890377998 0.032950509952955225 -0.9251086805534774 0 0 0 0 1
1685094257.923711300 0.033058519771535164 -0.9551200574191117 0 0 0 0 1
1685094257.957044840 0.03321963311036826 -0.985333045806952 0 0 0 0 1
1685094257.990378141 0.03326856488212859 -1.0155386521150238 0 0 0 0 1
1685094258.023711443 0.0331778569093661 -1.0457834782669861 0 0 0 0 1
1685094258.057044744 0.03301013613989468 -1.076228980749176 0 0 0 0 1
1685094258.090378046 0.03244959483563934 -1.1144543790850674 0 0 0 0 1
1685094258.123711348 0.03207775447210769 -1.1449993048941165 0 0 0 0 1
1685094258.157044649 0.03230495179257466 -1.175049265009454 0 0 0 0 1
1685094258.190378189 0.03229901132074921 -1.2055601657627875 0 0 0 0 1
1685094258.223711491 0.032530189534252796 -1.2361720293928637 0 0 0 0 1
1685094258.257044792 0.03243233103398614 -1.2740718412712364 0 0 0 0 1
1685094258.290378094 0.03247055023867217 -1.3041891310119147 0 0 0 0 1
1685094258.323711395 0.03196438290540112 -1.3342431283380813 0 0 0 0 1
1685094258.357044697 0.03145059547870146 -1.3642859766107778 0 0 0 0 1
1685094258.390377998 0.030856302116906504 -1.394271006547276 0 0 0 0 1
1685094258.423711300 0.03028555768515605 -1.4241062191420348 0 0 0 0 1
1685094258.457044840 0.02964417991608922 -1.4543030852186687 0 0 0 0 1
1685094258.490378141 0.028895407471678868 -1.4849460655471212 0 0 0 0 1
1685094258.523711443 0.028272500102597835 -1.515625924962304 0 0 0 0 1
1685094258.557044744 0.0280637890763112 -1.5462521840903996 0 0 0 0 1
1685094258.590378046 0.02834508516882176 -1.5769876170457613 0 0 0 0 1
1685094258.623711348 0.02850074743880184 -1.6078626327695182 0 0 0 0 1
1685094258.657044649 0.028780075649422945 -1.6388146219749629 0 0 0 0 1
1685094258.690378189 0.02837916172581693 -1.668278830378422 0 0 0 0 1
1685094258.723711491 0.026619182807462557 -1.699107355029692 0 0 0 0 1
1685094258.757044792 0.024916405361111647 -1.7303665138746658 0 0 0 0 1
1685094258.790378094 0.023453193924513904 -1.7615850474335586 0 0 0 0 1
1685094258.823711395 0.02199563148787234 -1.7924627604462633 0 0 0 0 1
1685094258.857044697 0.02038610639715231 -1.8224219931504195 0 0 0 0 1
1685094258.890377998 0.01915871368425237 -1.8539326485051413 0 0 0 0 1
1685094258.923711300 0.017563180764412486 -1.8930576220926114 0 0 0 0 1
1685094258.957044840 0.016786855361345276 -1.9242718726835988 0 0 0 0 1
1685094258.990378141 0.016024787360270895 -1.9555351611921892 0 0 0 0 1
1685094259.023711443 0.01525667471074915 -1.994588100475093 0 0 0 0 1
1685094259.057044744 0.014473431288489488 -2.0258515518229374 0 0 0 0 1
1685094259.090378046 0.003252721697068378 -2.0247257044017353 0 0 0 0 1
1685094259.123711348 0.03393186780450683 -2.0200409911545454 0 0 0 0 1
1685094259.157044649 0.06436637109591926 -2.0154393339991965 0 0 0 0 1
1685094259.190378189 0.09460277946253487 -2.0109624035465816 0 0 0 0 1
1685094259.223711491 0.12477555424307772 -2.0063571496216572 0 0 0 0 1
1685094259.257044792 0.1548818177593495 -2.0017966536425416 0 0 0 0 1
1685094259.290378094 0.1851474413118323 -1.9970431554093226 0 0 0 0 1
1685094259.323711395 0.21532401362086076 -1.9920408936759497 0 0 0 0 1
1685094259.357044697 0.2458268908724543 -1.9876447303504359 0 0 0 0 1
1685094259.390377998 0.2760482568754561 -1.9829329440846346 0 0 0 0 1
1685094259.423711300 0.30499671306415876 -1.9785667317745008 0 0 0 0 1
1685094259.457044840 0.33356009126828595 -1.9742112082472278 0 0 0 0 1
1685094259.490378141 0.3635881612683695 -1.9689165998557456 0 0 0 0 1
1685094259.523711443 0.3932379627338674 -1.9639857800849896 0 0 0 0 1
1685094259.557044744 0.42311007775297654 -1.959177974225622 0 0 0 0 1
1685094259.590378046 0.4531392961845036 -1.9543955495007572 0 0 0 0 1
1685094259.623711348 0.48300349220732214 -1.9495316618718077 0 0 0 0 1
1685094259.657044649 0.512139226621396 -1.9447658361842308 0 0 0 0 1
1685094259.690378189 0.5410759675474199 -1.939337629451916 0 0 0 0 1
1685094259.723711491 0.5699102670847925 -1.9338733607955367 0 0 0 0 1
1685094259.757044792 0.5981969948547212 -1.9292494229913302 0 0 0 0 1
1685094259.790378094 0.6268053281471521 -1.9243203598579557 0 0 0 0 1
1685094259.823711395 0.6554687112176578 -1.9194943821406703 0 0 0 0 1
1685094259.857044697 0.6843781320011634 -1.9147799718757161 0 0 0 0 1
1685094259.890377998 0.7131451366548525 -1.9103714930857572 0 0 0 0 1
1685094259.923711300 0.7404890657623754 -1.9068277295586784 0 0 0 0 1
1685094259.957044840 0.7657354567594674 -1.9045285293332643 0 0 0 0 1
1685094259.990378141 0.7936338237018925 -1.9016847894699398 0 0 0 0 1
1685094260.023711443 0.8347027066366243 -1.897460907136204 0 0 0 0 1
1685094260.057044744 0.8616404450754812 -1.8943358103031793 0 0 0 0 1
