1685094403.083260059 5.4272073020453e-19 7.254460619944356e-22 0 0 0 0 1
1685094403.116593361 0.000656912273054117 -0.014686354760683749 0 0 0 0 1
1685094403.149926662 0.0028156771666339414 -0.03108711460582008 0 0 0 0 1
1685094403.183259964 0.0008887748017276216 -0.046377009032731384 0 0 0 0 1
1685094403.216593504 -0.0012655574300492172 -0.06239675464295079 0 0 0 0 1
1685094403.249926805 -0.00469860731064505 -0.07958541631573027 0 0 0 0 1
1685094403.283260107 -0.008390303515375694 -0.09810940882277752 0 0 0 0 1
1685094403.316593409 -0.012318129007612814 -0.11689659516306741 0 0 0 0 1
1685094403.349926710 -0.009879949834775265 -0.1280879219578073 0 0 0 0 1
1685094403.383260012 -0.004074094789743193 -0.14719089399627386 0 0 0 0 1
1685094403.416593313 0.0021083305587172377 -0.16694057322449432 0 0 0 0 1
1685094403.449926853 0.008143182647448267 -0.18695129881031086 0 0 0 0 1
1685094403.483260155 0.01244960347022384 -0.15352905735384229 0 0 0 0 1
1685094403.516593456 0.024898450385589025 -0.1348399327813395 0 0 0 0 1
1685094403.549926758 0.034755579035750564 -0.11428441022399867 0 0 0 0 1
1685094403.583260059 0.04384201556093335 -0.0938194053032965 0 0 0 0 1
1685094403.616593361 0.04825874380290479 -0.0739163226771767 0 0 0 0 1
1685094403.649926662 0.05536111859072856 -0.051353472134564274 0 0 0 0 1
1685094403.683259964 0.06250761601857661 -0.02826725646043693 0 0 0 0 1
1685094403.716593504 0.06954298036832371 -0.005214218912571188 0 0 0 0 1
1685094403.749926805 0.07686135896867387 0.017750541621319376 0 0 0 0 1
1685094403.783260107 0.08472497155193409 0.04153212236901487 0 0 0 0 1
1685094403.816593409 0.09293346222084198 0.0658184935736243 0 0 0 0 1
1685094403.849926710 0.10106791430767667 0.09012976327713057 0 0 0 0 1
1685094403.883260012 0.09658871266655962 0.08091859398739044 0 0 0 0 1
1685094403.916593313 0.09381726286464159 0.07105817041527722 0 0 0 0 1
1685094403.949926853 0.09284174574255269 0.06086222742943483 0 0 0 0 1
1685094403.983260155 0.08726165753558332 0.0883488861172707 0 0 0 0 1
1685094404.016593456 0.0817611696315634 0.11585158458554598 0 0 0 0 1
1685094404.049926758 0.07657637482738047 0.1431622055191417 0 0 0 0 1
1685094404.083260059 0.07167524400069918 0.17100964867062168 0 0 0 0 1
1685094404.116593361 0.06731149557100614 0.1987968450466933 0 0 0 0 1
1685094404.149926662 0.0632846136297775 0.22663485511622625 0 0 0 0 1
1685094404.183259964 0.0595951889019552 0.2545195951719942 0 0 0 0 1
1685094404.216593504 0.055793532459345145 0.2813392433512283 0 0 0 0 1
1685094404.249926805 0.04886434179497904 0.2858119042814972 0 0 0 0 1
1685094404.283260107 0.055472255344926384 0.2727796859183328 0 0 0 0 1
1685094404.316593409 0.05569834911757732 0.2870026984569547 0 0 0 0 1
1685094404.349926710 0.050312905295674865 0.2738367499947678 0 0 0 0 1
1685094404.383260012 0.06562982699460738 0.27122133700169354 0 0 0 0 1
1685094404.416593313 0.0755941290682577 0.28314447248027547 0 0 0 0 1
1685094404.449926853 0.10331087770054462 0.2886604938754199 0 0 0 0 1
1685094404.483260155 0.1308379998387522 0.2939483234960082 0 0 0 0 1
1685094404.516593456 0.1468500152484623 0.29157358260872707 0 0 0 0 1
1685094404.549926758 0.17323513299034646 0.2881436692539597 0 0 0 0 1
1685094404.583260059 0.19964143131002077 0.2849477039118861 0 0 0 0 1
1685094404.616593361 0.22602510913791465 0.2815700820133798 0 0 0 0 1
1685094404.649926662 0.250305665435729 0.2775612626897635 0 0 0 0 1
1685094404.683259964 0.2727327601742972 0.2674300501222559 0 0 0 0 1
1685094404.716593504 0.2890727779236861 0.2653969108588615 0 0 0 0 1
1685094404.749926805 0.3134437580519684 0.27391786593050793 0 0 0 0 1
1685094404.783260107 0.33823129809642394 0.28266628295384105 0 0 0 0 1
1685094404.816593409 0.3579765004100943 0.2927245235577781 0 0 0 0 1
1685094404.849926710 0.3750217556483137 0.30688434320064156 0 0 0 0 1
1685094404.883260012 0.3885300535746056 0.32445042146498404 0 0 0 0 1
1685094404.916593313 0.3978380668592434 0.3445601730086375 0 0 0 0 1
1685094404.949926853 0.3997780436794696 0.3591865735995958 0 0 0 0 1
1685094404.983260155 0.40758568535291667 0.3823921611512127 0 0 0 0 1
1685094405.016593456 0.4030377031789276 0.3543310034689754 0 0 0 0 1
1685094405.049926758 0.3921154011576279 0.32780469757163555 0 0 0 0 1
1685094405.083260059 0.38000754259774644 0.3017981340328357 0 0 0 0 1
1685094405.116593361 0.3667387815616084 0.276364267504728 0 0 0 0 1
1685094405.149926662 0.3601137395956784 0.25272232766573116 0 0 0 0 1
1685094405.183259964 0.35778741887836873 0.22370936264016975 0 0 0 0 1
1685094405.216593504 0.3387415400352798 0.20847991831542406 0 0 0 0 1
1685094405.249926805 0.329783716264281 0.2311611631805958 0 0 0 0 1
1685094405.283260107 0.3491941263515362 0.2547802063756254 0 0 0 0 1
1685094405.316593409 0.36858205113933046 0.2780809816970588 0 0 0 0 1
1685094405.349926710 0.38802719126114876 0.30133403061112457 0 0 0 0 1
1685094405.383260012 0.4124617330694252 0.33029056523525363 0 0 0 0 1
1685094405.416593313 0.4375600491015594 0.35867369866287047 0 0 0 0 1
1685094405.449926853 0.46330868766916444 0.38646821867552095 0 0 0 0 1
1685094405.483260155 0.4896938485371187 0.4136592285278776 0 0 0 0 1
1685094405.516593456 0.5167013903199372 0.4402321549317968 0 0 0 0 1
1685094405.549926758 0.5443168380609854 0.46617275586701457 0 0 0 0 1
1685094405.583260059 0.5725253909904746 0.49146712821429767 0 0 0 0 1
1685094405.616593361 0.601311930458079 0.5161017152069559 0 0 0 0 1
1685094405.649926662 0.6306610280359246 0.5400633136967247 0 0 0 0 1
1685094405.683259964 0.6312425668310383 0.5329434628568638 0 0 0 0 1
1685094405.716593504 0.6186809141098829 0.5315241069302052 0 0 0 0 1
1685094405.749926805 0.6313189459022086 0.5318238447316583 0 0 0 0 1
1685094405.783260107 0.6187041289093949 0.5326460871358619 0 0 0 0 1
1685094405.816593409 0.631196320175987 0.5307083441982338 0 0 0 0 1
1685094405.849926710 0.6471829007726888 0.5028997295610621 0 0 0 0 1
1685094405.883260012 0.6639783674107834 0.475572049315161 0 0 0 0 1
1685094405.916593313 0.6815682637577705 0.4487488251667515 0 0 0 0 1
1685094405.949926853 0.6997954116145645 0.4262522688695834 0 0 0 0 1
1685094405.983260155 0.7198628231499331 0.4053806863111084 0 0 0 0 1
1685094406.016593456 0.7416262241893727 0.3862841332341364 0 0 0 0 1
1685094406.049926758 0.7649291472824685 0.36909990384954233 0 0 0 0 1
1685094406.083260059 0.7896040566218816 0.35395154376282567 0 0 0 0 1
1685094406.116593361 0.815473552538022 0.3409479617459397 0 0 0 0 1
1685094406.149926662 0.8423516469097234 0.3301826467402843 0 0 0 0 1
1685094406.183259964 0.8704035028586969 0.3132277231331477 0 0 0 0 1
1685094406.216593504 0.8983664746794116 0.2961266043492867 0 0 0 0 1
1685094406.249926805 0.9287292275982199 0.28310320987724663 0 0 0 0 1
1685094406.283260107 0.9591841700508624 0.27029688141866026 0 0 0 0 1
1685094406.316593409 0.9526456339944328 0.2648334449867286 0 0 0 0 1
1685094406.349926710 0.9582944498929216 0.2779692796793801 0 0 0 0 1
1685094406.383260012 0.9611989894057343 0.2639684609766686 0 0 0 0 1
1685094406.416593313 0.949668462563181 0.23335192174892902 0 0 0 0 1
1685094406.449926853 0.9397108276660091 0.20218830464813048 0 0 0 0 1
1685094406.483260155 0.9400287199261467 0.1839249960888669 0 0 0 0 1
1685094406.516593456 0.9574055001378299 0.18955500536903536 0 0 0 0 1
1685094406.549926758 0.9469527967732912 0.20453467450399587 0 0 0 0 1
1685094406.583260059 0.9298827144878659 0.19305552370200105 0 0 0 0 1
1685094406.616593361 0.9094592055152211 0.19059810765858798 0 0 0 0 1
1685094406.649926662 0.890153349939344 0.19770039974280365 0 0 0 0 1
1685094406.683259964 0.8741092632733654 0.2034919265236237 0 0 0 0 1
1685094406.716593504 0.8592077844816302 0.19158362485683264 0 0 0 0 1
1685094406.749926805 0.8536960019693517 0.20984511363253697 0 0 0 0 1
1685094406.783260107 0.8726974304005355 0.2081695730205454 0 0 0 0 1
1685094406.816593409 0.9046823115690537 0.20903215757242852 0 0 0 0 1
1685094406.849926710 0.9366719834103364 0.20969364903906146 0 0 0 0 1
1685094406.883260012 0.9686651816386433 0.2101540212771867 0 0 0 0 1
1685094406.916593313 1.0006606418288657 0.2104132560921176 0 0 0 0 1
1685094406.949926853 1.0326570994664983 0.21047134323845745 0 0 0 0 1
1685094406.983260155 1.0646532899976144 0.2103282804205043 0 0 0 0 1
1685094407.016593456 1.0491483689195589 0.22468712992967443 0 0 0 0 1
1685094407.049926758 1.0673329306886439 0.23545285564279106 0 0 0 0 1
1685094407.083260059 1.072465183104635 0.2149531209615255 0 0 0 0 1
1685094407.116593361 1.081306763337182 0.21218107572581982 0 0 0 0 1
1685094407.149926662 1.0930821968688937 0.19328185778761456 0 0 0 0 1
1685094407.183259964 1.1046934930848662 0.17428135585423166 0 0 0 0 1
1685094407.216593504 1.1038005810974356 0.155797539057373 0 0 0 0 1
1685094407.249926805 1.091152186005605 0.14228950897160245 0 0 0 0 1
1685094407.283260107 1.0727668836092226 0.14018488763019654 0 0 0 0 1
1685094407.316593409 1.042829267904931 0.12881443285473354 0 0 0 0 1
1685094407.349926710 1.012871122688395 0.11749817856969484 0 0 0 0 1
1685094407.383260012 0.9829691536889434 0.1055970014487327 0 0 0 0 1
1685094407.416593313 0.9532398294333306 0.09360793118718368 0 0 0 0 1
1685094407.449926853 0.9235835398702575 0.08143932338748522 0 0 0 0 1
1685094407.483260155 0.8940013692283448 0.0690916229317533 0 0 0 0 1
1685094407.516593456 0.864494399026439 0.05656528124969916 0 0 0 0 1
1685094407.549926758 0.8349164168455883 0.04473732985818492 0 0 0 0 1
1685094407.583260059 0.8176019475813653 0.03648826075608857 0 0 0 0 1
1685094407.616593361 0.8097375722895811 0.018995702674925695 0 0 0 0 1
1685094407.649926662 0.8089406756148126 0.027658538720895968 0 0 0 0 1
1685094407.683259964 0.840232798702155 0.02122163067087806 0 0 0 0 1
1685094407.716593504 0.8713466913273872 0.015580385587892409 0 0 0 0 1
1685094407.749926805 0.9024841543707459 0.010070725380197014 0 0 0 0 1
1685094407.783260107 0.9326198738523198 0.00509479921231203 0 0 0 0 1
1685094407.816593409 0.9629166945163827 0.0012187074241898376 0 0 0 0 1
1685094407.849926710 0.9933344903406998 -0.0015524163714053414 0 0 0 0 1
1685094407.883260012 1.0238329750798874 -0.003214902014615093 0 0 0 0 1
1685094407.916593313 1.042727397155839 -0.004917238695398379 0 0 0 0 1
1685094407.949926853 1.0738561665614883 -0.004645364661144624 0 0 0 0 1
1685094407.983260155 1.1039624270075785 -0.004180507555959825 0 0 0 0 1
1685094408.016593456 1.134063186490746 -0.0034407179152117448 0 0 0 0 1
1685094408.049926758 1.164155934359678 -0.0024260574434508612 0 0 0 0 1
1685094408.083260059 1.1942381606312955 -0.001136610771719362 0 0 0 0 1
1685094408.116593361 1.2243073562001092 0.00042751454950780817 0 0 0 0 1
1685094408.149926662 1.2499870560235795 0.0008014285371963389 0 0 0 0 1
1685094408.183259964 1.2791822376130442 -0.004483558273531283 0 0 0 0 1
1685094408.216593504 1.3084974731668482 -0.0008723200420123572 0 0 0 0 1
1685094408.249926805 1.3375690180443993 0.004022470660866938 0 0 0 0 1
1685094408.283260107 1.3664810914007202 0.009784910407293842 0 0 0 0 1
1685094408.316593409 1.3952078039806555 0.016409839232741755 0 0 0 0 1
1685094408.349926710 1.4237234325099672 0.023891324858655992 0 0 0 0 1
1685094408.383260012 1.4348052315295887 0.013784496157487764 0 0 0 0 1
1685094408.416593313 1.431076762970285 -0.0007431594726653893 0 0 0 0 1
1685094408.449926853 1.41649743365074 -0.004264155425275073 0 0 0 0 1
1685094408.483260155 1.4065496044924646 0.0069605918299555205 0 0 0 0 1
1685094408.516593456 1.3892388548850594 0.03100146706466941 0 0 0 0 1
1685094408.549926758 1.3718612650199704 0.055529327813422576 0 0 0 0 1
1685094408.583260059 1.3544146185275971 0.08000811676630239 0 0 0 0 1
1685094408.616593361 1.3644233084769357 0.12147962577044027 0 0 0 0 1
1685094408.649926662 1.4043193491873658 0.10636784661595348 0 0 0 0 1
1685094408.683259964 1.4040503582315758 0.09189764508769674 0 0 0 0 1
1685094408.716593504 1.4055621792065025 0.0775041227341367 0 0 0 0 1
1685094408.749926805 1.4088318801232023 0.06340560705630757 0 0 0 0 1
1685094408.783260107 1.4297620506106115 0.040969754627588166 0 0 0 0 1
1685094408.816593409 1.4205712904904169 0.010802882204893114 0 0 0 0 1
1685094408.849926710 1.389200576149615 0.014026008808351548 0 0 0 0 1
1685094408.883260012 1.3623509059526757 0.027350337515490854 0 0 0 0 1
1685094408.916593313 1.3384626963068427 0.05457714506368811 0 0 0 0 1
1685094408.949926853 1.3296554984651363 0.08971087352405625 0 0 0 0 1
1685094408.983260155 1.3378758128133341 0.12498653143948937 0 0 0 0 1
1685094409.016593456 1.3613068475252996 0.1526077591760784 0 0 0 0 1
1685094409.049926758 1.39477005217833 0.1664699214785207 0 0 0 0 1
1685094409.083260059 1.425574247751505 0.1725368445581226 0 0 0 0 1
1685094409.116593361 1.4561895247634578 0.17613972170642192 0 0 0 0 1
1685094409.149926662 1.4867989351746247 0.17979210511251348 0 0 0 0 1
1685094409.183259964 1.517402398931249 0.1834939852242038 0 0 0 0 1
1685094409.216593504 1.5479998359951266 0.18724535235984896 0 0 0 0 1
1685094409.249926805 1.5785911663438148 0.1910461967083802 0 0 0 0 1
1685094409.283260107 1.5769485842715592 0.17907366388277454 0 0 0 0 1
1685094409.316593409 1.5548459197512445 0.1580075228479404 0 0 0 0 1
1685094409.349926710 1.5530562234128065 0.15007623620451577 0 0 0 0 1
1685094409.383260012 1.5766856890281191 0.16913601682693624 0 0 0 0 1
1685094409.416593313 1.600574455874999 0.18786977515716607 0 0 0 0 1
1685094409.449926853 1.6247180260791134 0.20627398392687502 0 0 0 0 1
1685094409.483260155 1.6149318879906829 0.2230076292848932 0 0 0 0 1
1685094409.516593456 1.6013349905322751 0.20919069166618368 0 0 0 0 1
1685094409.549926758 1.6182235687551503 0.19967442605074448 0 0 0 0 1
1685094409.583260059 1.6477066732245094 0.1957755534201612 0 0 0 0 1
1685094409.616593361 1.6771985655489854 0.19194372043029986 0 0 0 0 1
1685094409.649926662 1.7066990932918653 0.18817894688701142 0 0 0 0 1
1685094409.683259964 1.7085836577860942 0.18443162744345548 0 0 0 0 1
1685094409.716593504 1.684108099102143 0.17645070706844712 0 0 0 0 1
1685094409.749926805 1.660425456350054 0.1691876577988897 0 0 0 0 1
