1685094160.879732609 1.1646071494119958e-19 -1.7005520717611915e-19 0 0 0 0 1
1685094160.913066149 -0.00032768224888758945 -0.010308150812285574 0 0 0 0 1
1685094160.946399450 0.0009851915646971175 -0.019562684055486397 0 0 0 0 1
1685094160.979732752 0.0019632514873117062 -0.03337010202949182 0 0 0 0 1
1685094161.013066053 0.0018971401117016398 -0.04465846415544277 0 0 0 0 1
1685094161.046399355 0.0008912123371027268 -0.05771019779170766 0 0 0 0 1
1685094161.079732656 -0.0005812070098704713 -0.07115381388596512 0 0 0 0 1
1685094161.113065958 -0.0019111900898799623 -0.08128248828736147 0 0 0 0 1
1685094161.146399260 0.0004989324573631207 -0.09271549036916524 0 0 0 0 1
1685094161.179732800 0.002553842272486239 -0.10852580455417847 0 0 0 0 1
1685094161.213066101 -0.001050036203153295 -0.1246831887676659 0 0 0 0 1
1685094161.246399403 -0.0018539997892477664 -0.1455888030431461 0 0 0 0 1
1685094161.279732704 -0.0007381787024145418 -0.15697664720078436 0 0 0 0 1
1685094161.313066006 0.0032426292677180234 -0.16851156671209416 0 0 0 0 1
1685094161.346399307 0.006674452548218072 -0.18637716166232124 0 0 0 0 1
1685094161.379732609 0.0029306066173902484 -0.19762376546133564 0 0 0 0 1
1685094161.413066149 -0.005109492095726507 -0.2225174282992782 0 0 0 0 1
1685094161.446399450 -0.00858925733987555 -0.23688136634125803 0 0 0 0 1
1685094161.479732752 -0.013260021783033859 -0.25626678255060054 0 0 0 0 1
1685094161.513066053 -0.014958502895717395 -0.2690243638583868 0 0 0 0 1
1685094161.546399355 -0.014940788897342872 -0.28811698443715067 0 0 0 0 1
1685094161.579732656 -0.011765269331326928 -0.2986338328162828 0 0 0 0 1
1685094161.613065958 -0.006972972378758874 -0.3177317328841015 0 0 0 0 1
1685094161.646399260 -0.0002520598804111049 -0.33534185541232475 0 0 0 0 1
1685094161.679732800 0.008510675971397368 -0.35115497461045253 0 0 0 0 1
1685094161.713066101 0.009570974366672322 -0.35885966915617384 0 0 0 0 1
1685094161.746399403 -0.004058420243913926 -0.3684293894223774 0 0 0 0 1
1685094161.779732704 -0.019773515827355044 -0.37661084752680646 0 0 0 0 1
1685094161.813066006 -0.031876743379616525 -0.3878621510459687 0 0 0 0 1
1685094161.846399307 -0.04512088019264193 -0.39512676396385205 0 0 0 0 1
1685094161.879732609 -0.055536802251062854 -0.3980381781611351 0 0 0 0 1
1685094161.913066149 -0.07364570981618519 -0.40163983173984263 0 0 0 0 1
1685094161.946399450 -0.08525098011931023 -0.4012370227345114 0 0 0 0 1
1685094161.979732752 -0.10140747334460842 -0.3995733710329534 0 0 0 0 1
1685094162.013066053 -0.11807417825003336 -0.39679659813993745 0 0 0 0 1
1685094162.046399355 -0.12541481341798713 -0.39577060359704797 0 0 0 0 1
1685094162.079732656 -0.13998190328916682 -0.38405106839619996 0 0 0 0 1
