1685094275.353913784 -1.4697481172889e-19 -1.3817756751990815e-19 0 0 0 0 1
1685094275.387247086 0.00033371232161729893 -0.013453496760895719 0 0 0 0 1
1685094275.420580387 0.0011689665578587124 -0.028116316815071322 0 0 0 0 1
1685094275.453913689 0.002044678652654122 -0.04345863493410894 0 0 0 0 1
1685094275.487246990 0.0024422022760724376 -0.05776396220553623 0 0 0 0 1
1685094275.520580292 0.003765168333005233 -0.07430168429165648 0 0 0 0 1
1685094275.553913832 0.005123984864992298 -0.09118926485019366 0 0 0 0 1
1685094275.587247133 0.006630594508207293 -0.10881870383269163 0 0 0 0 1
1685094275.620580435 0.008019777882313185 -0.12710921717876614 0 0 0 0 1
1685094275.653913736 0.009245743406340316 -0.14551181295456564 0 0 0 0 1
1685094275.687247038 0.013860798374427203 -0.16299779923294166 0 0 0 0 1
1685094275.720580339 0.011063076164904661 -0.18236531502537207 0 0 0 0 1
1685094275.753913641 0.0037914373020915453 -0.20378744864666365 0 0 0 0 1
1685094275.787246943 -0.0013506127480245867 -0.22383531747254418 0 0 0 0 1
1685094275.820580482 -0.006635316891687532 -0.24427460250860794 0 0 0 0 1
1685094275.853913784 -0.012310611839421432 -0.26506912997643356 0 0 0 0 1
1685094275.887247086 -0.018216283806617814 -0.2859291567055152 0 0 0 0 1
1685094275.920580387 -0.024173027104850534 -0.3067746570785236 0 0 0 0 1
1685094275.953913689 -0.030180806003927616 -0.32760550605838834 0 0 0 0 1
1685094275.987246990 -0.03614825782888209 -0.34983488875050744 0 0 0 0 1
1685094276.020580292 -0.041964462979681885 -0.3723540089781386 0 0 0 0 1
1685094276.053913832 -0.048068128909031366 -0.395319598386339 0 0 0 0 1
1685094276.087247133 -0.05421222759537986 -0.41827440367794533 0 0 0 0 1
1685094276.120580435 -0.06039673998529059 -0.4412183536679141 0 0 0 0 1
1685094276.153913736 -0.06662164689999997 -0.46415137720486516 0 0 0 0 1
1685094276.187247038 -0.06969962092915288 -0.4757728175426369 0 0 0 0 1
1685094276.220580339 -0.07430699735251207 -0.5005821084041248 0 0 0 0 1
1685094276.253913641 -0.07876250830488014 -0.525949647432576 0 0 0 0 1
1685094276.287246943 -0.08310898951303719 -0.55133609490586 0 0 0 0 1
1685094276.320580482 -0.08609792755408532 -0.5620882377085306 0 0 0 0 1
1685094276.353913784 -0.0805192517315747 -0.5876156339970056 0 0 0 0 1
1685094276.387247086 -0.07487154499706862 -0.6131278466380627 0 0 0 0 1
1685094276.420580387 -0.06915484867471236 -0.6386246889594065 0 0 0 0 1
1685094276.453913689 -0.07252585583100425 -0.6708510814314412 0 0 0 0 1
1685094276.487246990 -0.08423129504506886 -0.7010650972819571 0 0 0 0 1
1685094276.520580292 -0.10345157225567443 -0.7271512047906843 0 0 0 0 1
1685094276.553913832 -0.12884091779378423 -0.7472829010469827 0 0 0 0 1
1685094276.587247133 -0.14977595867778226 -0.7655509132450601 0 0 0 0 1
1685094276.620580435 -0.17062274212031156 -0.7839195775019968 0 0 0 0 1
1685094276.653913736 -0.16407774774095835 -0.7938233194968101 0 0 0 0 1
1685094276.687247038 -0.17983113472259663 -0.7770945239889895 0 0 0 0 1
1685094276.720580339 -0.1947279211778649 -0.7595985943525893 0 0 0 0 1
1685094276.753913641 -0.20873080293975194 -0.7413793434651806 0 0 0 0 1
1685094276.787246943 -0.22180471433543977 -0.7224823955276582 0 0 0 0 1
1685094276.820580482 -0.23391691599690048 -0.702955071813236 0 0 0 0 1
1685094276.853913784 -0.24434705670077636 -0.6757162328122543 0 0 0 0 1
1685094276.887247086 -0.2549011942871648 -0.648525198167879 0 0 0 0 1
1685094276.920580387 -0.2655791096636373 -0.6213825323364444 0 0 0 0 1
1685094276.953913689 -0.2763805811682727 -0.5942887987702009 0 0 0 0 1
1685094276.987246990 -0.28665582814765156 -0.5676333597796015 0 0 0 0 1
1685094277.020580292 -0.29305897423474353 -0.5400678248708988 0 0 0 0 1
1685094277.053913832 -0.2986533226614478 -0.5123268396631564 0 0 0 0 1
1685094277.087247133 -0.3034340888486446 -0.48443412969659155 0 0 0 0 1
1685094277.120580435 -0.31134741041639097 -0.4565857285240453 0 0 0 0 1
1685094277.153913736 -0.31922947860427003 -0.4287284654283414 0 0 0 0 1
1685094277.187247038 -0.327704437547272 -0.4003264754481423 0 0 0 0 1
1685094277.220580339 -0.33620007050420087 -0.3719306626479768 0 0 0 0 1
1685094277.253913641 -0.3447163729726759 -0.34354104207660696 0 0 0 0 1
1685094277.287246943 -0.3532533404393623 -0.3151576287795132 0 0 0 0 1
1685094277.320580482 -0.36181096837997356 -0.28678043779888646 0 0 0 0 1
1685094277.353913784 -0.37038925225927405 -0.25840948417361975 0 0 0 0 1
1685094277.387247086 -0.37894830129362506 -0.2297533978640068 0 0 0 0 1
1685094277.420580387 -0.38775604916910794 -0.2012404653445141 0 0 0 0 1
1685094277.453913689 -0.3965575312442943 -0.17248669158639224 0 0 0 0 1
1685094277.487246990 -0.4055851510570963 -0.1437544123668916 0 0 0 0 1
1685094277.520580292 -0.4145198864238587 -0.11499311384687046 0 0 0 0 1
1685094277.553913832 -0.423063060442895 -0.08667481679946017 0 0 0 0 1
1685094277.587247133 -0.4358360454704057 -0.09656413436825839 0 0 0 0 1
1685094277.620580435 -0.44495346474679487 -0.08322920226389126 0 0 0 0 1
1685094277.653913736 -0.4311031706670277 -0.07491553265333306 0 0 0 0 1
1685094277.687247038 -0.42362229422542824 -0.0892328032086825 0 0 0 0 1
1685094277.720580339 -0.43835652439116857 -0.09585475231091373 0 0 0 0 1
1685094277.753913641 -0.41484817011318686 -0.08286076038113645 0 0 0 0 1
1685094277.787246943 -0.4035957019215472 -0.058470834044094006 0 0 0 0 1
1685094277.820580482 -0.39559823026531926 -0.030717646603590134 0 0 0 0 1
1685094277.853913784 -0.38772868164658597 -0.002991203979365403 0 0 0 0 1
1685094277.887247086 -0.3799981710532118 0.023880725937215335 0 0 0 0 1
1685094277.920580387 -0.37259718703094974 0.050588097935879824 0 0 0 0 1
1685094277.953913689 -0.36529634337018785 0.07732301827265918 0 0 0 0 1
1685094277.987246990 -0.3580957426077046 0.10408511146867341 0 0 0 0 1
1685094278.020580292 -0.35089679807562685 0.12995362746742975 0 0 0 0 1
1685094278.053913832 -0.3433181825526496 0.15544906847974396 0 0 0 0 1
1685094278.087247133 -0.3357567832236895 0.18058607481577862 0 0 0 0 1
1685094278.120580435 -0.32817671406297366 0.20571745756461698 0 0 0 0 1
1685094278.153913736 -0.3205779792528867 0.23084320285974838 0 0 0 0 1
1685094278.187247038 -0.31379961059595013 0.2538024514367515 0 0 0 0 1
1685094278.220580339 -0.3070505718243014 0.2767703388565544 0 0 0 0 1
