1685094271.394342184 -8.421353866920097e-20 -1.5724856726284257e-18 0 0 0 0 1
1685094271.427675486 -0.00019369992475378256 -0.01856949101118747 0 0 0 0 1
1685094271.461008787 -0.0003200251087817274 -0.03809302440303452 0 0 0 0 1
1685094271.494342089 -5.133794009629181e-05 -0.058411045922173416 0 0 0 0 1
1685094271.527675629 0.00010625507486681013 -0.07923054397048733 0 0 0 0 1
1685094271.561008930 0.0003035499030706904 -0.1004997972158804 0 0 0 0 1
1685094271.594342232 -0.0003158393143970276 -0.12137759053001348 0 0 0 0 1
1685094271.627675533 -0.0006188516763414493 -0.14337252743081352 0 0 0 0 1
1685094271.661008835 -0.000904840976383729 -0.16568106366876056 0 0 0 0 1
1685094271.694342136 -0.001449991316413343 -0.18787688810337166 0 0 0 0 1
1685094271.727675438 -0.003626012705773156 -0.2111894836482491 0 0 0 0 1
1685094271.761008978 -0.005943316932934595 -0.23496424238161515 0 0 0 0 1
1685094271.794342279 -0.008124207807672585 -0.2593395794170727 0 0 0 0 1
1685094271.827675581 -0.010243904549878849 -0.28360458461121135 0 0 0 0 1
1685094271.861008883 -0.011759122734375045 -0.30866854946200917 0 0 0 0 1
1685094271.894342184 -0.01302092402981006 -0.3338437525497902 0 0 0 0 1
1685094271.927675486 -0.014047553343802659 -0.35905360308640133 0 0 0 0 1
1685094271.961008787 -0.014605597680139396 -0.38432299883847815 0 0 0 0 1
1685094271.994342089 -0.015169360457013583 -0.40961698241021954 0 0 0 0 1
1685094272.027675629 -0.01797780889822761 -0.433569058132207 0 0 0 0 1
1685094272.061008930 -0.020930558026604353 -0.459615473898338 0 0 0 0 1
1685094272.094342232 -0.023957567929663668 -0.48584611413346523 0 0 0 0 1
1685094272.127675533 -0.026714997557547273 -0.5113069523199815 0 0 0 0 1
1685094272.161008835 -0.03099208193026555 -0.537918759364834 0 0 0 0 1
1685094272.194342136 -0.035687256925187254 -0.5647009328184398 0 0 0 0 1
1685094272.227675438 -0.04135138001631259 -0.5909904847003684 0 0 0 0 1
1685094272.261008978 -0.04700413459297453 -0.6180955240908671 0 0 0 0 1
1685094272.294342279 -0.052672776714448595 -0.6455483162864052 0 0 0 0 1
1685094272.327675581 -0.05844447175601345 -0.672788670717915 0 0 0 0 1
1685094272.361008883 -0.06441996479026922 -0.7001274504279975 0 0 0 0 1
1685094272.394342184 -0.07033328753164411 -0.7279401799447162 0 0 0 0 1
1685094272.427675486 -0.07581079022830156 -0.7553935134299782 0 0 0 0 1
1685094272.461008787 -0.08160593318622998 -0.7819013935569891 0 0 0 0 1
1685094272.494342089 -0.08808696000119873 -0.8086213561648861 0 0 0 0 1
1685094272.527675629 -0.09444569413876173 -0.8354634950349145 0 0 0 0 1
1685094272.561008930 -0.10121029677982171 -0.8608617466495959 0 0 0 0 1
1685094272.594342232 -0.10788283788367271 -0.8881135802588727 0 0 0 0 1
1685094272.627675533 -0.1143935752612027 -0.915239010885385 0 0 0 0 1
1685094272.661008835 -0.12091513465514638 -0.9425003835577961 0 0 0 0 1
1685094272.694342136 -0.1273786850023232 -0.9699894885556313 0 0 0 0 1
1685094272.727675438 -0.13386350853497922 -0.9972815876616037 0 0 0 0 1
1685094272.761008978 -0.14030004907635546 -1.0244152789637708 0 0 0 0 1
1685094272.794342279 -0.14705054074193719 -1.051979890966336 0 0 0 0 1
1685094272.827675581 -0.15387234617779535 -1.0800183493497857 0 0 0 0 1
1685094272.861008883 -0.16079483653087492 -1.1080279523652266 0 0 0 0 1
1685094272.894342184 -0.16785600102167153 -1.13599793016503 0 0 0 0 1
1685094272.927675486 -0.17560933975811036 -1.1636821283428869 0 0 0 0 1
1685094272.961008787 -0.1825509202408105 -1.191416058677598 0 0 0 0 1
1685094272.994342089 -0.1893372294155826 -1.2187392271345274 0 0 0 0 1
1685094273.027675629 -0.19595432006102068 -1.245248706019157 0 0 0 0 1
1685094273.061008930 -0.20255883052076898 -1.2715891756919142 0 0 0 0 1
1685094273.094342232 -0.20982038347473267 -1.2965359408152914 0 0 0 0 1
1685094273.127675533 -0.2180238754919009 -1.3222261791432657 0 0 0 0 1
1685094273.161008835 -0.22621545430973514 -1.347794218049895 0 0 0 0 1
1685094273.194342136 -0.23389885080095046 -1.3737356199722643 0 0 0 0 1
1685094273.227675438 -0.24273368548850766 -1.3996456005604054 0 0 0 0 1
1685094273.261008978 -0.25179886013790587 -1.4239340588429306 0 0 0 0 1
1685094273.294342279 -0.2630400453222899 -1.4486708250612834 0 0 0 0 1
1685094273.327675581 -0.2742747467968759 -1.4734357033063825 0 0 0 0 1
1685094273.361008883 -0.2853435542302208 -1.4983927903736374 0 0 0 0 1
1685094273.394342184 -0.29651035191811226 -1.5238354628723296 0 0 0 0 1
1685094273.427675486 -0.3078219316814501 -1.549596283676962 0 0 0 0 1
1685094273.461008787 -0.3176650807064281 -1.5742854314883439 0 0 0 0 1
1685094273.494342089 -0.3293497858486871 -1.6002788942727475 0 0 0 0 1
1685094273.527675629 -0.340318238378855 -1.6260611137193413 0 0 0 0 1
1685094273.561008930 -0.352232405861738 -1.651849801224448 0 0 0 0 1
1685094273.594342232 -0.36455672254781385 -1.6776464907596218 0 0 0 0 1
1685094273.627675533 -0.3768045676511361 -1.70375336710033 0 0 0 0 1
1685094273.661008835 -0.3903902325798313 -1.7294983028329711 0 0 0 0 1
1685094273.694342136 -0.4033253574205019 -1.7551635700553312 0 0 0 0 1
1685094273.727675438 -0.4162812618927834 -1.7810968061096468 0 0 0 0 1
1685094273.761008978 -0.42918266230681335 -1.8070143428642171 0 0 0 0 1
1685094273.794342279 -0.4418969561911954 -1.83292805172467 0 0 0 0 1
1685094273.827675581 -0.454603202757108 -1.8589231357400713 0 0 0 0 1
1685094273.861008883 -0.4676575142085235 -1.8848481462342075 0 0 0 0 1
1685094273.894342184 -0.48091247073979804 -1.9112644142176358 0 0 0 0 1
1685094273.927675486 -0.4942159513518527 -1.9378527153023235 0 0 0 0 1
1685094273.961008787 -0.5060376353379137 -1.9621670371670945 0 0 0 0 1
1685094273.994342089 -0.5195273511757049 -1.9887688354037012 0 0 0 0 1
1685094274.027675629 -0.5331707962045156 -2.015536038377935 0 0 0 0 1
1685094274.061008930 -0.5464660961121544 -2.041871280508524 0 0 0 0 1
1685094274.094342232 -0.5595329836503161 -2.0678633604339645 0 0 0 0 1
1685094274.127675533 -0.5723337121969422 -2.0937402235441427 0 0 0 0 1
1685094274.161008835 -0.5851115344067288 -2.119527987447233 0 0 0 0 1
1685094274.194342136 -0.6007924160892073 -2.1519227058658084 0 0 0 0 1
1685094274.227675438 -0.6128481804392404 -2.1777511319627867 0 0 0 0 1
1685094274.261008978 -0.6246293587481195 -2.203664768981176 0 0 0 0 1
1685094274.294342279 -0.636452469793332 -2.2297586756558663 0 0 0 0 1
1685094274.327675581 -0.6482854968817214 -2.2554659100497574 0 0 0 0 1
1685094274.361008883 -0.662341841998431 -2.2872919127425027 0 0 0 0 1
1685094274.394342184 -0.673371359597637 -2.3128263314357196 0 0 0 0 1
1685094274.427675486 -0.6839451191554212 -2.337324997903928 0 0 0 0 1
1685094274.461008787 -0.6953783077439368 -2.3626202628817654 0 0 0 0 1
1685094274.494342089 -0.7067575570257897 -2.388249543528557 0 0 0 0 1
1685094274.527675629 -0.7179103602004789 -2.4141133015897616 0 0 0 0 1
1685094274.561008930 -0.7291257408306742 -2.439475998065763 0 0 0 0 1
1685094274.594342232 -0.7406999430080738 -2.464366339127492 0 0 0 0 1
1685094274.627675533 -0.7525990446122455 -2.4891171109649015 0 0 0 0 1
1685094274.661008835 -0.7673271250720507 -2.520067117936659 0 0 0 0 1
1685094274.694342136 -0.779254774811992 -2.5444449609553743 0 0 0 0 1
1685094274.727675438 -0.7911412195293563 -2.5683914192614776 0 0 0 0 1
1685094274.761008978 -0.8032567386758915 -2.5922320632762723 0 0 0 0 1
1685094274.794342279 -0.8165906234563071 -2.6151625038920723 0 0 0 0 1
1685094274.827675581 -0.8291101678151206 -2.636831871885477 0 0 0 0 1
1685094274.861008883 -0.8423276429263444 -2.6596162281721876 0 0 0 0 1
1685094274.894342184 -0.8584505127881731 -2.6873059847824186 0 0 0 0 1
1685094274.927675486 -0.8710853772352461 -2.7090409708794296 0 0 0 0 1
1685094274.961008787 -0.8826127234029681 -2.7308131504199515 0 0 0 0 1
