1685094313.173880816 9.458825706869844e-20 -8.542550010409948e-19 0 0 0 0 1
1685094313.207214117 0.0003367200847620456 -0.014314598618807598 0 0 0 0 1
1685094313.240547419 0.0007050949789514873 -0.029264024319828132 0 0 0 0 1
1685094313.273880720 0.0012285133390904702 -0.045076000983638405 0 0 0 0 1
1685094313.307214260 0.0016353758110041856 -0.0621665420372359 0 0 0 0 1
1685094313.340547562 0.0017113944582758708 -0.07991275129250847 0 0 0 0 1
1685094313.373880863 0.001698009629814552 -0.09827439213028027 0 0 0 0 1
1685094313.407214165 0.001221694912657412 -0.11534439946552973 0 0 0 0 1
1685094313.440547466 0.0012012508423735586 -0.13447940224283889 0 0 0 0 1
1685094313.473880768 0.0012497141728295116 -0.15400103767988377 0 0 0 0 1
1685094313.507214069 0.001425460885095508 -0.17397907166888663 0 0 0 0 1
1685094313.540547371 0.0018078947555510208 -0.1946988060777439 0 0 0 0 1
1685094313.573880911 0.00231607978913596 -0.21612743818448055 0 0 0 0 1
1685094313.607214212 0.0029153093109189707 -0.23755371760892674 0 0 0 0 1
1685094313.640547514 -0.002283822632493048 -0.2532091357088271 0 0 0 0 1
1685094313.673880816 0.006508963092608379 -0.27404241380114863 0 0 0 0 1
1685094313.707214117 0.015350695899095629 -0.29557079922227614 0 0 0 0 1
1685094313.740547419 0.02419752000331296 -0.31709709293789207 0 0 0 0 1
1685094313.773880720 0.033049434910421664 -0.33862129374394373 0 0 0 0 1
1685094313.807214260 0.041980507637210944 -0.3615425376947534 0 0 0 0 1
1685094313.840547562 0.0511339043615155 -0.3849774505711958 0 0 0 0 1
1685094313.873880863 0.04148945695808663 -0.3876119710007847 0 0 0 0 1
1685094313.907214165 0.03664050110432168 -0.3963551792643265 0 0 0 0 1
1685094313.940547466 0.03951286365237539 -0.4059314831966359 0 0 0 0 1
1685094313.973880768 0.0560321569640628 -0.41359809960170024 0 0 0 0 1
1685094314.007214069 0.030402633562859112 -0.41276370161645426 0 0 0 0 1
1685094314.040547371 0.004638220061052469 -0.411961627057652 0 0 0 0 1
1685094314.073880911 -0.006127973602546124 -0.4168701799116881 0 0 0 0 1
1685094314.107214212 -0.032008272968735714 -0.4155843945565372 0 0 0 0 1
1685094314.140547514 -0.05829265038488608 -0.41400131176461824 0 0 0 0 1
1685094314.173880816 -0.08510167448401372 -0.4127226725019896 0 0 0 0 1
1685094314.207214117 -0.11191445552170173 -0.4115253987085152 0 0 0 0 1
1685094314.240547419 -0.13873074655407514 -0.4104095014110045 0 0 0 0 1
1685094314.273880720 -0.16555030060493217 -0.40937499088679524 0 0 0 0 1
1685094314.307214260 -0.1923728706680189 -0.4084218766636583 0 0 0 0 1
1685094314.340547562 -0.21960849853988532 -0.40715712605352455 0 0 0 0 1
1685094314.373880863 -0.2468802460417555 -0.4057587401635488 0 0 0 0 1
1685094314.407214165 -0.2743552775997811 -0.4041608607238134 0 0 0 0 1
1685094314.440547466 -0.30182519695795923 -0.40247737972492387 0 0 0 0 1
1685094314.473880768 -0.3304111508221577 -0.40063857205294967 0 0 0 0 1
1685094314.507214069 -0.35899849992408767 -0.3988215846272966 0 0 0 0 1
1685094314.540547371 -0.3876569778143711 -0.3976210818776342 0 0 0 0 1
1685094314.573880911 -0.4163200889105711 -0.39653681985823697 0 0 0 0 1
1685094314.607214212 -0.4449873617343429 -0.3955688164040867 0 0 0 0 1
1685094314.640547514 -0.47428047716957505 -0.3945819469042247 0 0 0 0 1
1685094314.673880816 -0.5035782324360109 -0.39374405689973335 0 0 0 0 1
1685094314.707214117 -0.5332815915849398 -0.3933225354277664 0 0 0 0 1
1685094314.740547419 -0.562986840501773 -0.39306677798296297 0 0 0 0 1
1685094314.773880720 -0.592085959399289 -0.3925480070877191 0 0 0 0 1
1685094314.807214260 -0.621186166360268 -0.39209435669180415 0 0 0 0 1
1685094314.840547562 -0.6504082376364054 -0.3914627649675658 0 0 0 0 1
1685094314.873880863 -0.6797883879683587 -0.39073880692683877 0 0 0 0 1
1685094314.907214165 -0.7091682679858754 -0.390003960732567 0 0 0 0 1
1685094314.940547466 -0.738773524587911 -0.38961048498750084 0 0 0 0 1
1685094314.973880768 -0.768378080670179 -0.38916742651937486 0 0 0 0 1
1685094315.007214069 -0.7979818531918621 -0.38867478657096866 0 0 0 0 1
1685094315.040547371 -0.827584759114341 -0.38813256652413786 0 0 0 0 1
1685094315.073880911 -0.8571867154014273 -0.38754076789981035 0 0 0 0 1
1685094315.107214212 -0.8867876390195962 -0.38689939235798204 0 0 0 0 1
1685094315.140547514 -0.9162702217303501 -0.3861385885987294 0 0 0 0 1
1685094315.173880816 -0.9457546830612957 -0.38545444995743905 0 0 0 0 1
1685094315.207214117 -0.9751915050648584 -0.3851851838344598 0 0 0 0 1
1685094315.240547419 -1.006445128958143 -0.38667803625052877 0 0 0 0 1
1685094315.273880720 -1.0376975216182707 -0.3881964458844081 0 0 0 0 1
1685094315.307214260 -1.0689486621461841 -0.389740411720709 0 0 0 0 1
1685094315.340547562 -1.0985959850838587 -0.3895468313326238 0 0 0 0 1
1685094315.373880863 -1.128243675548795 -0.38942160820076743 0 0 0 0 1
1685094315.407214165 -1.1578915759312052 -0.38936474299083734 0 0 0 0 1
1685094315.440547466 -1.187539528620186 -0.38937623600513405 0 0 0 0 1
1685094315.473880768 -1.216992184267844 -0.389567652393261 0 0 0 0 1
1685094315.507214069 -1.2459341407624318 -0.3896270297926595 0 0 0 0 1
1685094315.540547371 -1.2748002246349561 -0.38950294269289215 0 0 0 0 1
1685094315.573880911 -1.3035952817600986 -0.38933017268792575 0 0 0 0 1
1685094315.607214212 -1.3323902107906613 -0.389137231143176 0 0 0 0 1
1685094315.640547514 -1.3610817304016962 -0.3887467460406716 0 0 0 0 1
1685094315.673880816 -1.3748835869746456 -0.38275201591638375 0 0 0 0 1
1685094315.707214117 -1.3994928670005569 -0.36892275111632117 0 0 0 0 1
1685094315.740547419 -1.4237421131436216 -0.35501997170362454 0 0 0 0 1
1685094315.773880720 -1.4480225673215785 -0.3410893331001145 0 0 0 0 1
1685094315.807214260 -1.4716806571325567 -0.3271012556995875 0 0 0 0 1
1685094315.840547562 -1.495177884569113 -0.31320196565874364 0 0 0 0 1
1685094315.873880863 -1.5185799927037142 -0.2991431145072032 0 0 0 0 1
1685094315.907214165 -1.5404092327421701 -0.29097129784922865 0 0 0 0 1
1685094315.940547466 -1.558395615303288 -0.2738097266925274 0 0 0 0 1
1685094315.973880768 -1.5763146261804877 -0.2573372204588474 0 0 0 0 1
1685094316.007214069 -1.5938401251470884 -0.24120394512101245 0 0 0 0 1
1685094316.040547371 -1.605646871480941 -0.23015224677012608 0 0 0 0 1
1685094316.073880911 -1.613485878055594 -0.21340587469813743 0 0 0 0 1
