1685094151.362309694 -1.1573593451560887e-20 1.9497739093190296e-19 0 0 0 0 1
1685094151.395642996 0.0005740472090750785 -0.015455626301046193 0 0 0 0 1
1685094151.428976297 0.0012367134717816402 -0.031925452901007983 0 0 0 0 1
1685094151.462309837 0.001982365443096968 -0.048935263341843324 0 0 0 0 1
1685094151.495643139 0.0026788483128520305 -0.06668857945839074 0 0 0 0 1
1685094151.528976440 0.0029175787379935704 -0.08504515439910981 0 0 0 0 1
1685094151.562309742 0.003068943801070367 -0.10406723397545864 0 0 0 0 1
1685094151.595643044 0.002757272247010035 -0.12337806969807567 0 0 0 0 1
1685094151.628976345 0.002155004313521862 -0.14309953354972663 0 0 0 0 1
1685094151.662309647 0.0017646884335459209 -0.1629399387141586 0 0 0 0 1
1685094151.695642948 0.0030504073136549603 -0.18033969052843543 0 0 0 0 1
1685094151.728976488 0.005754133964032407 -0.20072367741582173 0 0 0 0 1
1685094151.762309790 0.008258482780731172 -0.2217036969128586 0 0 0 0 1
1685094151.795643091 0.010664162150273758 -0.24406893703630173 0 0 0 0 1
1685094151.828976393 0.011988981421223144 -0.26655232133109297 0 0 0 0 1
1685094151.862309694 0.013568185994654293 -0.28931686440196436 0 0 0 0 1
1685094151.895642996 0.015825621420330484 -0.3116864735955451 0 0 0 0 1
1685094151.928976297 0.01831125976969026 -0.3340266364783692 0 0 0 0 1
1685094151.962309837 0.021206680846722118 -0.35677907372769824 0 0 0 0 1
1685094151.995643139 0.024318189709692923 -0.37964516402977716 0 0 0 0 1
1685094152.028976440 0.027461160116193383 -0.40260597112186136 0 0 0 0 1
1685094152.062309742 0.030380110827662947 -0.4257029008887513 0 0 0 0 1
1685094152.095643044 0.033198045754598206 -0.4494103340538902 0 0 0 0 1
1685094152.128976345 0.03578084183840089 -0.4737931115692614 0 0 0 0 1
1685094152.162309647 0.0383635896621225 -0.49817589419663305 0 0 0 0 1
1685094152.195642948 0.04094628922575294 -0.5225586819359097 0 0 0 0 1
1685094152.228976488 0.04352894052928208 -0.5469414747869958 0 0 0 0 1
1685094152.262309790 0.04610317749562047 -0.5720521585455968 0 0 0 0 1
1685094152.295643091 0.048656409346165545 -0.5972917433296369 0 0 0 0 1
1685094152.328976393 0.051335977291923074 -0.6229956694788213 0 0 0 0 1
1685094152.362309694 0.05403601768868191 -0.6487537288024818 0 0 0 0 1
1685094152.395642996 0.05681127598227743 -0.6745037924852996 0 0 0 0 1
1685094152.428976297 0.06014718548937234 -0.7005473608857736 0 0 0 0 1
1685094152.462309837 0.06362012393941059 -0.726931178997737 0 0 0 0 1
1685094152.495643139 0.0670716970162078 -0.7534343353167559 0 0 0 0 1
1685094152.528976440 0.07067431456497121 -0.779898489662016 0 0 0 0 1
1685094152.562309742 0.07435958831793593 -0.8063512603255613 0 0 0 0 1
1685094152.595643044 0.07774939351380855 -0.8329195322996636 0 0 0 0 1
1685094152.628976345 0.08119775220350953 -0.8594802679314756 0 0 0 0 1
1685094152.662309647 0.08460588165586018 -0.8861102301351867 0 0 0 0 1
1685094152.695642948 0.08582591349597299 -0.9052757268343073 0 0 0 0 1
1685094152.728976488 0.09936974440819722 -0.9300400379437647 0 0 0 0 1
1685094152.762309790 0.10691307911692007 -0.9462340950147945 0 0 0 0 1
1685094152.795643091 0.11291973546411774 -0.9671906822802927 0 0 0 0 1
1685094152.828976393 0.10966285560281096 -0.9946978716596109 0 0 0 0 1
1685094152.862309694 0.10644001442929238 -1.0222090699023434 0 0 0 0 1
1685094152.895642996 0.10374871313314582 -1.0503293429426916 0 0 0 0 1
1685094152.928976297 0.10052343390778447 -1.0784877124653836 0 0 0 0 1
1685094152.962309837 0.09787105645794729 -1.1068775733766452 0 0 0 0 1
1685094152.995643139 0.09534522011798702 -1.1353147395635383 0 0 0 0 1
1685094153.028976440 0.09301331207268945 -1.1637684647120232 0 0 0 0 1
1685094153.062309742 0.09531893943250952 -1.187439777092965 0 0 0 0 1
1685094153.095643044 0.08590101628769908 -1.214007373172318 0 0 0 0 1
1685094153.128976345 0.07642867406163778 -1.2405556154973678 0 0 0 0 1
1685094153.162309647 0.06653623601267424 -1.2673931860193408 0 0 0 0 1
1685094153.195642948 0.05675275739365643 -1.2942061745423432 0 0 0 0 1
1685094153.228976488 0.04752418153228268 -1.3122456428221898 0 0 0 0 1
1685094153.262309790 0.02803090077522475 -1.3067138227261235 0 0 0 0 1
1685094153.295643091 0.029653368670029618 -1.2865158865399917 0 0 0 0 1
1685094153.328976393 0.04977972223478871 -1.2841666482730132 0 0 0 0 1
1685094153.362309694 0.056010381789116354 -1.3034479321972439 0 0 0 0 1
1685094153.395642996 0.03831517718608291 -1.3133205591174466 0 0 0 0 1
1685094153.428976297 0.02518000328249853 -1.2978914880251442 0 0 0 0 1
1685094153.462309837 0.03774997770414517 -1.2819985722672387 0 0 0 0 1
1685094153.495643139 0.06401295450066152 -1.2910197861228172 0 0 0 0 1
1685094153.528976440 0.09019945372624179 -1.3002606469025888 0 0 0 0 1
1685094153.562309742 0.1163076384290797 -1.3097205063711508 0 0 0 0 1
1685094153.595643044 0.14233567715104004 -1.319398700930601 0 0 0 0 1
1685094153.628976345 0.16847906466369425 -1.3293142219473972 0 0 0 0 1
1685094153.662309647 0.19471965205048739 -1.3389695749325248 0 0 0 0 1
1685094153.695642948 0.22126676568358308 -1.3487752766096452 0 0 0 0 1
1685094153.728976488 0.23079803583798117 -1.3549579741582194 0 0 0 0 1
1685094153.762309790 0.23143038202154478 -1.3663012980995248 0 0 0 0 1
1685094153.795643091 0.21380475197970075 -1.38842719808039 0 0 0 0 1
1685094153.828976393 0.19597861303020492 -1.4101506447673895 0 0 0 0 1
1685094153.862309694 0.1779311913419699 -1.4316244048653863 0 0 0 0 1
1685094153.895642996 0.18033584383693022 -1.433549065952268 0 0 0 0 1
1685094153.928976297 0.17925777585858366 -1.4306638548066255 0 0 0 0 1
1685094153.962309837 0.17870442129849815 -1.4336937842862847 0 0 0 0 1
1685094153.995643139 0.19862305867135166 -1.4512468947438077 0 0 0 0 1
1685094154.028976440 0.2182993765979199 -1.4684939542019853 0 0 0 0 1
1685094154.062309742 0.23798583528418277 -1.4859513285375616 0 0 0 0 1
1685094154.095643044 0.257676574838394 -1.5034038742002032 0 0 0 0 1
1685094154.128976345 0.2773715940761824 -1.5208515901401627 0 0 0 0 1
1685094154.162309647 0.2966222025478814 -1.5381138754342414 0 0 0 0 1
1685094154.195642948 0.3158710023056978 -1.555378177562862 0 0 0 0 1
1685094154.228976488 0.33511799313833346 -1.5726444963365107 0 0 0 0 1
1685094154.262309790 0.3532752427013983 -1.5888276836768815 0 0 0 0 1
1685094154.295643091 0.37151135663383295 -1.604921950135227 0 0 0 0 1
1685094154.328976393 0.38891181777939887 -1.619650037808966 0 0 0 0 1
