1685094127.991952658 -1.4780475300270427e-19 2.3482890072020347e-18 0 0 0 0 1
1685094128.025285959 -0.00011790654685186694 -0.010497416146130402 0 0 0 0 1
1685094128.058619261 -0.00408440910093549 -0.02478116761527448 0 0 0 0 1
1685094128.091952562 -0.000347824764404652 -0.03661312731703377 0 0 0 0 1
1685094128.125286102 -0.0006355791444732397 -0.042408475491719395 0 0 0 0 1
1685094128.158619404 0.0008891586458479558 -0.053827576702584756 0 0 0 0 1
1685094128.191952705 -0.0004310119221938992 -0.07014619843901601 0 0 0 0 1
1685094128.225286007 0.0031198792168151425 -0.08397357235405808 0 0 0 0 1
1685094128.258619308 0.00702438630238814 -0.09615070428161092 0 0 0 0 1
1685094128.291952610 0.010128826542441115 -0.10530725453903719 0 0 0 0 1
1685094128.325285912 0.013639501126934394 -0.11740002196692052 0 0 0 0 1
1685094128.358619213 0.016447578111116565 -0.12889944463888836 0 0 0 0 1
1685094128.391952753 0.02030352858557183 -0.14496468103395424 0 0 0 0 1
1685094128.425286055 0.025363186889581554 -0.16030079359653848 0 0 0 0 1
1685094128.458619356 0.034234340521714986 -0.17390515535870552 0 0 0 0 1
1685094128.491952658 0.0434084586111492 -0.19318151088259156 0 0 0 0 1
1685094128.525285959 0.05447283421233989 -0.20870942182117452 0 0 0 0 1
1685094128.558619261 0.05695695281794322 -0.22090978791785704 0 0 0 0 1
1685094128.591952562 0.06250303026398786 -0.22776632842797637 0 0 0 0 1
1685094128.625286102 0.0724903575182685 -0.24502718466763168 0 0 0 0 1
1685094128.658619404 0.08072536395381892 -0.26061089676673316 0 0 0 0 1
1685094128.691952705 0.08090889042164343 -0.2677906590447926 0 0 0 0 1
1685094128.725286007 0.0725579616966704 -0.2783337060752777 0 0 0 0 1
1685094128.758619308 0.060062793052787264 -0.28861675821187854 0 0 0 0 1
1685094128.791952610 0.04629407804452534 -0.30127968888231976 0 0 0 0 1
1685094128.825285912 0.03147870876924719 -0.3153218117028901 0 0 0 0 1
1685094128.858619213 0.02086277939041838 -0.33033399495374516 0 0 0 0 1
1685094128.891952753 0.007786248924549649 -0.3469005941501184 0 0 0 0 1
1685094128.925286055 -0.002891958875616885 -0.3564567412972351 0 0 0 0 1
1685094128.958619356 -0.01801961507082548 -0.3696631716700828 0 0 0 0 1
1685094128.991952658 -0.031122945231387773 -0.3763173670302595 0 0 0 0 1
1685094129.025285959 -0.04256270151597794 -0.3796365955679625 0 0 0 0 1
1685094129.058619261 -0.05625489071510105 -0.39034237542886335 0 0 0 0 1
1685094129.091952562 -0.06296294489587419 -0.39550379522529017 0 0 0 0 1
1685094129.125286102 -0.07124763724738621 -0.41270902635709544 0 0 0 0 1
