1685094171.266101122 1.0178242679379581e-19 2.7756239006756483e-20 0 0 0 0 1
1685094171.299434423 -0.0019062314853669998 -0.0003036325064014198 0 0 0 0 1
1685094171.332767725 -0.01608657560595795 0.004447068044245704 0 0 0 0 1
1685094171.366101027 -0.03412381397814109 0.000907189988506453 0 0 0 0 1
1685094171.399434328 -0.040054353943612356 -0.003944079962050476 0 0 0 0 1
1685094171.432767868 -0.05778198399783627 -0.012436068204962666 0 0 0 0 1
1685094171.466101170 -0.07679349053996058 -0.021831899613308645 0 0 0 0 1
1685094171.499434471 -0.09667883767589901 -0.03171950235753315 0 0 0 0 1
1685094171.532767773 -0.11650233035880053 -0.041730539096818446 0 0 0 0 1
1685094171.566101074 -0.13379678468978556 -0.05554850592194375 0 0 0 0 1
1685094171.599434376 -0.15366352182686654 -0.06531309056814943 0 0 0 0 1
1685094171.632767677 -0.17333903331589784 -0.06421649194544105 0 0 0 0 1
1685094171.666101217 -0.1988697339917491 -0.05991247039531056 0 0 0 0 1
1685094171.699434519 -0.22464035160940507 -0.05561987941611364 0 0 0 0 1
1685094171.732767820 -0.2513074488917323 -0.05131496414622842 0 0 0 0 1
1685094171.766101122 -0.26831971051965176 -0.05266424140343283 0 0 0 0 1
1685094171.799434423 -0.29372037523816874 -0.04020769760915729 0 0 0 0 1
1685094171.832767725 -0.2817230507448468 -0.04107133394138471 0 0 0 0 1
1685094171.866101027 -0.2977512646479274 -0.06510969596499096 0 0 0 0 1
1685094171.899434328 -0.3134821242107597 -0.08347983609578405 0 0 0 0 1
1685094171.932767868 -0.3331903006407385 -0.09749803044510577 0 0 0 0 1
1685094171.966101170 -0.3557046526621286 -0.10633125998290546 0 0 0 0 1
1685094171.999434471 -0.38566139703786195 -0.11423261880987202 0 0 0 0 1
1685094172.032767773 -0.41566153901538255 -0.12226343220857012 0 0 0 0 1
1685094172.066101074 -0.44568788041486873 -0.13019572725336032 0 0 0 0 1
1685094172.099434376 -0.4757400977099162 -0.1380294184757249 0 0 0 0 1
1685094172.132767677 -0.48109249563334466 -0.14970988932431578 0 0 0 0 1
1685094172.166101217 -0.4602741874506615 -0.12782616259120258 0 0 0 0 1
1685094172.199434519 -0.440014150822959 -0.10542459195066708 0 0 0 0 1
1685094172.232767820 -0.4201211597470524 -0.08209359871608309 0 0 0 0 1
1685094172.266101122 -0.399659919754533 -0.05842232827538205 0 0 0 0 1
1685094172.299434423 -0.379210338226276 -0.03505379785649713 0 0 0 0 1
1685094172.332767725 -0.3587391208785991 -0.011521044318928407 0 0 0 0 1
1685094172.366101027 -0.3380759706960356 0.011843361371964102 0 0 0 0 1
1685094172.399434328 -0.31751435533604333 0.035705969850512845 0 0 0 0 1
1685094172.432767868 -0.3216600584588611 0.04033249616233326 0 0 0 0 1
1685094172.466101170 -0.31033883475554525 0.07431134741926068 0 0 0 0 1
1685094172.499434471 -0.3450207675929708 0.06537289265676283 0 0 0 0 1
1685094172.532767773 -0.3186862464465898 0.0410989264610269 0 0 0 0 1
1685094172.566101074 -0.3125968956222686 0.07639272542655709 0 0 0 0 1
1685094172.599434376 -0.31733155922427564 0.044348937438055146 0 0 0 0 1
1685094172.632767677 -0.3215750899606034 0.012452251710967612 0 0 0 0 1
1685094172.666101217 -0.32570360501544204 -0.01945952475046928 0 0 0 0 1
1685094172.699434519 -0.3297170507338149 -0.05138597721466301 0 0 0 0 1
1685094172.732767820 -0.3337119084111002 -0.08386011251017794 0 0 0 0 1
1685094172.766101122 -0.3380751588587289 -0.11628680516583495 0 0 0 0 1
1685094172.799434423 -0.3411626676362814 -0.13298041144199532 0 0 0 0 1
1685094172.832767725 -0.3450338744937682 -0.1495098687356112 0 0 0 0 1
1685094172.866101027 -0.3538173679369225 -0.1816351975286057 0 0 0 0 1
1685094172.899434328 -0.3330333301075019 -0.17542712446404912 0 0 0 0 1
1685094172.932767868 -0.34115212203820827 -0.19554183592744212 0 0 0 0 1
1685094172.966101170 -0.3518034712036982 -0.1766456680454488 0 0 0 0 1
1685094172.999434471 -0.33039122307090185 -0.18011438964990448 0 0 0 0 1
1685094173.032767773 -0.3464635103498772 -0.19468140654739402 0 0 0 0 1
1685094173.066101074 -0.34781668017335415 -0.1730322649686041 0 0 0 0 1
1685094173.099434376 -0.3300555642302447 -0.1854845402677244 0 0 0 0 1
1685094173.132767677 -0.32102992457348883 -0.1532244630059408 0 0 0 0 1
1685094173.166101217 -0.3119963100903895 -0.12100810981142826 0 0 0 0 1
1685094173.199434519 -0.29891845873892353 -0.12783988337035246 0 0 0 0 1
1685094173.232767820 -0.29627370768782396 -0.11332407757772887 0 0 0 0 1
1685094173.266101122 -0.3098662457723855 -0.14561345140806964 0 0 0 0 1
1685094173.299434423 -0.28359866945628986 -0.12243209708150267 0 0 0 0 1
1685094173.332767725 -0.3019779917017708 -0.150237582510855 0 0 0 0 1
1685094173.366101027 -0.3202375860091023 -0.17780192874141015 0 0 0 0 1
1685094173.399434328 -0.33854010918443206 -0.20528294182049622 0 0 0 0 1
1685094173.432767868 -0.35659911606304184 -0.23292458983566897 0 0 0 0 1
1685094173.466101170 -0.37441319689822233 -0.26072471498707855 0 0 0 0 1
1685094173.499434471 -0.39198096106301344 -0.28868114710361775 0 0 0 0 1
1685094173.532767773 -0.4090285657213668 -0.31660635111385504 0 0 0 0 1
1685094173.566101074 -0.4293961622818464 -0.3322738842498692 0 0 0 0 1
1685094173.599434376 -0.45291808426868524 -0.34261940358258686 0 0 0 0 1
1685094173.632767677 -0.47823092989704513 -0.3470432515019199 0 0 0 0 1
1685094173.666101217 -0.4592432388646356 -0.3115738632130349 0 0 0 0 1
1685094173.699434519 -0.4279959501606618 -0.31733188436559245 0 0 0 0 1
1685094173.732767820 -0.3962311000477244 -0.3228878452604163 0 0 0 0 1
1685094173.766101122 -0.3641067532157308 -0.3281444021618798 0 0 0 0 1
1685094173.799434423 -0.3319430206267003 -0.3331543278880628 0 0 0 0 1
1685094173.832767725 -0.2993054817257145 -0.3376164899888232 0 0 0 0 1
1685094173.866101027 -0.28441886280950923 -0.3452703631854174 0 0 0 0 1
1685094173.899434328 -0.26799026390104796 -0.34206188448504127 0 0 0 0 1
1685094173.932767868 -0.25707725825322986 -0.3293693864883288 0 0 0 0 1
1685094173.966101170 -0.2563679715667262 -0.3126454482541027 0 0 0 0 1
1685094173.999434471 -0.2661671068034389 -0.2990745180620165 0 0 0 0 1
1685094174.032767773 -0.282265046628773 -0.2944865412698146 0 0 0 0 1
1685094174.066101074 -0.3063588533584265 -0.30789813137483424 0 0 0 0 1
1685094174.099434376 -0.3368912586817078 -0.3202350334188106 0 0 0 0 1
1685094174.132767677 -0.36740317342096007 -0.33262252653939006 0 0 0 0 1
1685094174.166101217 -0.3991139495470522 -0.34019331186949164 0 0 0 0 1
1685094174.199434519 -0.4279613791095468 -0.357284839235933 0 0 0 0 1
1685094174.232767820 -0.4463357938892455 -0.3723396573355754 0 0 0 0 1
1685094174.266101122 -0.46168988872161587 -0.3904647349461213 0 0 0 0 1
1685094174.299434423 -0.4854094832110495 -0.36254296925917534 0 0 0 0 1
1685094174.332767725 -0.47334002104667616 -0.34276946530407926 0 0 0 0 1
1685094174.366101027 -0.476112666394176 -0.3197699911062541 0 0 0 0 1
1685094174.399434328 -0.4925355445015744 -0.30343131153081204 0 0 0 0 1
1685094174.432767868 -0.5076726571318845 -0.25916020236402776 0 0 0 0 1
1685094174.466101170 -0.5111621456372525 -0.23364329270534254 0 0 0 0 1
1685094174.499434471 -0.5246864686570226 -0.20404964209004584 0 0 0 0 1
1685094174.532767773 -0.5460390462208041 -0.1794984934149629 0 0 0 0 1
1685094174.566101074 -0.5734710706893313 -0.16200062201751986 0 0 0 0 1
1685094174.599434376 -0.6047358187427717 -0.15298912940873252 0 0 0 0 1
1685094174.632767677 -0.623758792050813 -0.19718784150778337 0 0 0 0 1
1685094174.666101217 -0.6460059957153071 -0.15452097387253574 0 0 0 0 1
1685094174.699434519 -0.6453276240457068 -0.1707118761917175 0 0 0 0 1
1685094174.732767820 -0.6457256068112452 -0.18691209581213422 0 0 0 0 1
1685094174.766101122 -0.6432797744964728 -0.18217093994436337 0 0 0 0 1
1685094174.799434423 -0.6769808021441334 -0.18467704335698856 0 0 0 0 1
1685094174.832767725 -0.7013115093862587 -0.1832007178296575 0 0 0 0 1
1685094174.866101027 -0.7223801181560918 -0.17094198312870393 0 0 0 0 1
1685094174.899434328 -0.7356867832162585 -0.15051906666358572 0 0 0 0 1
1685094174.932767868 -0.7433919822255284 -0.11711803539003429 0 0 0 0 1
1685094174.966101170 -0.7500992208089574 -0.08482286945457945 0 0 0 0 1
1685094174.999434471 -0.7567304792905898 -0.05248230452894385 0 0 0 0 1
1685094175.032767773 -0.7631899130752035 -0.02010698300248385 0 0 0 0 1
1685094175.066101074 -0.769477340024722 0.012302182230732846 0 0 0 0 1
1685094175.099434376 -0.8039832197475406 0.00867901695232345 0 0 0 0 1
1685094175.132767677 -0.775374457012529 -0.010950597329473085 0 0 0 0 1
1685094175.166101217 -0.7438741883321537 0.0009652365800097227 0 0 0 0 1
1685094175.199434519 -0.7123554352810032 0.012832090872315 0 0 0 0 1
1685094175.232767820 -0.6808182740171974 0.024649936873804915 0 0 0 0 1
1685094175.266101122 -0.6492627807433361 0.03641874602925915 0 0 0 0 1
1685094175.299434423 -0.6268803785072413 0.056074820619203644 0 0 0 0 1
1685094175.332767725 -0.6087529274880539 0.0797122637485009 0 0 0 0 1
1685094175.366101027 -0.594067120358051 0.10301686657636791 0 0 0 0 1
1685094175.399434328 -0.5699791318412313 0.1270305156063512 0 0 0 0 1
1685094175.432767868 -0.5449307573418248 0.15004063219578073 0 0 0 0 1
1685094175.466101170 -0.5189637717428937 0.17200884080336992 0 0 0 0 1
1685094175.499434471 -0.49212148195790195 0.19289850354885693 0 0 0 0 1
1685094175.532767773 -0.46568613570546796 0.21277767486759783 0 0 0 0 1
1685094175.566101074 -0.43884501223083444 0.23294473267092208 0 0 0 0 1
1685094175.599434376 -0.4120164091912541 0.25312844364704745 0 0 0 0 1
1685094175.632767677 -0.38520033691893685 0.27332880002283944 0 0 0 0 1
1685094175.666101217 -0.3588623167309045 0.29305165616680023 0 0 0 0 1
1685094175.699434519 -0.3466063224926934 0.31253493011547284 0 0 0 0 1
1685094175.732767820 -0.328721797306784 0.3003529215314712 0 0 0 0 1
1685094175.766101122 -0.3460044706782554 0.29804885926102365 0 0 0 0 1
1685094175.799434423 -0.36315858010386715 0.30116912072846536 0 0 0 0 1
1685094175.832767725 -0.3785228931336955 0.30941153463050347 0 0 0 0 1
1685094175.866101027 -0.3665490948851619 0.31086125731175346 0 0 0 0 1
1685094175.899434328 -0.385483768373335 0.28121877868505535 0 0 0 0 1
1685094175.932767868 -0.40370839489052573 0.2511345404938216 0 0 0 0 1
1685094175.966101170 -0.4212126730871107 0.22062554765474973 0 0 0 0 1
1685094175.999434471 -0.437986708785591 0.18970904517429296 0 0 0 0 1
1685094176.032767773 -0.4540210205732109 0.1584025084010347 0 0 0 0 1
1685094176.066101074 -0.46930654516126374 0.12672363314786306 0 0 0 0 1
1685094176.099434376 -0.4660097984911336 0.11477401124657866 0 0 0 0 1
1685094176.132767677 -0.47358556742322333 0.10496229746771953 0 0 0 0 1
1685094176.166101217 -0.4978945720121151 0.12613946547929752 0 0 0 0 1
1685094176.199434519 -0.5197307212890442 0.13666643122485234 0 0 0 0 1
1685094176.232767820 -0.5473867205932537 0.1517655417492579 0 0 0 0 1
1685094176.266101122 -0.5753659454057182 0.16640119534831244 0 0 0 0 1
1685094176.299434423 -0.6035154448886663 0.18070661586773315 0 0 0 0 1
1685094176.332767725 -0.6318313215392469 0.19467982261804836 0 0 0 0 1
1685094176.366101027 -0.6597998211136337 0.20805325862563256 0 0 0 0 1
1685094176.399434328 -0.6877037535654316 0.2210956022582281 0 0 0 0 1
1685094176.432767868 -0.7161664481006026 0.2344862477858522 0 0 0 0 1
1685094176.466101170 -0.7454452226887598 0.24857827416812847 0 0 0 0 1
1685094176.499434471 -0.7746075380667399 0.26290975039139775 0 0 0 0 1
1685094176.532767773 -0.8036514359887846 0.27747971409885946 0 0 0 0 1
1685094176.566101074 -0.8325749661608529 0.29228718691930916 0 0 0 0 1
1685094176.599434376 -0.8600719155674318 0.30610568665968474 0 0 0 0 1
1685094176.632767677 -0.8875194619493229 0.32024154064904864 0 0 0 0 1
1685094176.666101217 -0.9067335487300464 0.327904639736316 0 0 0 0 1
1685094176.699434519 -0.9361483441567038 0.3158642451967376 0 0 0 0 1
1685094176.732767820 -0.9656843074647142 0.3040970274922807 0 0 0 0 1
1685094176.766101122 -0.9952131613318133 0.2923119805966698 0 0 0 0 1
1685094176.799434423 -1.0247348949955268 0.2805091088052378 0 0 0 0 1
1685094176.832767725 -1.054554877467624 0.26871970016239566 0 0 0 0 1
1685094176.866101027 -1.0842260073507923 0.2565605241113518 0 0 0 0 1
1685094176.899434328 -1.1130899246227983 0.24405076513957658 0 0 0 0 1
1685094176.932767868 -1.1420124896064234 0.23167720362378363 0 0 0 0 1
1685094176.966101170 -1.1526829554382398 0.23669673094807875 0 0 0 0 1
1685094176.999434471 -1.1792958274070815 0.2298025299429246 0 0 0 0 1
1685094177.032767773 -1.206660638139404 0.22716774427543726 0 0 0 0 1
1685094177.066101074 -1.2341000144075083 0.22885759395716151 0 0 0 0 1
1685094177.099434376 -1.2609347372301056 0.23483024939371677 0 0 0 0 1
1685094177.132767677 -1.2908159477885155 0.24473435704166596 0 0 0 0 1
1685094177.166101217 -1.3210240649906158 0.2545150971431568 0 0 0 0 1
1685094177.199434519 -1.3517751150603012 0.2641615958759502 0 0 0 0 1
1685094177.232767820 -1.3824391076630755 0.27408135272010187 0 0 0 0 1
1685094177.266101122 -1.4130136146422734 0.28427358217047516 0 0 0 0 1
1685094177.299434423 -1.4434962149272321 0.294737477145938 0 0 0 0 1
1685094177.332767725 -1.4738844947250056 0.3054722090532716 0 0 0 0 1
1685094177.366101027 -1.5041760477115025 0.31647692785278403 0 0 0 0 1
1685094177.399434328 -1.5316258725188863 0.3266888375081202 0 0 0 0 1
1685094177.432767868 -1.5591038024243373 0.33682487957965607 0 0 0 0 1
1685094177.466101170 -1.5852261610644764 0.34671196615491473 0 0 0 0 1
