1685094185.577877760 1.5132825981900093e-18 -2.8902047714776755e-17 0 0 0 0 1
1685094185.611211061 0.00024462257959326813 -0.016568716538973894 0 0 0 0 1
1685094185.644544601 3.388400571506869e-05 -0.03355138918927452 0 0 0 0 1
1685094185.677877903 3.737718843095043e-05 -0.05167222046160982 0 0 0 0 1
1685094185.711211205 -0.00011080034380488629 -0.07022802263263407 0 0 0 0 1
1685094185.744544506 -0.00032115547395894706 -0.08910507334845812 0 0 0 0 1
1685094185.777877808 -0.0004831106711155852 -0.11297910473733423 0 0 0 0 1
1685094185.811211109 -0.0005709470003088643 -0.13232202846626806 0 0 0 0 1
1685094185.844544411 -0.0007129352148841835 -0.1522054980548885 0 0 0 0 1
1685094185.877877712 -0.0007994088132715391 -0.1726694346548284 0 0 0 0 1
1685094185.911211252 -0.0008858227438282872 -0.19372070263529947 0 0 0 0 1
1685094185.944544554 -0.0010518257127132944 -0.2151541821877946 0 0 0 0 1
1685094185.977877855 -0.0013066706605436205 -0.23714735907310536 0 0 0 0 1
1685094186.011211157 -0.0013694632233080854 -0.25853575626339387 0 0 0 0 1
1685094186.044544458 -0.0012457796943857074 -0.2819243429276281 0 0 0 0 1
1685094186.077877760 -0.0012316003979901261 -0.30566208057442157 0 0 0 0 1
1685094186.111211061 -0.0013613045661945598 -0.32977086293108515 0 0 0 0 1
1685094186.144544601 -0.0015223073915720023 -0.35432933600417593 0 0 0 0 1
1685094186.177877903 -0.0015788649513667904 -0.37914565361790115 0 0 0 0 1
1685094186.211211205 -0.0014265520580894761 -0.40482415168458963 0 0 0 0 1
1685094186.244544506 -0.001188262323751777 -0.43090600504581694 0 0 0 0 1
1685094186.277877808 -0.0009505696201922524 -0.45713840024046515 0 0 0 0 1
1685094186.311211109 -0.00040110614074734084 -0.4828288248797211 0 0 0 0 1
1685094186.344544411 0.0006025944948391865 -0.5084001558403399 0 0 0 0 1
1685094186.377877712 0.0018870844749266683 -0.5339979066793564 0 0 0 0 1
1685094186.411211252 0.0031349651513349376 -0.5595889646278 0 0 0 0 1
1685094186.444544554 0.004226652408990267 -0.5854436147675426 0 0 0 0 1
1685094186.477877855 0.005515677179050899 -0.6116627166125423 0 0 0 0 1
1685094186.511211157 0.006732338588368349 -0.638104975165417 0 0 0 0 1
1685094186.544544458 0.007647515400876019 -0.6642043315402953 0 0 0 0 1
1685094186.577877760 0.008100627024414955 -0.6902297940957776 0 0 0 0 1
1685094186.611211061 0.008325480057591669 -0.716370090930944 0 0 0 0 1
1685094186.644544601 0.00848222708804595 -0.7427477548781929 0 0 0 0 1
1685094186.677877903 0.008748603750882688 -0.7689716905185215 0 0 0 0 1
1685094186.711211205 0.009026218490297494 -0.7949680477315909 0 0 0 0 1
1685094186.744544506 0.009238053376099136 -0.8209474563509169 0 0 0 0 1
1685094186.777877808 0.009474549427040863 -0.8471286327069285 0 0 0 0 1
1685094186.811211109 0.009548112736784476 -0.8735114720814756 0 0 0 0 1
1685094186.844544411 0.009727707935780696 -0.8998587542682658 0 0 0 0 1
1685094186.877877712 0.009988644491431263 -0.925880162258835 0 0 0 0 1
1685094186.911211252 0.01061991404536612 -0.9519338625604672 0 0 0 0 1
1685094186.944544554 0.011066722712767183 -0.9780325811343118 0 0 0 0 1
1685094186.977877855 0.01152148070002717 -1.0043539583622647 0 0 0 0 1
1685094187.011211157 0.012121086238498495 -1.030515651874684 0 0 0 0 1
1685094187.044544458 0.012587059478612191 -1.0565363471195308 0 0 0 0 1
1685094187.077877760 0.01307430665431662 -1.0826332055246155 0 0 0 0 1
1685094187.111211061 0.01369402142707185 -1.1085802905691964 0 0 0 0 1
1685094187.144544601 0.014370895382327798 -1.134322240088365 0 0 0 0 1
1685094187.177877903 0.014989989203456068 -1.1596895061707297 0 0 0 0 1
1685094187.211211205 0.015849763707439443 -1.1848197751202607 0 0 0 0 1
1685094187.244544506 0.01777165589749687 -1.2077144804086264 0 0 0 0 1
1685094187.277877808 0.02065534927613441 -1.232443605657429 0 0 0 0 1
1685094187.311211109 0.02345842480586114 -1.257093427422924 0 0 0 0 1
1685094187.344544411 0.027064240111943555 -1.2816024847616139 0 0 0 0 1
1685094187.377877712 0.030666429203618506 -1.306527582235297 0 0 0 0 1
1685094187.411211252 0.03429879924815951 -1.331531919240128 0 0 0 0 1
1685094187.444544554 0.03809152895365129 -1.3565639707969548 0 0 0 0 1
1685094187.477877855 0.04175461960256799 -1.3814881754988066 0 0 0 0 1
1685094187.511211157 0.04525076287930618 -1.4062554475600646 0 0 0 0 1
1685094187.544544458 0.049624238142324265 -1.43761690811421 0 0 0 0 1
1685094187.577877760 0.053258450518512336 -1.462769656707368 0 0 0 0 1
1685094187.611211061 0.056994137145174206 -1.487930512229323 0 0 0 0 1
1685094187.644544601 0.06082566979396532 -1.5135515490311768 0 0 0 0 1
1685094187.677877903 0.06458707221851456 -1.539719481165768 0 0 0 0 1
1685094187.711211205 0.06841445257457336 -1.5662031937842442 0 0 0 0 1
1685094187.744544506 0.07223319362136432 -1.592480024908493 0 0 0 0 1
1685094187.777877808 0.07615324117474326 -1.6188407916498264 0 0 0 0 1
1685094187.811211109 0.08028028189945229 -1.6457243336245495 0 0 0 0 1
1685094187.844544411 0.08445923829491683 -1.6727819277659413 0 0 0 0 1
1685094187.877877712 0.08855943619918996 -1.6997639378465492 0 0 0 0 1
1685094187.911211252 0.09288260806843976 -1.7268994002321338 0 0 0 0 1
1685094187.944544554 0.0975001084220925 -1.754096963296286 0 0 0 0 1
1685094187.977877855 0.10228655945866591 -1.7814150838366913 0 0 0 0 1
1685094188.011211157 0.1070388547863778 -1.8083767596479956 0 0 0 0 1
1685094188.044544458 0.11156484836702114 -1.8346975020934027 0 0 0 0 1
1685094188.077877760 0.11632524422992797 -1.8608605439203354 0 0 0 0 1
1685094188.111211061 0.12128988397879997 -1.8873296413774396 0 0 0 0 1
1685094188.144544601 0.12629961498977837 -1.9140909869564062 0 0 0 0 1
1685094188.177877903 0.13129252020073484 -1.9410239960306093 0 0 0 0 1
1685094188.211211205 0.1362761631693107 -1.9683201650766464 0 0 0 0 1
1685094188.244544506 0.14151534611633 -1.9960298331954276 0 0 0 0 1
1685094188.277877808 0.14694957387575558 -2.0235061546827615 0 0 0 0 1
1685094188.311211109 0.1524580604661881 -2.0507358813395995 0 0 0 0 1
1685094188.344544411 0.1579949453863864 -2.0780751977408554 0 0 0 0 1
1685094188.377877712 0.16347724749361692 -2.1054273082340984 0 0 0 0 1
1685094188.411211252 0.169047705269651 -2.132402104230958 0 0 0 0 1
1685094188.444544554 0.17453817410892442 -2.1589772145809416 0 0 0 0 1
1685094188.477877855 0.18013472684344858 -2.1854044947890574 0 0 0 0 1
1685094188.511211157 0.18562760513329962 -2.2119219880511007 0 0 0 0 1
1685094188.544544458 0.1901103802621837 -2.2364614052953176 0 0 0 0 1
1685094188.577877760 0.19680299340791313 -2.2623578912131435 0 0 0 0 1
1685094188.611211061 0.2035297877443228 -2.2882597813500634 0 0 0 0 1
1685094188.644544601 0.21038120180189188 -2.3145071970742404 0 0 0 0 1
1685094188.677877903 0.21669947237634082 -2.341302350028064 0 0 0 0 1
1685094188.711211205 0.22278499292648438 -2.36808955355203 0 0 0 0 1
1685094188.744544506 0.22873444574254923 -2.395192855588786 0 0 0 0 1
1685094188.777877808 0.2346237757338878 -2.4228722601107657 0 0 0 0 1
1685094188.811211109 0.23967312180463896 -2.449875788228181 0 0 0 0 1
1685094188.844544411 0.24608661338886717 -2.476816773965213 0 0 0 0 1
1685094188.877877712 0.25134053242328164 -2.502787477710583 0 0 0 0 1
1685094188.911211252 0.25843300070588393 -2.529843532821989 0 0 0 0 1
1685094188.944544554 0.2659549725577988 -2.555967301279593 0 0 0 0 1
1685094188.977877855 0.27394739121000594 -2.582092457107381 0 0 0 0 1
1685094189.011211157 0.28198388009194153 -2.6079698293082285 0 0 0 0 1
1685094189.044544458 0.2900115358135664 -2.634300659882545 0 0 0 0 1
1685094189.077877760 0.29818806720154917 -2.6605459457865757 0 0 0 0 1
1685094189.111211061 0.3061886426112207 -2.6865498879474803 0 0 0 0 1
1685094189.144544601 0.3141307437624989 -2.7122241342305893 0 0 0 0 1
1685094189.177877903 0.3219858539100075 -2.7378572996440353 0 0 0 0 1
1685094189.211211205 0.32982546184208716 -2.7636831843856644 0 0 0 0 1
1685094189.244544506 0.33788786352333655 -2.789601744569752 0 0 0 0 1
1685094189.277877808 0.3456676956557739 -2.8139444256097037 0 0 0 0 1
1685094189.311211109 0.35455949377440854 -2.83920466528008 0 0 0 0 1
1685094189.344544411 0.3635423943725749 -2.8647232112851038 0 0 0 0 1
