1685094182.170780420 8.491135034055826e-19 -1.7510486519669825e-18 0 0 0 0 1
1685094182.204113722 -0.00020028160135835118 -0.015187959897666654 0 0 0 0 1
1685094182.237447023 -0.0005620926882782692 -0.03085570964026802 0 0 0 0 1
1685094182.270780325 -0.0013235998298544126 -0.04572778056773222 0 0 0 0 1
1685094182.304113626 -0.00240684664458804 -0.06050011042554593 0 0 0 0 1
1685094182.337446928 -0.0027036667852650327 -0.07740328076677244 0 0 0 0 1
1685094182.370780230 -0.0030325950890925774 -0.09492495875338769 0 0 0 0 1
1685094182.404113770 -0.003229317123752781 -0.11294302324724198 0 0 0 0 1
1685094182.437447071 -0.002956363707551012 -0.1317607175302462 0 0 0 0 1
1685094182.470780373 -0.0023669847991591125 -0.14522740183578686 0 0 0 0 1
1685094182.504113674 0.0008020988305553933 -0.16213545968108312 0 0 0 0 1
1685094182.537446976 0.00568616236689101 -0.18204546368108926 0 0 0 0 1
1685094182.570780277 0.010678182727565972 -0.2023212128694835 0 0 0 0 1
1685094182.604113579 0.015819549888098007 -0.22291265031881222 0 0 0 0 1
1685094182.637446880 0.022528254323826078 -0.24589580585391096 0 0 0 0 1
1685094182.670780420 0.024706951446147606 -0.2677423456623061 0 0 0 0 1
1685094182.704113722 0.026688090537573067 -0.29004353298766516 0 0 0 0 1
1685094182.737447023 0.028666230009587654 -0.31245394061328363 0 0 0 0 1
1685094182.770780325 0.03053379535181612 -0.3349516277480998 0 0 0 0 1
1685094182.804113626 0.03266789783681309 -0.3576080868056064 0 0 0 0 1
1685094182.837446928 0.03505323137888951 -0.3802931717437704 0 0 0 0 1
1685094182.870780230 0.0378849915616208 -0.4029502821590983 0 0 0 0 1
1685094182.904113770 0.044623774379538066 -0.41908060665370805 0 0 0 0 1
1685094182.937447071 0.050471194395214546 -0.4417765814648335 0 0 0 0 1
1685094182.970780373 0.056932585099290764 -0.4650656401624479 0 0 0 0 1
1685094183.004113674 0.05587152835265181 -0.5017033364710545 0 0 0 0 1
1685094183.037446976 0.04266071266331528 -0.5231637077329697 0 0 0 0 1
1685094183.070780277 0.02957676930596818 -0.5447016652057338 0 0 0 0 1
1685094183.104113579 0.016226856623992623 -0.5668402752241248 0 0 0 0 1
1685094183.137446880 0.0024509390106356482 -0.5889986689594672 0 0 0 0 1
1685094183.170780420 -0.01178135263578737 -0.6114202200978927 0 0 0 0 1
1685094183.204113722 -0.02595907193651452 -0.6338763185210751 0 0 0 0 1
1685094183.237447023 -0.040082135032337096 -0.6563668314043617 0 0 0 0 1
1685094183.270780325 -0.0541504583873301 -0.6788916257195429 0 0 0 0 1
1685094183.304113626 -0.06816395878934639 -0.7014505682356393 0 0 0 0 1
1685094183.337446928 -0.08233990574368968 -0.724324791196786 0 0 0 0 1
1685094183.370780230 -0.09616922421252545 -0.7473818496789555 0 0 0 0 1
1685094183.404113770 -0.10994117650036224 -0.7704940070127622 0 0 0 0 1
1685094183.437447071 -0.12380503544959975 -0.7937267578623373 0 0 0 0 1
1685094183.470780373 -0.13792657874056133 -0.8174149781359685 0 0 0 0 1
1685094183.504113674 -0.15204527503322296 -0.8411048953930245 0 0 0 0 1
1685094183.537446976 -0.16616112412365855 -0.8647965092913349 0 0 0 0 1
1685094183.570780277 -0.18060952845693168 -0.8894909320692231 0 0 0 0 1
1685094183.604113579 -0.1949742594412672 -0.9142341211898376 0 0 0 0 1
1685094183.637446880 -0.20908209161828728 -0.9388522140404657 0 0 0 0 1
1685094183.670780420 -0.22275299883232366 -0.9632925186522259 0 0 0 0 1
1685094183.704113722 -0.23619243478469784 -0.9880253250315261 0 0 0 0 1
1685094183.737447023 -0.2495957393575241 -1.0127777305033576 0 0 0 0 1
1685094183.770780325 -0.2637779744636169 -1.0374621572326965 0 0 0 0 1
1685094183.804113626 -0.2779617644539479 -1.0621456905508984 0 0 0 0 1
1685094183.837446928 -0.29204640190172515 -1.0876221164755302 0 0 0 0 1
1685094183.870780230 -0.3061287031715894 -1.1130998338158524 0 0 0 0 1
1685094183.904113770 -0.3204490174096068 -1.1389459758321716 0 0 0 0 1
1685094183.937447071 -0.33469697711056756 -1.164619391792026 0 0 0 0 1
1685094183.970780373 -0.3488894306852326 -1.1903235335637112 0 0 0 0 1
1685094184.004113674 -0.3630263118735314 -1.2160582811427305 0 0 0 0 1
1685094184.037446976 -0.377107554674843 -1.241823514381698 0 0 0 0 1
1685094184.070780277 -0.39113309334830526 -1.2676191129909011 0 0 0 0 1
1685094184.104113579 -0.4008281833234913 -1.294495600044474 0 0 0 0 1
1685094184.137446880 -0.375737498772996 -1.308163001946641 0 0 0 0 1
1685094184.170780420 -0.35451950967813006 -1.2883341410311553 0 0 0 0 1
1685094184.204113722 -0.3334394986425167 -1.2681003272622138 0 0 0 0 1
1685094184.237447023 -0.31725675988403207 -1.2506796951938668 0 0 0 0 1
1685094184.270780325 -0.3114837072082975 -1.227613891106663 0 0 0 0 1
1685094184.304113626 -0.31746327571663785 -1.1990302590182766 0 0 0 0 1
1685094184.337446928 -0.32373833498717286 -1.1703917806283093 0 0 0 0 1
1685094184.370780230 -0.3302963732031451 -1.1418167749747805 0 0 0 0 1
1685094184.404113770 -0.3369740132485837 -1.1133678745346125 0 0 0 0 1
1685094184.437447071 -0.3434573425553822 -1.0851817974523545 0 0 0 0 1
1685094184.470780373 -0.3498527619515514 -1.0568876431145349 0 0 0 0 1
1685094184.504113674 -0.3563406155830511 -1.0286145408050695 0 0 0 0 1
1685094184.537446976 -0.3629243528817067 -1.0008812210988978 0 0 0 0 1
1685094184.570780277 -0.3695136705567131 -0.973149226736424 0 0 0 0 1
1685094184.604113579 -0.37610856834127115 -0.9454185588405066 0 0 0 0 1
1685094184.637446880 -0.38270904596835587 -0.9176892185339506 0 0 0 0 1
1685094184.670780420 -0.3893151031707161 -0.8899612069395074 0 0 0 0 1
1685094184.704113722 -0.395808521776143 -0.862884822245824 0 0 0 0 1
1685094184.737447023 -0.40209345680298575 -0.8362033060832259 0 0 0 0 1
1685094184.770780325 -0.4084784917430139 -0.8101385758149026 0 0 0 0 1
1685094184.804113626 -0.41311684717869995 -0.8004234710413202 0 0 0 0 1
1685094184.837446928 -0.42244433752687627 -0.7756764620039063 0 0 0 0 1
1685094184.870780230 -0.4375888355026674 -0.7685266929922682 0 0 0 0 1
1685094184.904113770 -0.45331158397978194 -0.7479414638659595 0 0 0 0 1
1685094184.937447071 -0.4780613353815946 -0.754180279395042 0 0 0 0 1
1685094184.970780373 -0.5027675098446703 -0.7600769244810313 0 0 0 0 1
1685094185.004113674 -0.5272411415244971 -0.7657720567963705 0 0 0 0 1
1685094185.037446976 -0.5517517808513545 -0.771305748103061 0 0 0 0 1
1685094185.070780277 -0.5755904724101161 -0.7746767307124423 0 0 0 0 1
1685094185.104113579 -0.5948131940091135 -0.7788278647262041 0 0 0 0 1
