1685094260.707097054 1.0770589648395116e-19 4.5573315661029205e-20 0 0 0 0 1
1685094260.740430355 0.0005157444804444365 -0.014163973906370675 0 0 0 0 1
1685094260.773763657 0.0012326717695523943 -0.03334795329346499 0 0 0 0 1
1685094260.807096958 0.0017892283457674257 -0.050008404208540407 0 0 0 0 1
1685094260.840430260 0.002264519238179234 -0.06734496057119897 0 0 0 0 1
1685094260.873763561 0.002441060955294719 -0.0850438186752649 0 0 0 0 1
1685094260.907097101 0.0023486786410753923 -0.10261222617201327 0 0 0 0 1
1685094260.940430403 0.002261273807286062 -0.12045499549194669 0 0 0 0 1
1685094260.973763704 0.01346224966275678 -0.11254196355404726 0 0 0 0 1
1685094261.007097006 0.03312947001437414 -0.1143035066931221 0 0 0 0 1
1685094261.040430307 0.05329791279297809 -0.11614041351169195 0 0 0 0 1
1685094261.073763609 0.07429702109347554 -0.11774892950834166 0 0 0 0 1
1685094261.107096910 0.09555226237822868 -0.1191657549006284 0 0 0 0 1
1685094261.140430212 0.11735001242369875 -0.12040397517870899 0 0 0 0 1
1685094261.173763752 0.13960951692314527 -0.12177279692157178 0 0 0 0 1
1685094261.207097054 0.16249719948624416 -0.12305673560766209 0 0 0 0 1
1685094261.240430355 0.1856229594518487 -0.12420959291052593 0 0 0 0 1
1685094261.273763657 0.20866167634068872 -0.12557184232210952 0 0 0 0 1
1685094261.307096958 0.23156161081026314 -0.12681906424169206 0 0 0 0 1
1685094261.340430260 0.2553167768711951 -0.1263747116476901 0 0 0 0 1
1685094261.373763561 0.2789448782806135 -0.1288683410500861 0 0 0 0 1
1685094261.407097101 0.29390749409592004 -0.14401160386280615 0 0 0 0 1
1685094261.440430403 0.2740888911090969 -0.12837541574485742 0 0 0 0 1
1685094261.473763704 0.254041768179003 -0.11084894957154419 0 0 0 0 1
1685094261.507097006 0.23055824144846326 -0.09829553861696219 0 0 0 0 1
1685094261.540430307 0.2037878452264828 -0.0921072312186041 0 0 0 0 1
1685094261.573763609 0.1767727350162018 -0.08586889412315087 0 0 0 0 1
1685094261.607096910 0.14977884398733196 -0.0795393699300037 0 0 0 0 1
1685094261.640430212 0.12269016103173715 -0.07358231872737776 0 0 0 0 1
1685094261.673763752 0.095594384690815 -0.06765761554644446 0 0 0 0 1
1685094261.707097054 0.07608309818863211 -0.06134213155156901 0 0 0 0 1
1685094261.740430355 0.06661074138077698 -0.03785358079490401 0 0 0 0 1
1685094261.773763657 0.048925769174916006 -0.01635689148964442 0 0 0 0 1
1685094261.807096958 0.031224642585257582 0.005126497685851709 0 0 0 0 1
1685094261.840430260 0.013507371614270897 0.02659657459185205 0 0 0 0 1
1685094261.873763561 0.012975036278920193 0.033011268818330636 0 0 0 0 1
1685094261.907097101 0.01611442371181789 0.038630515162338404 0 0 0 0 1
1685094261.940430403 0.021856057436465202 0.04154003833641234 0 0 0 0 1
1685094261.973763704 0.028243969183117706 0.04074866835627687 0 0 0 0 1
1685094262.007097006 0.033102026985581824 0.036525996534266775 0 0 0 0 1
1685094262.040430307 0.03477526513724801 0.030310535407665682 0 0 0 0 1
1685094262.073763609 0.042647312493604345 0.0016523459641133514 0 0 0 0 1
1685094262.107096910 0.05103323267345872 -0.026749897414918893 0 0 0 0 1
1685094262.140430212 0.05947085717396532 -0.0551368236136661 0 0 0 0 1
1685094262.173763752 0.06835308045681267 -0.08295115705242888 0 0 0 0 1
1685094262.207097054 0.07725382113917562 -0.1113877961189484 0 0 0 0 1
1685094262.240430355 0.08631517746692928 -0.13935305210236346 0 0 0 0 1
1685094262.273763657 0.09599124436116317 -0.16720108868884218 0 0 0 0 1
1685094262.307096958 0.10576387513260092 -0.19501538537361732 0 0 0 0 1
1685094262.340430260 0.11563295213535499 -0.2227956073197656 0 0 0 0 1
1685094262.373763561 0.12559835656248886 -0.2505414201005657 0 0 0 0 1
1685094262.407097101 0.13565996844744732 -0.2782524897035241 0 0 0 0 1
1685094262.440430403 0.14605114176895428 -0.304621468035836 0 0 0 0 1
1685094262.473763704 0.15203115303369516 -0.31382960015946937 0 0 0 0 1
1685094262.507097006 0.16279693364928574 -0.3416296431969217 0 0 0 0 1
1685094262.540430307 0.1733520545760925 -0.36929347068599894 0 0 0 0 1
1685094262.573763609 0.18383857502067688 -0.39693615769740687 0 0 0 0 1
1685094262.607096910 0.1942327197198483 -0.42461371200081377 0 0 0 0 1
1685094262.640430212 0.203012759212956 -0.4409984780889169 0 0 0 0 1
1685094262.673763752 0.22546072364669284 -0.4604667641321819 0 0 0 0 1
1685094262.707097054 0.2479869974469 -0.4799912448756767 0 0 0 0 1
1685094262.740430355 0.2705120592190509 -0.49951712390290076 0 0 0 0 1
1685094262.773763657 0.2691118071848529 -0.48835784917925545 0 0 0 0 1
1685094262.807096958 0.2587621771961441 -0.4839561134745721 0 0 0 0 1
1685094262.840430260 0.26420513123386336 -0.45524347429649314 0 0 0 0 1
1685094262.873763561 0.26945211864830265 -0.42675920382254756 0 0 0 0 1
1685094262.907097101 0.2746118920734729 -0.3982590059361982 0 0 0 0 1
1685094262.940430403 0.27968440316467 -0.3697431476711932 0 0 0 0 1
1685094262.973763704 0.28466960439479755 -0.34121189620801157 0 0 0 0 1
1685094263.007097006 0.2832363302061226 -0.33492514742108004 0 0 0 0 1
1685094263.040430307 0.27681971702452146 -0.3342890967252936 0 0 0 0 1
1685094263.073763609 0.2559297814564248 -0.3538073836825776 0 0 0 0 1
1685094263.107096910 0.23494088334023516 -0.3734825319431371 0 0 0 0 1
1685094263.140430212 0.21393235416816384 -0.39313671738118094 0 0 0 0 1
1685094263.173763752 0.19290421487698048 -0.4127699204096573 0 0 0 0 1
1685094263.207097054 0.17185648642299758 -0.43238212146242505 0 0 0 0 1
1685094263.240430355 0.15313582116600255 -0.450251448445168 0 0 0 0 1
1685094263.273763657 0.17088970704400186 -0.4297226020390947 0 0 0 0 1
1685094263.307096958 0.1886279305022123 -0.4091802207973846 0 0 0 0 1
1685094263.340430260 0.2063504812222329 -0.38862431666962927 0 0 0 0 1
1685094263.373763561 0.22682413647211924 -0.37173999665880963 0 0 0 0 1
1685094263.407097101 0.24881054578678807 -0.3568790200096521 0 0 0 0 1
1685094263.440430403 0.2730793725118639 -0.336576654819713 0 0 0 0 1
1685094263.473763704 0.28646121677401887 -0.3281854372889443 0 0 0 0 1
1685094263.507097006 0.30478243414340017 -0.31126970877187793 0 0 0 0 1
1685094263.540430307 0.3230327705502606 -0.295084757219753 0 0 0 0 1
