1685094249.851356745 7.572286785429384e-20 5.44426356681266e-19 0 0 0 0 1
1685094249.884690046 0.00060234355215467 -0.015621847526996404 0 0 0 0 1
1685094249.918023348 0.0012790354424027594 -0.03229592275724827 0 0 0 0 1
1685094249.951356649 0.00211754655008042 -0.04986848007016633 0 0 0 0 1
1685094249.984689951 0.003091754195753232 -0.06826215448298391 0 0 0 0 1
1685094250.018023252 0.004175079029244018 -0.08664972491104125 0 0 0 0 1
1685094250.051356554 0.00504485993090078 -0.10635898086622556 0 0 0 0 1
1685094250.084690094 0.005998167616328335 -0.12606437336626877 0 0 0 0 1
1685094250.118023396 0.0069155820303575775 -0.14750103166778236 0 0 0 0 1
1685094250.151356697 0.007611181942103814 -0.16950835119887744 0 0 0 0 1
1685094250.184689999 0.008188706755892255 -0.19220661739862818 0 0 0 0 1
1685094250.218023300 0.008533276045880398 -0.21528381046975142 0 0 0 0 1
1685094250.251356602 0.008802615609881928 -0.23836200416502926 0 0 0 0 1
1685094250.284689903 0.008996722585741761 -0.2614409532424769 0 0 0 0 1
1685094250.318023443 0.00917047020913088 -0.2867866035633993 0 0 0 0 1
1685094250.351356745 0.009174619815342528 -0.3121328490685599 0 0 0 0 1
1685094250.384690046 0.009351522213123615 -0.3378543121015534 0 0 0 0 1
1685094250.418023348 0.009575487551750283 -0.3636793760314472 0 0 0 0 1
1685094250.451356649 0.01014270364300669 -0.38977177087834486 0 0 0 0 1
1685094250.484689951 0.013420580717757025 -0.41675481124973174 0 0 0 0 1
1685094250.518023252 0.01156523049585925 -0.44387282410752 0 0 0 0 1
1685094250.551356554 0.004642869007841081 -0.4701579883115014 0 0 0 0 1
1685094250.584690094 -0.009606074288306137 -0.49237358829945355 0 0 0 0 1
1685094250.618023396 -0.029146312907738333 -0.510114623854831 0 0 0 0 1
1685094250.651356697 -0.05263078982989859 -0.522158070685952 0 0 0 0 1
1685094250.684689999 -0.07844054173871738 -0.5276736825547061 0 0 0 0 1
1685094250.718023300 -0.1079603930996418 -0.5270451962841551 0 0 0 0 1
1685094250.751356602 -0.1368637383938304 -0.526481773496135 0 0 0 0 1
1685094250.784689903 -0.16576811475638584 -0.5259739925149033 0 0 0 0 1
1685094250.818023443 -0.19467341507140987 -0.5255218552222312 0 0 0 0 1
1685094250.851356745 -0.2235795322195802 -0.5251253632936812 0 0 0 0 1
1685094250.884690046 -0.2524863590785475 -0.5247845181986013 0 0 0 0 1
1685094250.918023348 -0.2813937885233323 -0.5244993212001196 0 0 0 0 1
1685094250.951356649 -0.310301713426722 -0.5242697733551394 0 0 0 0 1
1685094250.984689951 -0.34119579912116627 -0.5239193640425681 0 0 0 0 1
1685094251.018023252 -0.372089552585666 -0.5235407950835779 0 0 0 0 1
1685094251.051356554 -0.4029829481529939 -0.5231340667926921 0 0 0 0 1
1685094251.084690094 -0.43387596015621993 -0.5226991795078302 0 0 0 0 1
1685094251.118023396 -0.46572758038395684 -0.5219938249970815 0 0 0 0 1
1685094251.151356697 -0.49757810803901925 -0.5212407484990331 0 0 0 0 1
1685094251.184689999 -0.5294274716215345 -0.5204399517042343 0 0 0 0 1
1685094251.218023300 -0.5612755996342431 -0.5195914364103587 0 0 0 0 1
1685094251.251356602 -0.593122420582659 -0.5186952045222019 0 0 0 0 1
1685094251.284689903 -0.6249678629752305 -0.5177512580516761 0 0 0 0 1
1685094251.318023443 -0.6568118553235006 -0.5167595991178058 0 0 0 0 1
1685094251.351356745 -0.6889082625716582 -0.515984200649284 0 0 0 0 1
1685094251.384690046 -0.7210087454066471 -0.5154014461682667 0 0 0 0 1
1685094251.418023348 -0.7530557957184105 -0.5148975999714587 0 0 0 0 1
1685094251.451356649 -0.7851025193391965 -0.5143733864198583 0 0 0 0 1
1685094251.484689951 -0.8171489033246282 -0.513828805725207 0 0 0 0 1
1685094251.518023252 -0.8491949347304659 -0.5132638581074727 0 0 0 0 1
1685094251.551356554 -0.8812406006126124 -0.5126785437948502 0 0 0 0 1
1685094251.584690094 -0.916238208680219 -0.510297553313929 0 0 0 0 1
1685094251.618023396 -0.9459977152199643 -0.5022292102527313 0 0 0 0 1
1685094251.651356697 -0.9757812184503779 -0.4942499042323898 0 0 0 0 1
1685094251.684689999 -1.0055884519834533 -0.4863597066209842 0 0 0 0 1
1685094251.718023300 -1.035419149218936 -0.47855868798959533 0 0 0 0 1
1685094251.751356602 -1.0652730433467095 -0.4708469181116743 0 0 0 0 1
1685094251.784689903 -1.0951498673491804 -0.46322446596241795 0 0 0 0 1
1685094251.818023443 -1.125049354003667 -0.455691399718153 0 0 0 0 1
1685094251.851356745 -1.1549712358847903 -0.4482477867557249 0 0 0 0 1
1685094251.884690046 -1.1849152453668643 -0.4408936936518962 0 0 0 0 1
1685094251.918023348 -1.2148811146262908 -0.43362918618275065 0 0 0 0 1
1685094251.951356649 -1.2448685756439548 -0.4264543293231051 0 0 0 0 1
1685094251.984689951 -1.2748352224141948 -0.41915859014257406 0 0 0 0 1
1685094252.018023252 -1.3044211071556886 -0.4118781453474019 0 0 0 0 1
1685094252.051356554 -1.3343649185398276 -0.4047326942067955 0 0 0 0 1
1685094252.084690094 -1.3643136252763797 -0.3976077888025321 0 0 0 0 1
1685094252.118023396 -1.3937702451038243 -0.3904094693335767 0 0 0 0 1
1685094252.151356697 -1.4231973563824507 -0.38309145207266043 0 0 0 0 1
1685094252.184689999 -1.4525944727190927 -0.3756538579774117 0 0 0 0 1
1685094252.218023300 -1.4817526368387475 -0.3680433975952652 0 0 0 0 1
1685094252.251356602 -1.512536437428954 -0.36130851011712944 0 0 0 0 1
1685094252.284689903 -1.5436650523569877 -0.35640846718028046 0 0 0 0 1
1685094252.318023443 -1.5727475314578117 -0.3526264434935629 0 0 0 0 1
1685094252.351356745 -1.6013060853418084 -0.3493725741315309 0 0 0 0 1
1685094252.384690046 -1.6298754722905129 -0.34621523424714984 0 0 0 0 1
1685094252.418023348 -1.6574071974353024 -0.3430916722590667 0 0 0 0 1
1685094252.451356649 -1.684940796266735 -0.33998466979184033 0 0 0 0 1
1685094252.484689951 -1.7112225669206418 -0.33687092129068213 0 0 0 0 1
