1685093624.330067396 -1.0839937398754993e-20 4.351014130840649e-19 0 0 0 0 1
1685093624.363400698 -0.0002535119975404093 -0.007627556068183133 0 0 0 0 1
1685093624.396733999 -0.00041625348944131994 -0.015729026663453514 0 0 0 0 1
1685093624.430067301 -0.00044032914903090306 -0.024428052928907002 0 0 0 0 1
1685093624.463400602 -0.0002552146997621043 -0.033483932195723015 0 0 0 0 1
1685093624.496733904 -1.0931891240988071e-05 -0.04291467834369122 0 0 0 0 1
1685093624.530067444 0.0002776540955723322 -0.052802608346506526 0 0 0 0 1
1685093624.563400745 0.0007206363416308841 -0.0635561990623122 0 0 0 0 1
1685093624.596734047 0.0012224839387857747 -0.07492964471655776 0 0 0 0 1
1685093624.630067348 0.0017177845439757108 -0.08683553495750486 0 0 0 0 1
1685093624.663400650 0.0021588216525579235 -0.09908584426301491 0 0 0 0 1
1685093624.696733952 0.0026745805513125357 -0.11179176534531708 0 0 0 0 1
1685093624.730067253 0.0031876071722692087 -0.12478789596859308 0 0 0 0 1
1685093624.763400555 0.003791995723784726 -0.13812151983842733 0 0 0 0 1
1685093624.796734095 0.004416283843046785 -0.15185870794990355 0 0 0 0 1
1685093624.830067396 0.0028837485882786604 -0.16581957194734173 0 0 0 0 1
1685093624.863400698 0.0021628899728222428 -0.1804245908248133 0 0 0 0 1
1685093624.896733999 0.0014219740010172712 -0.19561290245876342 0 0 0 0 1
1685093624.930067301 0.0006330909075919385 -0.21130978528358885 0 0 0 0 1
1685093624.963400602 -0.000127832882750033 -0.22752550154132217 0 0 0 0 1
1685093624.996733904 -0.0007328661441859069 -0.24422999210603608 0 0 0 0 1
1685093625.030067444 -0.0012681659593124551 -0.26124300367454084 0 0 0 0 1
1685093625.063400745 -0.0017389160870126437 -0.2786140888338711 0 0 0 0 1
1685093625.096734047 -0.0022357407151104777 -0.2963285416379265 0 0 0 0 1
1685093625.130067348 -0.0026646732999088514 -0.31438721400456526 0 0 0 0 1
1685093625.163400650 -0.0032397417974181623 -0.33277457957971585 0 0 0 0 1
1685093625.196733952 -0.0040198237501101654 -0.35140158051691256 0 0 0 0 1
1685093625.230067253 -0.005071509095684697 -0.3703242561769212 0 0 0 0 1
1685093625.263400555 -0.006263419676169139 -0.38941536582980835 0 0 0 0 1
1685093625.296734095 -0.007337990625601736 -0.40887934822463806 0 0 0 0 1
1685093625.330067396 -0.008448337972190592 -0.4286633436213872 0 0 0 0 1
1685093625.363400698 -0.00982048000052468 -0.44824120236084947 0 0 0 0 1
1685093625.396733999 -0.011135417945150577 -0.46790232732722 0 0 0 0 1
1685093625.430067301 -0.01245617543932197 -0.48767245003085785 0 0 0 0 1
1685093625.463400602 -0.013667253296611961 -0.5073982665932864 0 0 0 0 1
1685093625.496733904 -0.014797608279119842 -0.5272874282162187 0 0 0 0 1
1685093625.530067444 -0.013640566649087306 -0.5479404451603197 0 0 0 0 1
1685093625.563400745 -0.012881082152763526 -0.567784110588809 0 0 0 0 1
1685093625.596734047 -0.012097466014322983 -0.5875355934982543 0 0 0 0 1
1685093625.630067348 -0.010175437231045012 -0.6051448900988912 0 0 0 0 1
1685093625.663400650 -0.00923605759998658 -0.6251367457561819 0 0 0 0 1
1685093625.696733952 -0.008326185560775969 -0.6453338691672674 0 0 0 0 1
1685093625.730067253 -0.007320475892880904 -0.6657287822149178 0 0 0 0 1
1685093625.763400555 -0.006251491941645045 -0.6860592421218249 0 0 0 0 1
1685093625.796734095 -0.00528336940542562 -0.7064437757052381 0 0 0 0 1
1685093625.830067396 -0.004231222177441297 -0.7238939166620109 0 0 0 0 1
1685093625.863400698 -0.0016778935813764248 -0.7446235825302199 0 0 0 0 1
1685093625.896733999 0.0010356586889135513 -0.7657472876586525 0 0 0 0 1
1685093625.930067301 0.003624649894107566 -0.7868017286294552 0 0 0 0 1
1685093625.963400602 0.006096693476940049 -0.8079066666791697 0 0 0 0 1
1685093625.996733904 0.008339156638579792 -0.8293017559816835 0 0 0 0 1
1685093626.030067444 0.010400886008905878 -0.8506516439643076 0 0 0 0 1
1685093626.063400745 0.012523717335248713 -0.8720921076056882 0 0 0 0 1
1685093626.096734047 0.014721974217236622 -0.8936316835318627 0 0 0 0 1
1685093626.130067348 0.016726271696363898 -0.915155275466291 0 0 0 0 1
1685093626.163400650 0.01869781800922289 -0.9362008968838901 0 0 0 0 1
1685093626.196733952 0.020747479343496595 -0.957268309408706 0 0 0 0 1
1685093626.230067253 0.022619764231469205 -0.976260847243291 0 0 0 0 1
1685093626.263400555 0.02487819092136754 -0.9982042811203214 0 0 0 0 1
1685093626.296734095 0.027082751696707427 -1.020076907575187 0 0 0 0 1
1685093626.330067396 0.029447486121777444 -1.0418290730152493 0 0 0 0 1
1685093626.363400698 0.03213783670143471 -1.0635059971214242 0 0 0 0 1
1685093626.396733999 0.03513071943537051 -1.0850438778625784 0 0 0 0 1
1685093626.430067301 0.038307754532866924 -1.1065837673792063 0 0 0 0 1
1685093626.463400602 0.041289249332723425 -1.1279263591818032 0 0 0 0 1
1685093626.496733904 0.044413254943660545 -1.149361197113338 0 0 0 0 1
1685093626.530067444 0.047529181284492884 -1.1707311387875792 0 0 0 0 1
1685093626.563400745 0.05039730458196829 -1.1919834939314429 0 0 0 0 1
1685093626.596734047 0.052553354313393606 -1.2135033842412926 0 0 0 0 1
1685093626.630067348 0.0555344863854443 -1.2347566024083128 0 0 0 0 1
1685093626.663400650 0.05846636657622647 -1.2557173598470865 0 0 0 0 1
1685093626.696733952 0.061341538482830214 -1.2763756275702551 0 0 0 0 1
1685093626.730067253 0.06415730358847026 -1.2969974586423862 0 0 0 0 1
1685093626.763400555 0.06737050962465563 -1.3165406561676105 0 0 0 0 1
1685093626.796734095 0.07097379800769452 -1.3371722668047306 0 0 0 0 1
1685093626.830067396 0.07451137703454411 -1.3577777040434704 0 0 0 0 1
1685093626.863400698 0.07862688146294092 -1.3833811764607546 0 0 0 0 1
1685093626.896733999 0.08217200262427722 -1.4036147447903258 0 0 0 0 1
1685093626.930067301 0.0855856207308105 -1.4238396672223905 0 0 0 0 1
1685093626.963400602 0.08852685698249271 -1.443339092902492 0 0 0 0 1
