1685094291.291271210 3.160089971186959e-19 5.6716957401269395e-18 0 0 0 0 1
1685094291.324604511 8.678865361194226e-05 -0.013197360483951074 0 0 0 0 1
1685094291.357937813 0.000223281864618668 -0.027157119493133944 0 0 0 0 1
1685094291.391271353 0.0004299461775997749 -0.04172046956840179 0 0 0 0 1
1685094291.424604654 -7.9181078473958e-05 -0.054353167930006434 0 0 0 0 1
1685094291.457937956 0.0015482682901053067 -0.07025039012271847 0 0 0 0 1
1685094291.491271257 0.0028556178282091666 -0.08628708882285789 0 0 0 0 1
1685094291.524604559 0.004184589881102486 -0.10285613123074429 0 0 0 0 1
1685094291.557937860 0.005779459386781627 -0.11987356409849415 0 0 0 0 1
1685094291.591271162 0.007496857728784165 -0.13727157929187023 0 0 0 0 1
1685094291.624604464 0.009382852810357376 -0.1549257017728029 0 0 0 0 1
1685094291.657938004 0.011451527147726329 -0.172883663264481 0 0 0 0 1
1685094291.691271305 0.008600663209519223 -0.1942966430069213 0 0 0 0 1
1685094291.724604607 0.00631933052660667 -0.2135458925163374 0 0 0 0 1
1685094291.757937908 0.003855108748183698 -0.23376719923319778 0 0 0 0 1
1685094291.791271210 0.0018020620491213863 -0.2542983564996982 0 0 0 0 1
1685094291.824604511 -0.0005686481189759619 -0.27529044780145306 0 0 0 0 1
1685094291.857937813 -0.0018487167324319333 -0.2957801328341636 0 0 0 0 1
1685094291.891271353 -0.0056489139001208045 -0.31644607264231833 0 0 0 0 1
1685094291.924604654 -0.009248807609625001 -0.3387751016576376 0 0 0 0 1
1685094291.957937956 -0.013541505721113801 -0.3584852431992566 0 0 0 0 1
1685094291.991271257 -0.017455422397010197 -0.3796841046005907 0 0 0 0 1
1685094292.024604559 -0.021961268542045272 -0.4015568303731472 0 0 0 0 1
1685094292.057937860 -0.05078781469335461 -0.3964571131926906 0 0 0 0 1
1685094292.091271162 -0.03257654713875059 -0.38191879757324126 0 0 0 0 1
1685094292.124604464 -0.014221938544948194 -0.367177795509992 0 0 0 0 1
1685094292.157938004 -0.0009024885944211363 -0.3574202242974405 0 0 0 0 1
1685094292.191271305 0.007776361998847014 -0.36514692003127014 0 0 0 0 1
1685094292.224604607 0.028244707839324968 -0.3775626502212683 0 0 0 0 1
1685094292.257937908 0.010162774708491116 -0.385842964199293 0 0 0 0 1
1685094292.291271210 0.032309204402334285 -0.37676228888671554 0 0 0 0 1
1685094292.324604511 0.05458737879986367 -0.3676388975930534 0 0 0 0 1
1685094292.357937813 0.07742229037607441 -0.3578702964776017 0 0 0 0 1
1685094292.391271353 0.10048277961401607 -0.3482734143632445 0 0 0 0 1
1685094292.424604654 0.09499821586792394 -0.34316389215692245 0 0 0 0 1
1685094292.457937956 0.07867950958213603 -0.3239248043597801 0 0 0 0 1
1685094292.491271257 0.06209012030397068 -0.30420046928250893 0 0 0 0 1
1685094292.524604559 0.04607550593394923 -0.27821426355912565 0 0 0 0 1
1685094292.557937860 0.035314546378828686 -0.2545149942503232 0 0 0 0 1
1685094292.591271162 0.02470035725406683 -0.23074962857794445 0 0 0 0 1
1685094292.624604464 0.014131759096003602 -0.2069880364092309 0 0 0 0 1
1685094292.657938004 0.0035742343034736953 -0.18344860518914882 0 0 0 0 1
1685094292.691271305 -0.0065252782463223425 -0.1581727735403686 0 0 0 0 1
1685094292.724604607 -0.01595417904113498 -0.133583055484305 0 0 0 0 1
1685094292.757937908 -0.025393037016667477 -0.10874102844939171 0 0 0 0 1
1685094292.791271210 -0.03465565111545134 -0.08383275016399729 0 0 0 0 1
1685094292.824604511 -0.04374155636775155 -0.0588594709874081 0 0 0 0 1
1685094292.857937813 -0.05286896709443122 -0.033601726249585434 0 0 0 0 1
1685094292.891271353 -0.0625932306350278 -0.007700204757933452 0 0 0 0 1
1685094292.924604654 -0.0725812125267123 0.018734939689513674 0 0 0 0 1
1685094292.957937956 -0.08247515435842102 0.04611488218101604 0 0 0 0 1
1685094292.991271257 -0.09247051241618692 0.07345796454391489 0 0 0 0 1
1685094293.024604559 -0.10256714938071787 0.10076381113056519 0 0 0 0 1
1685094293.057937860 -0.11292306945247915 0.1272538077384044 0 0 0 0 1
1685094293.091271162 -0.12314711963779469 0.15368517201169127 0 0 0 0 1
1685094293.124604464 -0.1332794361779437 0.18015183748109373 0 0 0 0 1
1685094293.157938004 -0.14331989718919413 0.2066534857736169 0 0 0 0 1
1685094293.191271305 -0.1530308096939602 0.21742664380634308 0 0 0 0 1
1685094293.224604607 -0.16748014776997694 0.21868337959332765 0 0 0 0 1
1685094293.257937908 -0.19534703648152538 0.21039188425585031 0 0 0 0 1
1685094293.291271210 -0.22321128803115478 0.20209153083131412 0 0 0 0 1
1685094293.324604511 -0.2518025256693062 0.1936066477491605 0 0 0 0 1
1685094293.357937813 -0.28039078583460086 0.18511173801918138 0 0 0 0 1
1685094293.391271353 -0.30897606501079833 0.1766068026862163 0 0 0 0 1
1685094293.424604654 -0.33755835968202486 0.1680918427963379 0 0 0 0 1
1685094293.457937956 -0.3671492890478286 0.15952177065324924 0 0 0 0 1
1685094293.491271257 -0.3966665044638254 0.15070115665220776 0 0 0 0 1
1685094293.524604559 -0.42487353438483066 0.1420441549353916 0 0 0 0 1
1685094293.557937860 -0.4545334377954115 0.1283944326827817 0 0 0 0 1
1685094293.591271162 -0.48398859780326964 0.1227453054093656 0 0 0 0 1
1685094293.624604464 -0.5134663585459729 0.11721532244052031 0 0 0 0 1
1685094293.657938004 -0.5420162107041558 0.11192395334476199 0 0 0 0 1
1685094293.691271305 -0.5712252751892537 0.1067506329872009 0 0 0 0 1
1685094293.724604607 -0.6004370278674915 0.10159251345756337 0 0 0 0 1
1685094293.757937908 -0.6296514608281347 0.09644959615270206 0 0 0 0 1
1685094293.791271210 -0.6582522926621653 0.09162330971338858 0 0 0 0 1
1685094293.824604511 -0.6866814207056663 0.08729846602741076 0 0 0 0 1
1685094293.857937813 -0.7151642447375255 0.0833426690922705 0 0 0 0 1
1685094293.891271353 -0.7434182987380576 0.0797522303815586 0 0 0 0 1
1685094293.924604654 -0.7717056848224791 0.07621854169620977 0 0 0 0 1
1685094293.957937956 -0.799995287264291 0.07270264054596234 0 0 0 0 1
1685094293.991271257 -0.8286153468160535 0.06881734404272097 0 0 0 0 1
1685094294.024604559 -0.8572786554690888 0.06526515109675478 0 0 0 0 1
1685094294.057937860 -0.8859813364262652 0.062046542152648515 0 0 0 0 1
1685094294.091271162 -0.9146589037001369 0.0595751324079584 0 0 0 0 1
1685094294.124604464 -0.9426261334165612 0.05701107948156148 0 0 0 0 1
1685094294.157938004 -0.9705813707962222 0.0543194241419177 0 0 0 0 1
1685094294.191271305 -0.9985240336473719 0.051500222445053534 0 0 0 0 1
1685094294.224604607 -1.0262870035406875 0.04794648078861168 0 0 0 0 1
1685094294.257937908 -1.0546560221135262 0.04365070550477057 0 0 0 0 1
1685094294.291271210 -1.0823850823900374 0.04195173646588031 0 0 0 0 1
1685094294.324604511 -1.110064738116687 0.03958025202198259 0 0 0 0 1
1685094294.357937813 -1.1379857209344724 0.03722829091222778 0 0 0 0 1
1685094294.391271353 -1.165906568922217 0.0348747297343318 0 0 0 0 1
1685094294.424604654 -1.176014430491337 0.03114395586101556 0 0 0 0 1
1685094294.457937956 -1.164676779050997 0.05730466302326123 0 0 0 0 1
1685094294.491271257 -1.153230676983952 0.08341810184089313 0 0 0 0 1
1685094294.524604559 -1.1415781058930232 0.10948194686627404 0 0 0 0 1
1685094294.557937860 -1.130933415557006 0.1353530224458522 0 0 0 0 1
1685094294.591271162 -1.119867443415147 0.1623241587614359 0 0 0 0 1
1685094294.624604464 -1.125799062041992 0.1526665540579766 0 0 0 0 1
1685094294.657938004 -1.101381723014471 0.13635856702242144 0 0 0 0 1
1685094294.691271305 -1.0768993651243175 0.12014835300547579 0 0 0 0 1
1685094294.724604607 -1.0523325474912952 0.10385229248451003 0 0 0 0 1
1685094294.757937908 -1.0280981272210363 0.087965412703838 0 0 0 0 1
1685094294.791271210 -1.0034592050051376 0.07271340998157387 0 0 0 0 1
1685094294.824604511 -0.9812705987906262 0.06408252127922046 0 0 0 0 1
1685094294.857937813 -0.9698051841986616 0.03477136495950291 0 0 0 0 1
1685094294.891271353 -0.9793171194098343 0.05361229796423274 0 0 0 0 1
1685094294.924604654 -0.9656271682434339 0.08132520473891171 0 0 0 0 1
1685094294.957937956 -0.951887800559831 0.10866163534436858 0 0 0 0 1
1685094294.991271257 -0.9382706910502923 0.13605917156931804 0 0 0 0 1
1685094295.024604559 -0.9503865724770125 0.14335226163440212 0 0 0 0 1
1685094295.057937860 -0.9416545301365852 0.1544758933259296 0 0 0 0 1
1685094295.091271162 -0.9316930834292851 0.1444382977502257 0 0 0 0 1
1685094295.124604464 -0.9515829001570738 0.16766888179015185 0 0 0 0 1
1685094295.157938004 -0.9711916951694725 0.19113715830255937 0 0 0 0 1
1685094295.191271305 -0.99051662817858 0.21483972796271636 0 0 0 0 1
1685094295.224604607 -1.0095549000132393 0.23877315750907896 0 0 0 0 1
1685094295.257937908 -1.0131272260980888 0.23851176608944355 0 0 0 0 1
1685094295.291271210 -1.0165468206912947 0.2374458336577797 0 0 0 0 1
1685094295.324604511 -1.0454429248331132 0.24933327230005803 0 0 0 0 1
1685094295.357937813 -1.074190914226566 0.26183336541577484 0 0 0 0 1
1685094295.391271353 -1.1029865535582797 0.27422329590571415 0 0 0 0 1
1685094295.424604654 -1.131716844100228 0.28621139918909483 0 0 0 0 1
1685094295.457937956 -1.1599953797575024 0.2977239480311829 0 0 0 0 1
1685094295.491271257 -1.1747606011739211 0.31853260290258395 0 0 0 0 1
1685094295.524604559 -1.1932195118749636 0.3558125240229101 0 0 0 0 1
1685094295.557937860 -1.1782338607631622 0.3819853314926773 0 0 0 0 1
1685094295.591271162 -1.163173657336788 0.4081153116467143 0 0 0 0 1
1685094295.624604464 -1.14803902399052 0.4342022521259688 0 0 0 0 1
1685094295.657938004 -1.1328300837239311 0.4602459409211733 0 0 0 0 1
1685094295.691271305 -1.11940028406656 0.4838123969357639 0 0 0 0 1
1685094295.724604607 -1.1081065319000236 0.5117784596619355 0 0 0 0 1
1685094295.757937908 -1.0965656552515717 0.5396434496778771 0 0 0 0 1
1685094295.791271210 -1.0847785585412753 0.5674051832971133 0 0 0 0 1
1685094295.824604511 -1.0727461654846515 0.5950614849250285 0 0 0 0 1
1685094295.857937813 -1.0703384547587516 0.6053859231398105 0 0 0 0 1
1685094295.891271353 -1.0965759524606273 0.6408372958710618 0 0 0 0 1
1685094295.924604654 -1.1406799337706273 0.6406252892833791 0 0 0 0 1
1685094295.957937956 -1.1665753993502084 0.6049233148757535 0 0 0 0 1
1685094295.991271257 -1.1682217849745222 0.6159877326267446 0 0 0 0 1
1685094296.024604559 -1.1756255348434133 0.6286185477626484 0 0 0 0 1
1685094296.057937860 -1.1690331376090415 0.6267185340214025 0 0 0 0 1
1685094296.091271162 -1.1966042867058149 0.641433889722793 0 0 0 0 1
1685094296.124604464 -1.1854317517715154 0.612246830619882 0 0 0 0 1
1685094296.157938004 -1.1747339116070292 0.6416111997047113 0 0 0 0 1
1685094296.191271305 -1.2074155703413896 0.6710105647847184 0 0 0 0 1
1685094296.224604607 -1.2289795081786477 0.6923934446774096 0 0 0 0 1
1685094296.257937908 -1.2456808706988012 0.7244413461264686 0 0 0 0 1
1685094296.291271210 -1.2521204560947004 0.7435162153400536 0 0 0 0 1
1685094296.324604511 -1.2590250822617952 0.7624277206497618 0 0 0 0 1
1685094296.357937813 -1.2702914529288585 0.7917980591988161 0 0 0 0 1
1685094296.391271353 -1.2813170067360578 0.8212596453363322 0 0 0 0 1
1685094296.424604654 -1.2921010047576569 0.8508105045651917 0 0 0 0 1
1685094296.457937956 -1.3030271027817877 0.8809313603936435 0 0 0 0 1
1685094296.491271257 -1.3137760087394297 0.9111159027056457 0 0 0 0 1
1685094296.524604559 -1.324644319641657 0.9413509163434646 0 0 0 0 1
1685094296.557937860 -1.3354027122893766 0.9716252159915827 0 0 0 0 1
1685094296.591271162 -1.3456379808142251 1.0017421432015956 0 0 0 0 1
1685094296.624604464 -1.3558989679796585 1.032366543680813 0 0 0 0 1
1685094296.657938004 -1.3543210279429136 1.044415879576732 0 0 0 0 1
1685094296.691271305 -1.364388497898288 1.0690813325874446 0 0 0 0 1
1685094296.724604607 -1.3401234411180472 1.0580838081852106 0 0 0 0 1
1685094296.757937908 -1.36530773883854 1.0493953289252007 0 0 0 0 1
1685094296.791271210 -1.3331868167908354 1.0486237571964259 0 0 0 0 1
1685094296.824604511 -1.3010790753048445 1.0474229687903627 0 0 0 0 1
1685094296.857937813 -1.2694247920261588 1.0463162786270903 0 0 0 0 1
1685094296.891271353 -1.2376867687431221 1.0446331508115336 0 0 0 0 1
1685094296.924604654 -1.2059655845536543 1.0426579255646518 0 0 0 0 1
1685094296.957937956 -1.191087876107606 1.02261073446672 0 0 0 0 1
1685094296.991271257 -1.2209299282868087 1.0259697692374972 0 0 0 0 1
1685094297.024604559 -1.2511646437433992 1.029549063380531 0 0 0 0 1
1685094297.057937860 -1.2818189966593556 1.0327487272252125 0 0 0 0 1
1685094297.091271162 -1.295928440909628 1.0223523566958632 0 0 0 0 1
1685094297.124604464 -1.3128518393590851 1.0177960948337674 0 0 0 0 1
1685094297.157938004 -1.3330670401544513 1.0409320967237932 0 0 0 0 1
1685094297.191271305 -1.352937475180609 1.0643648673351296 0 0 0 0 1
1685094297.224604607 -1.3724587882932198 1.088089269561775 0 0 0 0 1
1685094297.257937908 -1.3914295983414078 1.112584382159926 0 0 0 0 1
1685094297.291271210 -1.410458203425173 1.137035647315572 0 0 0 0 1
1685094297.324604511 -1.4290216432028493 1.1618419143214354 0 0 0 0 1
1685094297.357937813 -1.4260640076582 1.1470239662167674 0 0 0 0 1
1685094297.391271353 -1.4430321696038555 1.1727718670866654 0 0 0 0 1
1685094297.424604654 -1.4548506497776752 1.1923909807227222 0 0 0 0 1
1685094297.457937956 -1.4689779697370864 1.2104188736735881 0 0 0 0 1
1685094297.491271257 -1.485202383068913 1.2265853360423788 0 0 0 0 1
1685094297.524604559 -1.4566120363530042 1.2182443119912598 0 0 0 0 1
1685094297.557937860 -1.4711217012611422 1.192235655128385 0 0 0 0 1
1685094297.591271162 -1.4932374381643296 1.212182454089276 0 0 0 0 1
1685094297.624604464 -1.4688591258356283 1.2292903030353446 0 0 0 0 1
1685094297.657938004 -1.4556203037297093 1.2511542582778128 0 0 0 0 1
1685094297.691271305 -1.462124099239284 1.2758726642451572 0 0 0 0 1
1685094297.724604607 -1.4994366826375198 1.281781172858303 0 0 0 0 1
1685094297.757937908 -1.471230415523172 1.2945353503465693 0 0 0 0 1
1685094297.791271210 -1.4718855958033519 1.2764642069541159 0 0 0 0 1
1685094297.824604511 -1.50280829083863 1.2774397452503432 0 0 0 0 1
1685094297.857937813 -1.53328180104694 1.2788870368994274 0 0 0 0 1
1685094297.891271353 -1.5637140946413075 1.2810329595727086 0 0 0 0 1
1685094297.924604654 -1.594089157028434 1.2838763840066707 0 0 0 0 1
1685094297.957937956 -1.6241273425832903 1.287402699629567 0 0 0 0 1
1685094297.991271257 -1.6401619797442324 1.2977734402272607 0 0 0 0 1
1685094298.024604559 -1.6411277595883695 1.3217195850671064 0 0 0 0 1
1685094298.057937860 -1.6433007483190447 1.3507038829686189 0 0 0 0 1
1685094298.091271162 -1.6385230576903802 1.3809039679107595 0 0 0 0 1
1685094298.124604464 -1.62814696789639 1.409665195611308 0 0 0 0 1
1685094298.157938004 -1.6174184126146536 1.4181916366871012 0 0 0 0 1
1685094298.191271305 -1.5935892338706217 1.4328595867999616 0 0 0 0 1
1685094298.224604607 -1.5694142741969135 1.4473693914755854 0 0 0 0 1
1685094298.257937908 -1.5465941998636226 1.4602022754567947 0 0 0 0 1
