1685094165.978645086 2.9951638842131903e-19 4.98696503363859e-18 0 0 0 0 1
1685094166.011978388 0.0004898847402693749 -0.009191233526138206 0 0 0 0 1
1685094166.045311689 0.0003883797798742893 -0.020544513245956166 0 0 0 0 1
1685094166.078644991 -0.00013085525755124173 -0.03155951025322149 0 0 0 0 1
1685094166.111978292 0.0014961191495732355 -0.040083935565489365 0 0 0 0 1
1685094166.145311594 -0.000982342903255507 -0.05107722820218353 0 0 0 0 1
1685094166.178644896 -0.0033335306902579184 -0.060938881197436554 0 0 0 0 1
1685094166.211978436 -0.00821290732532793 -0.07356054104117807 0 0 0 0 1
1685094166.245311737 -0.013228940580277435 -0.08557524768079636 0 0 0 0 1
1685094166.278645039 -0.01733677914062651 -0.09917090309250298 0 0 0 0 1
1685094166.311978340 -0.02197452378300278 -0.11319100639486085 0 0 0 0 1
1685094166.345311642 -0.03022109450230109 -0.11917232517526789 0 0 0 0 1
1685094166.378644943 -0.03278623677520392 -0.12005298379033195 0 0 0 0 1
1685094166.411978245 -0.04268060977007459 -0.12783996576590703 0 0 0 0 1
1685094166.445311785 -0.05085449859106105 -0.1330609476677253 0 0 0 0 1
1685094166.478645086 -0.05323381852774988 -0.1411859216820854 0 0 0 0 1
1685094166.511978388 -0.06589538217121996 -0.14241439533549216 0 0 0 0 1
1685094166.545311689 -0.07363647613621273 -0.14860835321420607 0 0 0 0 1
1685094166.578644991 -0.07800439705762346 -0.15895081363483027 0 0 0 0 1
1685094166.611978292 -0.08091168916920721 -0.16966167192292608 0 0 0 0 1
1685094166.645311594 -0.08740226293097286 -0.18446491143965207 0 0 0 0 1
1685094166.678644896 -0.09209226841388166 -0.1973316196323507 0 0 0 0 1
1685094166.711978436 -0.09968603012429977 -0.21474902719083014 0 0 0 0 1
1685094166.745311737 -0.10783769319229276 -0.22855177093533213 0 0 0 0 1
1685094166.778645039 -0.11523039019748614 -0.24132422159426856 0 0 0 0 1
1685094166.811978340 -0.11420244489865528 -0.24725238105414984 0 0 0 0 1
1685094166.845311642 -0.11595547383830146 -0.25375322032202596 0 0 0 0 1
1685094166.878644943 -0.10758192360680681 -0.26525311186155914 0 0 0 0 1
1685094166.911978245 -0.10812517375725517 -0.2714244044665812 0 0 0 0 1
1685094166.945311785 -0.11845988675429713 -0.2843588391903012 0 0 0 0 1
1685094166.978645086 -0.12542622506055745 -0.2953576340404607 0 0 0 0 1
1685094167.011978388 -0.13943972994327652 -0.3003613542131807 0 0 0 0 1
1685094167.045311689 -0.14672471804302306 -0.29993086640058686 0 0 0 0 1
1685094167.078644991 -0.1614222588434916 -0.29186739949685725 0 0 0 0 1
1685094167.111978292 -0.1768544994515275 -0.282808609831706 0 0 0 0 1
1685094167.145311594 -0.1868420193126254 -0.28185775900506355 0 0 0 0 1
1685094167.178644896 -0.20564328541443158 -0.27376575831180266 0 0 0 0 1
1685094167.211978436 -0.22101081440782405 -0.27385160541236875 0 0 0 0 1
1685094167.245311737 -0.22386639315627396 -0.2746617853131868 0 0 0 0 1
1685094167.278645039 -0.24556896498993672 -0.27022048736285537 0 0 0 0 1
