1685093661.192937136 -1.6554063505075453e-18 -2.441465164206916e-18 0 0 0 0 1
1685093661.226270437 0.00043381527334666187 -0.011246188694119936 0 0 0 0 1
1685093661.259603739 0.0009651837660168427 -0.023052051137529714 0 0 0 0 1
1685093661.292937279 0.0017071486566790676 -0.035314330157445166 0 0 0 0 1
1685093661.326270580 0.00238470184361915 -0.048209820767545666 0 0 0 0 1
1685093661.359603882 0.0028811362291719135 -0.06130187020687436 0 0 0 0 1
1685093661.392937183 0.0034232773243821958 -0.07464071938211213 0 0 0 0 1
1685093661.426270485 0.0038438180600406354 -0.08809491389459205 0 0 0 0 1
1685093661.459603786 0.004267009851550978 -0.10178923544242319 0 0 0 0 1
1685093661.492937088 0.004834687706261726 -0.11553591195888496 0 0 0 0 1
1685093661.526270628 0.005426998508723581 -0.12937004035200877 0 0 0 0 1
1685093661.559603930 0.0028160269773776997 -0.13493179983714648 0 0 0 0 1
1685093661.592937231 -0.0016112348515840355 -0.13919204555844447 0 0 0 0 1
1685093661.626270533 -0.012292770759273262 -0.15177104391308566 0 0 0 0 1
1685093661.659603834 -0.02400175843329606 -0.1646188887354027 0 0 0 0 1
1685093661.692937136 -0.03199461138824283 -0.17248366251369973 0 0 0 0 1
1685093661.726270437 -0.04195592622635442 -0.18802472093358125 0 0 0 0 1
1685093661.759603739 -0.05218159491343338 -0.2036604336102554 0 0 0 0 1
1685093661.792937279 -0.062359660692564205 -0.2194336195231188 0 0 0 0 1
1685093661.826270580 -0.07261165679270022 -0.23544372899523813 0 0 0 0 1
1685093661.859603882 -0.08527335824061617 -0.2557035391485509 0 0 0 0 1
1685093661.892937183 -0.0939546430971571 -0.26916492699385963 0 0 0 0 1
1685093661.926270485 -0.10327362621010014 -0.2863710893876421 0 0 0 0 1
1685093661.959603786 -0.11277311847774558 -0.30423596202985226 0 0 0 0 1
1685093661.992937088 -0.12288679346832014 -0.3227623263228198 0 0 0 0 1
1685093662.026270628 -0.13350562380903053 -0.3421341877810412 0 0 0 0 1
1685093662.059603930 -0.14424625378826078 -0.3617176654389014 0 0 0 0 1
1685093662.092937231 -0.15498804741569433 -0.3813005048446742 0 0 0 0 1
1685093662.126270533 -0.16558033562272745 -0.40078783994000133 0 0 0 0 1
1685093662.159603834 -0.17607789469561813 -0.42041674684173047 0 0 0 0 1
1685093662.192937136 -0.18906994948535086 -0.4450654683025273 0 0 0 0 1
1685093662.226270437 -0.1995592915048445 -0.46495114718990743 0 0 0 0 1
1685093662.259603739 -0.2082918581143329 -0.4831440986332723 0 0 0 0 1
1685093662.292937279 -0.2208936985911919 -0.5017970859564981 0 0 0 0 1
1685093662.326270580 -0.23375947255063395 -0.5203949879437755 0 0 0 0 1
1685093662.359603882 -0.24672841831987505 -0.5394918157115612 0 0 0 0 1
1685093662.392937183 -0.2595846229926441 -0.5583682757438624 0 0 0 0 1
1685093662.426270485 -0.2726006013242494 -0.5769739542798069 0 0 0 0 1
1685093662.459603786 -0.2857249342140715 -0.5960131997342707 0 0 0 0 1
1685093662.492937088 -0.2995510014514044 -0.6126107407160808 0 0 0 0 1
1685093662.526270628 -0.31445888170388836 -0.6318892602384016 0 0 0 0 1
1685093662.559603930 -0.33276019963566705 -0.6596253194716855 0 0 0 0 1
1685093662.592937231 -0.34163059015227487 -0.6916494258903688 0 0 0 0 1
1685093662.626270533 -0.34020786049497315 -0.7248488695627333 0 0 0 0 1
1685093662.659603834 -0.32863029851093967 -0.7559966989949448 0 0 0 0 1
1685093662.692937136 -0.3080232312179412 -0.7820653774695838 0 0 0 0 1
1685093662.726270437 -0.28796271337244256 -0.7972372875501101 0 0 0 0 1
1685093662.759603739 -0.26825902652809214 -0.8123425309585398 0 0 0 0 1
1685093662.792937279 -0.2485201986472375 -0.8274018246862728 0 0 0 0 1
1685093662.826270580 -0.22874633688589624 -0.8424150869810408 0 0 0 0 1
1685093662.859603882 -0.20841918279715596 -0.8579876196512292 0 0 0 0 1
1685093662.892937183 -0.1877540903539996 -0.8741205108535645 0 0 0 0 1
1685093662.926270485 -0.1671298333426643 -0.8903055733174842 0 0 0 0 1
1685093662.959603786 -0.14628240959913255 -0.9070986212291707 0 0 0 0 1
1685093662.992937088 -0.12571206258757006 -0.9239317109534939 0 0 0 0 1
1685093663.026270628 -0.10598842740637968 -0.9404072220029335 0 0 0 0 1
1685093663.059603930 -0.08598442651782151 -0.9577557706519891 0 0 0 0 1
1685093663.092937231 -0.06636623406203253 -0.9755394349691574 0 0 0 0 1
1685093663.126270533 -0.04608171896392195 -0.9931750554807198 0 0 0 0 1
1685093663.159603834 -0.02570619099383146 -1.010705444054091 0 0 0 0 1
1685093663.192937136 -0.005240196067259294 -1.0281301310027522 0 0 0 0 1
1685093663.226270437 0.015315717476442425 -1.0454486494722166 0 0 0 0 1
1685093663.259603739 0.03596099888875859 -1.0626605354525382 0 0 0 0 1
1685093663.292937279 0.05776725544343981 -1.0808253672678287 0 0 0 0 1
1685093663.326270580 0.07913244769708459 -1.09950697586482 0 0 0 0 1
1685093663.359603882 0.10004433181915247 -1.1186946553042827 0 0 0 0 1
1685093663.392937183 0.12049092375808733 -1.13837740963108 0 0 0 0 1
1685093663.426270485 0.14001488188609987 -1.1583056342014224 0 0 0 0 1
1685093663.459603786 0.1592772984964536 -1.178354028319391 0 0 0 0 1
1685093663.492937088 0.13109032774328555 -1.210655543360577 0 0 0 0 1
1685093663.526270628 0.1705534528367833 -1.1939057686740067 0 0 0 0 1
1685093663.559603930 0.16644629671429345 -1.2213090636411663 0 0 0 0 1
1685093663.592937231 0.16226882446263868 -1.2488291227694295 0 0 0 0 1
1685093663.626270533 0.1581436009761618 -1.2763570623948912 0 0 0 0 1
1685093663.659603834 0.15851875676408714 -1.2734931052502654 0 0 0 0 1
1685093663.692937136 0.16120563949781022 -1.2724330799832602 0 0 0 0 1
1685093663.726270437 0.16343515951203993 -1.2742694440260407 0 0 0 0 1
1685093663.759603739 0.1629095831720048 -1.2771096485789317 0 0 0 0 1
1685093663.792937279 0.16017056716902456 -1.2780265911763096 0 0 0 0 1
1685093663.826270580 0.15804092948905926 -1.2760752747633357 0 0 0 0 1
1685093663.859603882 0.15500222831441304 -1.2930932498545493 0 0 0 0 1
1685093663.892937183 0.16081745401705697 -1.2846355870498003 0 0 0 0 1
1685093663.926270485 0.15665830267545244 -1.2752520711730535 0 0 0 0 1
1685093663.959603786 0.14648638822761 -1.2738805513746896 0 0 0 0 1
1685093663.992937088 0.1419546807945911 -1.2463978342601394 0 0 0 0 1
1685093664.026270628 0.13712968992720218 -1.2189650878539466 0 0 0 0 1
1685093664.059603930 0.13201196609063168 -1.191585441855697 0 0 0 0 1
1685093664.092937231 0.12728572469719954 -1.165153708321561 0 0 0 0 1
1685093664.126270533 0.12244258973526247 -1.1379462475680358 0 0 0 0 1
1685093664.159603834 0.11781309322648835 -1.1103383669130353 0 0 0 0 1
1685093664.192937136 0.11345968541524837 -1.0827998281159792 0 0 0 0 1
1685093664.226270437 0.10900454031590139 -1.054893350333419 0 0 0 0 1
1685093664.259603739 0.10493587897949316 -1.027119095680996 0 0 0 0 1
1685093664.292937279 0.10131188092436817 -0.999481765379577 0 0 0 0 1
1685093664.326270580 0.098162996184812 -0.9714525053158068 0 0 0 0 1
1685093664.359603882 0.09440573983667526 -0.9436749494457312 0 0 0 0 1
1685093664.392937183 0.08827105855307635 -0.9193052805491986 0 0 0 0 1
1685093664.426270485 0.08091342418657868 -0.8931000557581823 0 0 0 0 1
1685093664.459603786 0.07355741530782606 -0.8670565195027169 0 0 0 0 1
1685093664.492937088 0.06594993289601496 -0.8404626167976986 0 0 0 0 1
1685093664.526270628 0.057972292615590684 -0.8130696340120221 0 0 0 0 1
1685093664.559603930 0.04989808327606927 -0.7858511966933237 0 0 0 0 1
1685093664.592937231 0.04183510330887162 -0.7586294307590773 0 0 0 0 1
1685093664.626270533 0.03347606681983507 -0.7313025709481487 0 0 0 0 1
1685093664.659603834 0.02524158182762145 -0.7039890111548327 0 0 0 0 1
1685093664.692937136 0.016934529448382005 -0.6771124183372471 0 0 0 0 1
1685093664.726270437 0.008491802530006122 -0.6502781357327978 0 0 0 0 1
1685093664.759603739 0.0006589502868559413 -0.6333300011278914 0 0 0 0 1
1685093664.792937279 -0.014653429921767056 -0.622647124493032 0 0 0 0 1
1685093664.826270580 -0.042124316164425614 -0.6169110493182253 0 0 0 0 1
1685093664.859603882 -0.06962069575067492 -0.6112984510770343 0 0 0 0 1
1685093664.892937183 -0.09665883953373461 -0.6059532229012339 0 0 0 0 1
1685093664.926270485 -0.12419572933225678 -0.6002618047915879 0 0 0 0 1
1685093664.959603786 -0.13462650519084912 -0.5915420476516069 0 0 0 0 1
1685093664.992937088 -0.13578782735952066 -0.5639329159803267 0 0 0 0 1
1685093665.026270628 -0.13688880392257347 -0.5361693471061462 0 0 0 0 1
1685093665.059603930 -0.1373082690037024 -0.5090528831525416 0 0 0 0 1
1685093665.092937231 -0.13724895127876546 -0.48130488832378143 0 0 0 0 1
1685093665.126270533 -0.13812688655902355 -0.4548724940529492 0 0 0 0 1
1685093665.159603834 -0.133633755285574 -0.42747826072709194 0 0 0 0 1
1685093665.192937136 -0.12895861620041033 -0.4001145014333411 0 0 0 0 1
1685093665.226270437 -0.12410167590564007 -0.37278242542135476 0 0 0 0 1
1685093665.259603739 -0.12065484152592142 -0.3501217087915435 0 0 0 0 1
1685093665.292937279 -0.11514738514808238 -0.32331618783406796 0 0 0 0 1
1685093665.326270580 -0.10962591381035222 -0.2963985465953771 0 0 0 0 1
1685093665.359603882 -0.11399575153689563 -0.27800412177407596 0 0 0 0 1
1685093665.392937183 -0.1128146316808917 -0.2499206038440082 0 0 0 0 1
1685093665.426270485 -0.11176531664547532 -0.22183185233385475 0 0 0 0 1
1685093665.459603786 -0.11111598270795701 -0.19342319563411817 0 0 0 0 1
1685093665.492937088 -0.11048129778927473 -0.16501420788200152 0 0 0 0 1
1685093665.526270628 -0.10945766365738736 -0.13703192210664902 0 0 0 0 1
1685093665.559603930 -0.1082842614084173 -0.10956580650884648 0 0 0 0 1
1685093665.592937231 -0.10726299792027398 -0.0819344992688048 0 0 0 0 1
1685093665.626270533 -0.10694176762586409 -0.05660458201364329 0 0 0 0 1
1685093665.659603834 -0.1066999872874856 -0.029196888947587617 0 0 0 0 1
1685093665.692937136 -0.10685429701337108 -0.002072354501096811 0 0 0 0 1
1685093665.726270437 -0.1068157212519418 0.024974940447436752 0 0 0 0 1
1685093665.759603739 -0.10708051499811673 0.052469720770126675 0 0 0 0 1
1685093665.792937279 -0.10714447424757716 0.0800770405413797 0 0 0 0 1
1685093665.826270580 -0.10675976941212995 0.11477213912821323 0 0 0 0 1
1685093665.859603882 -0.1067570382194244 0.1428495595769312 0 0 0 0 1
1685093665.892937183 -0.10631214527768865 0.1709064329595661 0 0 0 0 1
1685093665.926270485 -0.10555381477762729 0.19900813398058478 0 0 0 0 1
1685093665.959603786 -0.10495278616210295 0.22719047892336064 0 0 0 0 1
1685093665.992937088 -0.10456286758188087 0.25562228970166384 0 0 0 0 1
1685093666.026270628 -0.10433824906909181 0.2842593713783451 0 0 0 0 1
1685093666.059603930 -0.1047245733666524 0.3125897004641133 0 0 0 0 1
1685093666.092937231 -0.10509694762675016 0.3411003069508793 0 0 0 0 1
1685093666.126270533 -0.10555505731596582 0.3696397728935325 0 0 0 0 1
1685093666.159603834 -0.1061263236083906 0.3984435755162416 0 0 0 0 1
1685093666.192937136 -0.10674471621844757 0.42740876204068173 0 0 0 0 1
1685093666.226270437 -0.10727492605624817 0.45613853932380133 0 0 0 0 1
1685093666.259603739 -0.10774448352682785 0.48486937190817997 0 0 0 0 1
1685093666.292937279 -0.1081533865375042 0.5136011317487751 0 0 0 0 1
1685093666.326270580 -0.10850163326591436 0.5423336907964118 0 0 0 0 1
1685093666.359603882 -0.1084552535828449 0.570676937469981 0 0 0 0 1
1685093666.392937183 -0.08753105919478034 0.5783678018089028 0 0 0 0 1
1685093666.426270485 -0.11531001772199707 0.5852284442718414 0 0 0 0 1
1685093666.459603786 -0.14301893389588782 0.5921908744514428 0 0 0 0 1
1685093666.492937088 -0.16850979085027926 0.6100890221658657 0 0 0 0 1
1685093666.526270628 -0.18185716396061508 0.6258273654820442 0 0 0 0 1
1685093666.559603930 -0.1887804209575526 0.6542920800392438 0 0 0 0 1
1685093666.592937231 -0.19563785805062198 0.6825420049303514 0 0 0 0 1
1685093666.626270533 -0.2024171767425737 0.7104739759711136 0 0 0 0 1
1685093666.659603834 -0.20936718433503917 0.7386249655424341 0 0 0 0 1
1685093666.692937136 -0.2158076065711282 0.7668132039645648 0 0 0 0 1
1685093666.726270437 -0.22143685570119986 0.7849397384751627 0 0 0 0 1
1685093666.759603739 -0.22662250354965463 0.8129992162347451 0 0 0 0 1
1685093666.792937279 -0.23147155516220536 0.8412389657360669 0 0 0 0 1
1685093666.826270580 -0.23632649933966654 0.869488709770641 0 0 0 0 1
1685093666.859603882 -0.24099843305888993 0.8977692959793538 0 0 0 0 1
1685093666.892937183 -0.24549387816876966 0.9250571352666265 0 0 0 0 1
1685093666.926270485 -0.2501647689417672 0.9525270657492673 0 0 0 0 1
1685093666.959603786 -0.24103007160868672 0.9567226740634245 0 0 0 0 1
1685093666.992937088 -0.24553167244947574 0.9657105222131778 0 0 0 0 1
1685093667.026270628 -0.2543624249248631 0.9609080608430831 0 0 0 0 1
1685093667.059603930 -0.2267458282080565 0.9697209813869866 0 0 0 0 1
1685093667.092937231 -0.1878935468880115 0.9729417024748467 0 0 0 0 1
1685093667.126270533 -0.14907051166358198 0.9693857575848864 0 0 0 0 1
1685093667.159603834 -0.12168707722362694 0.9682677309535471 0 0 0 0 1
1685093667.192937136 -0.09436346463591183 0.9672471303951334 0 0 0 0 1
1685093667.226270437 -0.06723474993142596 0.9658635615495709 0 0 0 0 1
1685093667.259603739 -0.04721347204221098 0.9679088433610479 0 0 0 0 1
1685093667.292937279 -0.023644687199696715 0.9555021570570297 0 0 0 0 1
1685093667.326270580 -0.0006311614562273809 0.9433119127383813 0 0 0 0 1
1685093667.359603882 0.02216471790880791 0.9304339953723988 0 0 0 0 1
1685093667.392937183 0.044742382738858937 0.9174347816323084 0 0 0 0 1
1685093667.426270485 0.06722454531455128 0.9042710863700038 0 0 0 0 1
1685093667.459603786 0.0719468962193161 0.9063362333240194 0 0 0 0 1
1685093667.492937088 0.09606906213074928 0.9128789122344968 0 0 0 0 1
1685093667.526270628 0.11994836356251085 0.9195378951152746 0 0 0 0 1
