1685094284.843158960 6.299818306126523e-19 4.8047624470477236e-20 0 0 0 0 1
1685094284.876492262 0.00043647369573847697 -0.019862787987466345 0 0 0 0 1
1685094284.909825563 0.0011235218194544554 -0.03762427489369129 0 0 0 0 1
1685094284.943158865 0.0033577014774649827 -0.057493295339291546 0 0 0 0 1
1685094284.976492167 0.006169803783833891 -0.07765220200551104 0 0 0 0 1
1685094285.009825468 -0.0015083325721263715 -0.09070197297034947 0 0 0 0 1
1685094285.043158770 0.016977439406136625 -0.10171405936950141 0 0 0 0 1
1685094285.076492071 0.041676835965131345 -0.10862369759563467 0 0 0 0 1
1685094285.109825611 0.060176367953858306 -0.12171704754947353 0 0 0 0 1
1685094285.143158913 0.07865651245837706 -0.13483774706999188 0 0 0 0 1
1685094285.176492214 0.09677406030653352 -0.14717947979325277 0 0 0 0 1
1685094285.209825516 0.1182251276467388 -0.16016435071360346 0 0 0 0 1
1685094285.243158817 0.13579434309144936 -0.17733861873913123 0 0 0 0 1
1685094285.276492119 0.15599789738787806 -0.19283830883508957 0 0 0 0 1
1685094285.309825420 0.17712310442529786 -0.20850923040203173 0 0 0 0 1
1685094285.343158960 0.19844770417659777 -0.2242567657021792 0 0 0 0 1
1685094285.376492262 0.21989001238020162 -0.24065049230677665 0 0 0 0 1
1685094285.409825563 0.23205711960632766 -0.2589547526502554 0 0 0 0 1
1685094285.443158865 0.24600802149636367 -0.24197073718192497 0 0 0 0 1
1685094285.476492167 0.21837372209643555 -0.2399403555548642 0 0 0 0 1
1685094285.509825468 0.19021425054468924 -0.23786046299560346 0 0 0 0 1
1685094285.543158770 0.1618017349783346 -0.23597210054866088 0 0 0 0 1
1685094285.576492071 0.13281869801051296 -0.2342227924446925 0 0 0 0 1
1685094285.609825611 0.12051127719621123 -0.22359062679203454 0 0 0 0 1
1685094285.643158913 0.1259092223440274 -0.25309050975046365 0 0 0 0 1
1685094285.676492214 0.12850033614709339 -0.28296804371227857 0 0 0 0 1
1685094285.709825516 0.1284763396045052 -0.3142487562350269 0 0 0 0 1
1685094285.743158817 0.1278381082675181 -0.3450340900806539 0 0 0 0 1
1685094285.776492119 0.11235616925858433 -0.3474829516416254 0 0 0 0 1
1685094285.809825420 0.12924477616697452 -0.3221268105733698 0 0 0 0 1
1685094285.843158960 0.1459034835416303 -0.2971013993809985 0 0 0 0 1
1685094285.876492262 0.16422716458256395 -0.27326809390626833 0 0 0 0 1
1685094285.909825563 0.1838775237899001 -0.2501990600339523 0 0 0 0 1
1685094285.943158865 0.2168528231152841 -0.22951841492166586 0 0 0 0 1
1685094285.976492167 0.24850156311467178 -0.22538606874932246 0 0 0 0 1
1685094286.009825468 0.2789475162660944 -0.2211786664808694 0 0 0 0 1
1685094286.043158770 0.312472543132192 -0.2158689079647388 0 0 0 0 1
1685094286.076492071 0.34619875326980626 -0.21203958535810424 0 0 0 0 1
1685094286.109825611 0.35380804238287317 -0.21621145816799925 0 0 0 0 1
1685094286.143158913 0.33152360166023676 -0.19299726025525737 0 0 0 0 1
1685094286.176492214 0.32012555146792376 -0.17710751737143388 0 0 0 0 1
1685094286.209825516 0.2970683040585592 -0.19780851307842004 0 0 0 0 1
1685094286.243158817 0.2740079054106104 -0.21850599832554565 0 0 0 0 1
1685094286.276492119 0.24807082106252185 -0.2364093981759842 0 0 0 0 1
1685094286.309825420 0.22086086421806914 -0.252311672202285 0 0 0 0 1
1685094286.343158960 0.2151160445084842 -0.2582751361114472 0 0 0 0 1
1685094286.376492262 0.22307915181846785 -0.25600472265544394 0 0 0 0 1
1685094286.409825563 0.21505321263174904 -0.25396752962025904 0 0 0 0 1
1685094286.443158865 0.22096952062465042 -0.2597609012659112 0 0 0 0 1
1685094286.476492167 0.22018523783823385 -0.23812733194157226 0 0 0 0 1
1685094286.509825468 0.21856305607313098 -0.20617346886980056 0 0 0 0 1
1685094286.543158770 0.20736579857284454 -0.1876972377085667 0 0 0 0 1
1685094286.576492071 0.19105142361610888 -0.16001278168551947 0 0 0 0 1
1685094286.609825611 0.17526402809401498 -0.13167097166527844 0 0 0 0 1
1685094286.643158913 0.15927500109865206 -0.10344242107662757 0 0 0 0 1
1685094286.676492214 0.14192392846777163 -0.08568517699291757 0 0 0 0 1
1685094286.709825516 0.12561667947864352 -0.0740799713850664 0 0 0 0 1
1685094286.743158817 0.10943312951131406 -0.062302880180152134 0 0 0 0 1
1685094286.776492119 0.09376011264204956 -0.031300491305093436 0 0 0 0 1
1685094286.809825420 0.08251355655624301 0.0015675258233160659 0 0 0 0 1
1685094286.843158960 0.08267601128411484 -0.019296937128682568 0 0 0 0 1
1685094286.876492262 0.09469950607599942 -0.002244436467387845 0 0 0 0 1
1685094286.909825563 0.07499255735096481 -0.009099243376614873 0 0 0 0 1
1685094286.943158865 0.0950032046887718 -0.015009082539896053 0 0 0 0 1
1685094286.976492167 0.08218234153026932 0.001452316965762179 0 0 0 0 1
1685094287.009825468 0.08301233057789419 -0.01939626389708684 0 0 0 0 1
1685094287.043158770 0.09448402560851073 -0.0019677694429332876 0 0 0 0 1
1685094287.076492071 0.07500650699115553 -0.009449645833552973 0 0 0 0 1
1685094287.109825611 0.09519600966434406 -0.014716161534018288 0 0 0 0 1
1685094287.143158913 0.08185498254005923 0.001326568940655547 0 0 0 0 1
1685094287.176492214 0.08335165589636973 -0.019484778316993173 0 0 0 0 1
1685094287.209825516 0.09425980273630781 -0.0016981389960791763 0 0 0 0 1
1685094287.243158817 0.07503166160598229 -0.009799422504648431 0 0 0 0 1
1685094287.276492119 0.07598448129599779 -0.003331963175371119 0 0 0 0 1
1685094287.309825420 0.07095943260596166 -0.007513443917919509 0 0 0 0 1
1685094287.343158960 0.0774923550904846 -0.007751812013000347 0 0 0 0 1
1685094287.376492262 0.07278540387724601 -0.003215237775348248 0 0 0 0 1
1685094287.409825563 0.10649282832685766 0.006214198781583466 0 0 0 0 1
1685094287.443158865 0.13998069721811154 0.016237845230794315 0 0 0 0 1
1685094287.476492167 0.1734532490324311 0.02631252269730836 0 0 0 0 1
1685094287.509825468 0.20691040600544466 0.0364382077753522 0 0 0 0 1
1685094287.543158770 0.2403520904085465 0.046614876940650196 0 0 0 0 1
1685094287.576492071 0.2737782245490771 0.056842506550479 0 0 0 0 1
1685094287.609825611 0.27417424473834884 0.05275909548793608 0 0 0 0 1
1685094287.643158913 0.2753247263441603 0.05669704799789587 0 0 0 0 1
1685094287.676492214 0.27279267070010904 0.05346908081847218 0 0 0 0 1
1685094287.709825516 0.27634331651941096 0.0555243161241934 0 0 0 0 1
1685094287.743158817 0.287844712589453 0.02259173632158845 0 0 0 0 1
1685094287.776492119 0.2609343327608368 0.00897183303051094 0 0 0 0 1
1685094287.809825420 0.24765979908626498 0.014246204519017772 0 0 0 0 1
1685094287.843158960 0.27531498289584105 -0.00832627524237432 0 0 0 0 1
1685094287.876492262 0.2881632279679959 -0.04163165968221738 0 0 0 0 1
1685094287.909825563 0.2828325747939494 -0.07692911243532574 0 0 0 0 1
1685094287.943158865 0.2607220274055588 -0.10495498848417782 0 0 0 0 1
1685094287.976492167 0.2645944264980963 -0.09341581794902083 0 0 0 0 1
1685094288.009825468 0.2762686013795751 -0.09685988127712192 0 0 0 0 1
1685094288.043158770 0.27325756277543656 -0.10865316656561155 0 0 0 0 1
1685094288.076492071 0.2613612231834768 -0.1060792520984836 0 0 0 0 1
1685094288.109825611 0.23892475723392143 -0.13045236856179507 0 0 0 0 1
1685094288.143158913 0.21881944132431158 -0.15678144151574636 0 0 0 0 1
1685094288.176492214 0.20121492036253433 -0.18484431115065797 0 0 0 0 1
1685094288.209825516 0.1862597380148708 -0.2144041882036471 0 0 0 0 1
1685094288.243158817 0.19978380170832774 -0.21493233717459523 0 0 0 0 1
1685094288.276492119 0.20382334573665312 -0.22784981851436936 0 0 0 0 1
1685094288.309825420 0.19418967604816118 -0.22566170792731777 0 0 0 0 1
1685094288.343158960 0.161143854983271 -0.22521808482188002 0 0 0 0 1
1685094288.376492262 0.1281098768170556 -0.22620772002053346 0 0 0 0 1
1685094288.409825563 0.09514987537705304 -0.2286287521119021 0 0 0 0 1
1685094288.443158865 0.06227542183995084 -0.23193056202273152 0 0 0 0 1
1685094288.476492167 0.029402550625826616 -0.23524808853957188 0 0 0 0 1
1685094288.509825468 -0.003468730751531264 -0.2385813309041325 0 0 0 0 1
1685094288.543158770 -0.0363384147786977 -0.24193028835453045 0 0 0 0 1
1685094288.576492071 -0.04822628744482023 -0.23980632484798647 0 0 0 0 1
1685094288.609825611 -0.02846650096357972 -0.21397199429153282 0 0 0 0 1
1685094288.643158913 -0.008962449746093339 -0.18830641812836693 0 0 0 0 1
1685094288.676492214 0.010213410279463936 -0.1623947179533139 0 0 0 0 1
1685094288.709825516 0.029241170153191123 -0.13541399094734957 0 0 0 0 1
1685094288.743158817 0.04818246851665852 -0.10837249520675293 0 0 0 0 1
1685094288.776492119 0.06703711129497095 -0.08127050780204717 0 0 0 0 1
1685094288.809825420 0.08619614268294618 -0.053494105513527755 0 0 0 0 1
1685094288.843158960 0.11687111864266919 -0.06009041570867256 0 0 0 0 1
1685094288.876492262 0.0870836276174413 -0.05023288880066377 0 0 0 0 1
1685094288.909825563 0.11563799700657192 -0.06323725141900233 0 0 0 0 1
1685094288.943158865 0.0886480775296815 -0.04723694814215403 0 0 0 0 1
1685094288.976492167 0.11376037178404474 -0.06604753387472585 0 0 0 0 1
1685094289.009825468 0.0833036182767905 -0.07963319612629685 0 0 0 0 1
1685094289.043158770 0.05276726409790089 -0.09363227814692689 0 0 0 0 1
1685094289.076492071 0.02179668499522974 -0.10767450695373698 0 0 0 0 1
1685094289.109825611 -0.009437233733369322 -0.12112081799702609 0 0 0 0 1
1685094289.143158913 -0.040923027044652845 -0.133966275535656 0 0 0 0 1
1685094289.176492214 -0.07264913743970405 -0.1462061643839517 0 0 0 0 1
1685094289.209825516 -0.1034060770920964 -0.15728791489158833 0 0 0 0 1
1685094289.243158817 -0.13395282709942039 -0.16893440060784282 0 0 0 0 1
1685094289.276492119 -0.16444687453240825 -0.1807181876350911 0 0 0 0 1
1685094289.309825420 -0.19488760225370305 -0.1926390374935053 0 0 0 0 1
1685094289.343158960 -0.22527439420502995 -0.20469670892938532 0 0 0 0 1
1685094289.376492262 -0.25543299371008793 -0.216475854171792 0 0 0 0 1
1685094289.409825563 -0.2857218839336237 -0.22791580678422826 0 0 0 0 1
1685094289.443158865 -0.3161372501267745 -0.23901512595635419 0 0 0 0 1
1685094289.476492167 -0.3466752616116008 -0.24977241377907258 0 0 0 0 1
1685094289.509825468 -0.34218813174512946 -0.2485609343520672 0 0 0 0 1
1685094289.543158770 -0.345693443188357 -0.24550891722783388 0 0 0 0 1
1685094289.576492071 -0.34627597793891274 -0.2501200635175357 0 0 0 0 1
1685094289.609825611 -0.3725128571301729 -0.2655601741167812 0 0 0 0 1
1685094289.643158913 -0.39814622725562454 -0.28083117626938103 0 0 0 0 1
1685094289.676492214 -0.423776802626935 -0.29610686862255015 0 0 0 0 1
1685094289.709825516 -0.44954295125044114 -0.3115267465581446 0 0 0 0 1
1685094289.743158817 -0.4753414493970979 -0.32689244028847053 0 0 0 0 1
1685094289.776492119 -0.5010842608435059 -0.3420593182408136 0 0 0 0 1
1685094289.809825420 -0.5264974696289035 -0.3572708246347951 0 0 0 0 1
1685094289.843158960 -0.5523816165970046 -0.37200280269737435 0 0 0 0 1
1685094289.876492262 -0.5697311621589931 -0.38147888943506725 0 0 0 0 1
1685094289.909825563 -0.59564249780972 -0.3950086010801908 0 0 0 0 1
1685094289.943158865 -0.6133230006878284 -0.39979107097728217 0 0 0 0 1
1685094289.976492167 -0.6271835328763208 -0.4097888401064 0 0 0 0 1
1685094290.009825468 -0.655191339505557 -0.4235817526708139 0 0 0 0 1
1685094290.043158770 -0.6828063329038822 -0.4215268465086488 0 0 0 0 1
1685094290.076492071 -0.708970908541742 -0.41245901978911176 0 0 0 0 1
1685094290.109825611 -0.7455213198131335 -0.4096129171987243 0 0 0 0 1
1685094290.143158913 -0.7821473313077651 -0.40801037357748404 0 0 0 0 1
1685094290.176492214 -0.8188066455321147 -0.4076532396204485 0 0 0 0 1
1685094290.209825516 -0.8554569265330533 -0.4085419277632232 0 0 0 0 1
1685094290.243158817 -0.8816777227554877 -0.40758771430503 0 0 0 0 1
1685094290.276492119 -0.9065116200073888 -0.39911905295011463 0 0 0 0 1
1685094290.309825420 -0.9278523197553425 -0.3838542171458907 0 0 0 0 1
1685094290.343158960 -0.9291886290805736 -0.3708430644413505 0 0 0 0 1
1685094290.376492262 -0.9463179394777523 -0.34863027316282086 0 0 0 0 1
1685094290.409825563 -0.9634897759930526 -0.32645034075178275 0 0 0 0 1
1685094290.443158865 -0.9807040755940174 -0.3043033486238516 0 0 0 0 1
1685094290.476492167 -0.9979607750923208 -0.28218937807372935 0 0 0 0 1
1685094290.509825468 -1.0152598111440003 -0.26010851027490595 0 0 0 0 1
1685094290.543158770 -1.032807357482744 -0.2370681353539283 0 0 0 0 1
1685094290.576492071 -1.050299779403384 -0.21398588168666496 0 0 0 0 1
1685094290.609825611 -1.067524942983169 -0.19087101544519416 0 0 0 0 1
1685094290.643158913 -1.0846543553470556 -0.16802333402789052 0 0 0 0 1
1685094290.676492214 -1.0850482014681773 -0.15865530636507397 0 0 0 0 1
1685094290.709825516 -1.0922139593519575 -0.15260824335817047 0 0 0 0 1
1685094290.743158817 -1.112836813760899 -0.17120224429492364 0 0 0 0 1
1685094290.776492119 -1.1334534432924923 -0.18980314700327097 0 0 0 0 1
1685094290.809825420 -1.1533096669637064 -0.20806668930402708 0 0 0 0 1
1685094290.843158960 -1.173346709417932 -0.22625815760495363 0 0 0 0 1
1685094290.876492262 -1.1935566092265206 -0.24518842568394525 0 0 0 0 1
1685094290.909825563 -1.1785864277655111 -0.2341971714968591 0 0 0 0 1
1685094290.943158865 -1.1893924442737192 -0.21224698512008075 0 0 0 0 1
1685094290.976492167 -1.2130922957382466 -0.1984699825446832 0 0 0 0 1
1685094291.009825468 -1.2366407851175318 -0.1841955857913974 0 0 0 0 1
1685094291.043158770 -1.2597759422587436 -0.17031599212569887 0 0 0 0 1
1685094291.076492071 -1.2822158344257433 -0.15705628634421753 0 0 0 0 1
1685094291.109825611 -1.3050538942308827 -0.14559992841459177 0 0 0 0 1
1685094291.143158913 -1.3135649076002929 -0.1543334036081276 0 0 0 0 1
1685094291.176492214 -1.324880458167676 -0.14978705860500854 0 0 0 0 1
1685094291.209825516 -1.3249831505196328 -0.13759278159440905 0 0 0 0 1
