1685094122.931908607 1.2660443558190576e-20 1.5533892456317898e-20 0 0 0 0 1
1685094122.965241909 -0.00094984686516751 -0.00880482790728278 0 0 0 0 1
1685094122.998575211 0.0019573612046537557 -0.009299152019325737 0 0 0 0 1
1685094123.031908512 0.0015598494715648725 -0.022749062157999482 0 0 0 0 1
1685094123.065242052 0.006145914323643508 -0.03269705273797513 0 0 0 0 1
1685094123.098575354 0.010074967808628061 -0.03667505302845965 0 0 0 0 1
1685094123.131908655 0.011164467125642607 -0.042541444216422065 0 0 0 0 1
1685094123.165241957 0.017206791653929777 -0.043658998514643686 0 0 0 0 1
1685094123.198575258 0.029466218709336668 -0.04382311845754003 0 0 0 0 1
1685094123.231908560 0.034946126443417595 -0.044841530063145424 0 0 0 0 1
1685094123.265241861 0.03486361169581951 -0.03674189102518423 0 0 0 0 1
1685094123.298575163 0.042184693054134845 -0.031261783706934596 0 0 0 0 1
1685094123.331908703 0.0558935571141067 -0.019998604560566055 0 0 0 0 1
1685094123.365242004 0.06030812437782832 -0.01406903810227617 0 0 0 0 1
1685094123.398575306 0.05975433713090611 -0.0019183447431995082 0 0 0 0 1
1685094123.431908607 0.05847333090693986 0.00476584883308178 0 0 0 0 1
1685094123.465241909 0.06685825833538807 0.007121443080530391 0 0 0 0 1
1685094123.498575211 0.07972595172464227 0.02170664436403233 0 0 0 0 1
1685094123.531908512 0.09252278191116887 0.0366884716811071 0 0 0 0 1
1685094123.565242052 0.09825477489805223 0.04452420501036445 0 0 0 0 1
1685094123.598575354 0.1095734378702156 0.05748924883833182 0 0 0 0 1
1685094123.631908655 0.11256769631373048 0.0540644600188541 0 0 0 0 1
1685094123.665241957 0.1247844500537596 0.058866455701086146 0 0 0 0 1
1685094123.698575258 0.1345770574867822 0.07251847721320145 0 0 0 0 1
1685094123.731908560 0.1425037649309955 0.08204804169571431 0 0 0 0 1
1685094123.765241861 0.15045830786200456 0.09347085526215534 0 0 0 0 1
1685094123.798575163 0.16319222769820713 0.10485009476749388 0 0 0 0 1
1685094123.831908703 0.1694734296319536 0.11872763764606681 0 0 0 0 1
1685094123.865242004 0.17887595549597302 0.13247356187782555 0 0 0 0 1
1685094123.898575306 0.19087742075632252 0.14493091308254086 0 0 0 0 1
1685094123.931908607 0.198875617404841 0.1547537434924609 0 0 0 0 1
1685094123.965241909 0.203865869229316 0.16116205208309906 0 0 0 0 1
1685094123.998575211 0.20951897218116924 0.1697388500999701 0 0 0 0 1
1685094124.031908512 0.2106788960112508 0.18030803400069317 0 0 0 0 1
1685094124.065242052 0.21675938743536383 0.18635174166164292 0 0 0 0 1
1685094124.098575354 0.2192704517261295 0.20349486702076974 0 0 0 0 1
