1685094267.507203341 3.122336484552182e-20 3.202145176710304e-18 0 0 0 0 1
1685094267.540536642 0.00010721503521227145 -0.01547789082979486 0 0 0 0 1
1685094267.573869944 0.00027753406714668363 -0.03143701560390703 0 0 0 0 1
1685094267.607203245 0.00041323451368854684 -0.047886495231377106 0 0 0 0 1
1685094267.640536547 0.0003387981996040258 -0.0649768873276787 0 0 0 0 1
1685094267.673869848 0.00016826945790979363 -0.08246020447537644 0 0 0 0 1
1685094267.707203150 -0.0001734130992721412 -0.10068220902253328 0 0 0 0 1
1685094267.740536690 -0.000785310568693788 -0.11939004370176289 0 0 0 0 1
1685094267.773869991 -0.001437645266007062 -0.13824835709103273 0 0 0 0 1
1685094267.807203293 -0.002229812644658311 -0.15723410294965418 0 0 0 0 1
1685094267.840536594 -0.002810334899688395 -0.17602849370006915 0 0 0 0 1
1685094267.873869896 -0.0034946373515344895 -0.1947829145564351 0 0 0 0 1
1685094267.907203197 -0.004525095264179721 -0.21311691957599105 0 0 0 0 1
1685094267.940536499 -0.005052989773977951 -0.23285587818288334 0 0 0 0 1
1685094267.973869801 -0.005476963706903956 -0.25319195376010484 0 0 0 0 1
1685094268.007203341 -0.005878711022104056 -0.2739753680905546 0 0 0 0 1
1685094268.040536642 -0.007042109642647056 -0.29458969217083175 0 0 0 0 1
1685094268.073869944 -0.008823355915240022 -0.3157603831071062 0 0 0 0 1
1685094268.107203245 -0.010279952734235796 -0.33696430870094923 0 0 0 0 1
1685094268.140536547 -0.01144571183440965 -0.35822829105117343 0 0 0 0 1
1685094268.173869848 -0.012499056339875131 -0.3800603257359214 0 0 0 0 1
1685094268.207203150 -0.01346864581186898 -0.4024985399700007 0 0 0 0 1
1685094268.240536690 -0.014421598966181948 -0.42590459975551515 0 0 0 0 1
1685094268.273869991 -0.015278849572036114 -0.4490017263267524 0 0 0 0 1
1685094268.307203293 -0.016232879568018336 -0.4725626214597751 0 0 0 0 1
1685094268.340536594 -0.017372312658994662 -0.4962872456605372 0 0 0 0 1
1685094268.373869896 -0.018539787483236533 -0.5203006738167092 0 0 0 0 1
1685094268.407203197 -0.019516594366721728 -0.5447356145959983 0 0 0 0 1
1685094268.440536499 -0.020660155925747197 -0.5696974185231101 0 0 0 0 1
1685094268.473869801 -0.02184583806444407 -0.5950004340251261 0 0 0 0 1
1685094268.507203341 -0.02302864857441236 -0.6200621642505038 0 0 0 0 1
1685094268.540536642 -0.024225586566243126 -0.6454532120933839 0 0 0 0 1
1685094268.573869944 -0.025345301352747023 -0.6710021727159717 0 0 0 0 1
1685094268.607203245 -0.026474067381771146 -0.6966358746811799 0 0 0 0 1
1685094268.640536547 -0.027862356812770675 -0.7225590082762409 0 0 0 0 1
1685094268.673869848 -0.029465597342342064 -0.7486789836337869 0 0 0 0 1
1685094268.707203150 -0.031034246904539296 -0.7745597933084931 0 0 0 0 1
1685094268.740536690 -0.03269251338971321 -0.8005515870965135 0 0 0 0 1
1685094268.773869991 -0.032980856103583756 -0.8266061396667059 0 0 0 0 1
1685094268.807203293 -0.0338377862240709 -0.8599742012875212 0 0 0 0 1
1685094268.840536594 -0.03456059466073099 -0.8864806449063555 0 0 0 0 1
1685094268.873869896 -0.03520339839190775 -0.9133837875406231 0 0 0 0 1
1685094268.907203197 -0.035836308976116636 -0.9407076377747983 0 0 0 0 1
1685094268.940536499 -0.03657086109219588 -0.9678158132763458 0 0 0 0 1
1685094268.973869801 -0.0374521845785379 -0.9946369905715804 0 0 0 0 1
1685094269.007203341 -0.03836719258281813 -1.0214393115703762 0 0 0 0 1
1685094269.040536642 -0.03941555887788494 -1.0482994679905382 0 0 0 0 1
1685094269.073869944 -0.040418666066369416 -1.07541730149447 0 0 0 0 1
1685094269.107203245 -0.04114712903689236 -1.1029200675677566 0 0 0 0 1
1685094269.140536547 -0.04244664258430311 -1.1284702391761177 0 0 0 0 1
1685094269.173869848 -0.04403378737669338 -1.1561724502808841 0 0 0 0 1
1685094269.207203150 -0.045712013444581076 -1.1823374835323972 0 0 0 0 1
1685094269.240536690 -0.04537878014881479 -1.2062873159719851 0 0 0 0 1
1685094269.273869991 -0.041904857851376785 -1.2335345927430035 0 0 0 0 1
1685094269.307203293 -0.03706323681025431 -1.2676309992545254 0 0 0 0 1
1685094269.340536594 -0.03075063539896299 -1.3010721013236035 0 0 0 0 1
1685094269.373869896 -0.02672873679865964 -1.327850737837336 0 0 0 0 1
1685094269.407203197 -0.022619966880767547 -1.3540219104243305 0 0 0 0 1
1685094269.440536499 -0.018709515603872347 -1.38051263098471 0 0 0 0 1
1685094269.473869801 -0.014609412050671431 -1.4072007452924493 0 0 0 0 1
1685094269.507203341 -0.010281090325462832 -1.4340938021361593 0 0 0 0 1
1685094269.540536642 -0.005737440651228886 -1.4610995854271076 0 0 0 0 1
1685094269.573869944 -0.0011115041385440785 -1.488178913908597 0 0 0 0 1
1685094269.607203245 0.003590346047678024 -1.5153198839175077 0 0 0 0 1
1685094269.640536547 0.008411680615409792 -1.5422658289424824 0 0 0 0 1
1685094269.673869848 0.013247652726732652 -1.5691678222767895 0 0 0 0 1
1685094269.707203150 0.017301645402032367 -1.5966106066180543 0 0 0 0 1
1685094269.740536690 0.022438686354371025 -1.6211326740806702 0 0 0 0 1
1685094269.773869991 0.028326374113641303 -1.645536751722101 0 0 0 0 1
1685094269.807203293 0.03537106372689115 -1.6700878885873316 0 0 0 0 1
1685094269.840536594 0.04329292425934121 -1.695184969440427 0 0 0 0 1
1685094269.873869896 0.051134649186251206 -1.7203055905123217 0 0 0 0 1
1685094269.907203197 0.05895465935405636 -1.745763061274814 0 0 0 0 1
1685094269.940536499 0.06659188580450862 -1.7714506228085618 0 0 0 0 1
1685094269.973869801 0.07407235201694255 -1.7974796491017018 0 0 0 0 1
1685094270.007203341 0.08155471307582951 -1.8237154030050913 0 0 0 0 1
1685094270.040536642 0.08917682103203388 -1.850242439172181 0 0 0 0 1
1685094270.073869944 0.09635377301289762 -1.8767363512421922 0 0 0 0 1
1685094270.107203245 0.10361229668051293 -1.903121340433918 0 0 0 0 1
1685094270.140536547 0.11085513364025619 -1.9298345923016507 0 0 0 0 1
1685094270.173869848 0.11795578621562627 -1.9563130972551688 0 0 0 0 1
1685094270.207203150 0.12503181089364665 -1.9823168814067074 0 0 0 0 1
1685094270.240536690 0.13227220829808567 -2.007858581605031 0 0 0 0 1
1685094270.273869991 0.13990189428001484 -2.033548685327138 0 0 0 0 1
1685094270.307203293 0.1478009389253377 -2.0594975890682727 0 0 0 0 1
1685094270.340536594 0.15571057544236472 -2.085468948903609 0 0 0 0 1
1685094270.373869896 0.16374599826139372 -2.1111800950274406 0 0 0 0 1
1685094270.407203197 0.17201602246149586 -2.136905940362569 0 0 0 0 1
1685094270.440536499 0.1808044287249834 -2.163026019324635 0 0 0 0 1
1685094270.473869801 0.1896116302590385 -2.1892936172268764 0 0 0 0 1
1685094270.507203341 0.1977507913160899 -2.213054385348594 0 0 0 0 1
1685094270.540536642 0.20842356226445705 -2.2385105966358627 0 0 0 0 1
1685094270.573869944 0.2192990130703372 -2.263948593762917 0 0 0 0 1
1685094270.607203245 0.22994780127913425 -2.289199839633399 0 0 0 0 1
1685094270.640536547 0.24040363930467037 -2.3143866405154787 0 0 0 0 1
1685094270.673869848 0.251180527439514 -2.3394006079519865 0 0 0 0 1
1685094270.707203150 0.2610400645867201 -2.35903665735297 0 0 0 0 1
1685094270.740536690 0.2705093009999762 -2.3845828103961444 0 0 0 0 1
1685094270.773869991 0.28011150563016063 -2.4103556323014783 0 0 0 0 1
1685094270.807203293 0.28952550920845793 -2.4364466360028407 0 0 0 0 1
1685094270.840536594 0.29892936377858864 -2.4624944167236653 0 0 0 0 1
1685094270.873869896 0.3082649215687073 -2.4881974442194585 0 0 0 0 1
1685094270.907203197 0.31752646973387716 -2.513471276803502 0 0 0 0 1
1685094270.940536499 0.32660745532807345 -2.5388393666213678 0 0 0 0 1
1685094270.973869801 0.33539280754602185 -2.5646144701635465 0 0 0 0 1
1685094271.007203341 0.3438636745559723 -2.5900249633552797 0 0 0 0 1
1685094271.040536642 0.35213979291696323 -2.6153561201005617 0 0 0 0 1
1685094271.073869944 0.3602905505637231 -2.6403045360813624 0 0 0 0 1
1685094271.107203245 0.3684626072636599 -2.6648113385272225 0 0 0 0 1
1685094271.140536547 0.37642264060781944 -2.689178498778144 0 0 0 0 1
1685094271.173869848 0.38441649950583606 -2.713346866830298 0 0 0 0 1
1685094271.207203150 0.39252992624665933 -2.737494683129013 0 0 0 0 1
1685094271.240536690 0.4008299928660588 -2.7615689821923515 0 0 0 0 1
1685094271.273869991 0.4094707468522288 -2.7858386104093675 0 0 0 0 1
1685094271.307203293 0.4181132084203839 -2.809938457989183 0 0 0 0 1
1685094271.340536594 0.4266241631341818 -2.8338373548121627 0 0 0 0 1
