1685094316.167706728 -1.9152903193008954e-18 3.164182606607253e-17 0 0 0 0 1
1685094316.201040030 0.00025209068847061587 -0.01496298874276954 0 0 0 0 1
1685094316.234373331 0.0006754358967494242 -0.03092733560548221 0 0 0 0 1
1685094316.267706633 0.0011727828035157865 -0.04742999938404219 0 0 0 0 1
1685094316.301039934 0.0017502658250289546 -0.06471191910480927 0 0 0 0 1
1685094316.334373236 0.0024991030987381755 -0.08248640586123224 0 0 0 0 1
1685094316.367706776 0.0033111144117702216 -0.10078305586813616 0 0 0 0 1
1685094316.401040077 0.0041711056364234856 -0.11944807090473783 0 0 0 0 1
1685094316.434373379 0.005053630367426416 -0.1386413501955646 0 0 0 0 1
1685094316.467706680 0.005739103288792946 -0.15832572378942503 0 0 0 0 1
1685094316.501039982 0.006541484253574919 -0.1786193754624007 0 0 0 0 1
1685094316.534373283 0.007289236824117165 -0.19942593505213552 0 0 0 0 1
1685094316.567706585 0.007986420629707483 -0.2208446122122197 0 0 0 0 1
1685094316.601039886 0.008575639287978384 -0.24273248236232323 0 0 0 0 1
1685094316.634373426 0.009045251988531034 -0.26498206200819435 0 0 0 0 1
1685094316.667706728 0.00939633105326476 -0.28763137684886003 0 0 0 0 1
1685094316.701040030 0.009864357155701007 -0.310801374579481 0 0 0 0 1
1685094316.734373331 0.009976229121875768 -0.33401169890049837 0 0 0 0 1
1685094316.767706633 0.010525001806889745 -0.3636873279179333 0 0 0 0 1
1685094316.801039934 0.010878638815001626 -0.3882183762067579 0 0 0 0 1
1685094316.834373236 0.01110451312680558 -0.41283987679492107 0 0 0 0 1
1685094316.867706776 0.011255075838521634 -0.437734464145405 0 0 0 0 1
1685094316.901040077 -0.0009641168857243843 -0.44403256687160036 0 0 0 0 1
1685094316.934373379 0.023760873776755374 -0.45129827081779506 0 0 0 0 1
1685094316.967706680 0.048641857936822984 -0.4587997907652682 0 0 0 0 1
1685094317.001039982 0.07384066930570748 -0.46642964310549057 0 0 0 0 1
1685094317.034373283 0.09602340019112976 -0.4563006536589794 0 0 0 0 1
1685094317.067706585 0.12012722963484859 -0.45260262947156304 0 0 0 0 1
1685094317.101039886 0.13821144445727365 -0.47282270423981754 0 0 0 0 1
1685094317.134373426 0.15631518864042518 -0.4930252955569834 0 0 0 0 1
1685094317.167706728 0.1744384452816671 -0.5132103845608271 0 0 0 0 1
1685094317.201040030 0.19349239945061983 -0.5337501109019596 0 0 0 0 1
1685094317.234373331 0.2129502027099074 -0.5541500280388196 0 0 0 0 1
1685094317.267706633 0.2325752322883158 -0.574389122408739 0 0 0 0 1
1685094317.301039934 0.25236615899926723 -0.5944660232350532 0 0 0 0 1
1685094317.334373236 0.2723216424201121 -0.6143793707263288 0 0 0 0 1
1685094317.367706776 0.29244033098291455 -0.6341278161684607 0 0 0 0 1
1685094317.401040077 0.31272086206599337 -0.6537100220160198 0 0 0 0 1
1685094317.434373379 0.3331618620862109 -0.673124661982843 0 0 0 0 1
1685094317.467706680 0.35376194659200466 -0.6923704211318623 0 0 0 0 1
1685094317.501039982 0.37451972035715514 -0.7114459959641638 0 0 0 0 1
1685094317.534373283 0.39543377747528335 -0.7303500945072728 0 0 0 0 1
1685094317.567706585 0.3815688113327079 -0.7532227484484367 0 0 0 0 1
1685094317.601039886 0.36828046569790285 -0.7300103497198056 0 0 0 0 1
1685094317.634373426 0.39502471935448646 -0.7296355420367041 0 0 0 0 1
1685094317.667706728 0.3823920856848007 -0.7532112106595559 0 0 0 0 1
1685094317.701040030 0.36789159250543396 -0.7307360848089153 0 0 0 0 1
1685094317.734373331 0.39457834742425585 -0.7289436852023171 0 0 0 0 1
1685094317.767706633 0.40153982748347766 -0.7467878981729872 0 0 0 0 1
1685094317.801039934 0.40063234110233104 -0.7659204518348904 0 0 0 0 1
1685094317.834373236 0.39201315683994314 -0.7830256499865805 0 0 0 0 1
1685094317.867706776 0.3827174070821302 -0.8098600504820479 0 0 0 0 1
1685094317.901040077 0.37374138878049656 -0.8367759536449312 0 0 0 0 1
1685094317.934373379 0.36414638132904514 -0.8623337263831954 0 0 0 0 1
1685094317.967706680 0.35651113453022987 -0.8885437802109797 0 0 0 0 1
1685094318.001039982 0.35087935501381 -0.9152560802769157 0 0 0 0 1
1685094318.034373283 0.3472832809128407 -0.9423177167092254 0 0 0 0 1
1685094318.067706585 0.3457434973221408 -0.9695737799214353 0 0 0 0 1
1685094318.101039886 0.3472549679632864 -0.9981626294432052 0 0 0 0 1
1685094318.134373426 0.34965273587864876 -1.027674260813549 0 0 0 0 1
1685094318.167706728 0.3540599855507805 -1.0569532947361784 0 0 0 0 1
1685094318.201040030 0.36045614519619823 -1.0858630650380217 0 0 0 0 1
1685094318.234373331 0.36780302793263125 -1.1129911472219005 0 0 0 0 1
1685094318.267706633 0.37504929069090814 -1.1399982786363547 0 0 0 0 1
1685094318.301039934 0.3823160754905322 -1.1669998954374936 0 0 0 0 1
1685094318.334373236 0.3894322782218697 -1.1938663844749084 0 0 0 0 1
1685094318.367706776 0.39642201490356793 -1.2207660527931532 0 0 0 0 1
1685094318.401040077 0.3964976729300787 -1.228158239712514 0 0 0 0 1
1685094318.434373379 0.40056111411226325 -1.2551304595642534 0 0 0 0 1
1685094318.467706680 0.3753373453293385 -1.2410967579733745 0 0 0 0 1
1685094318.501039982 0.3425249609326932 -1.2346861425760471 0 0 0 0 1
1685094318.534373283 0.31580791220374366 -1.230126331606658 0 0 0 0 1
1685094318.567706585 0.289128281892658 -1.2253524552650013 0 0 0 0 1
1685094318.601039886 0.2591766130734265 -1.2345838378247098 0 0 0 0 1
1685094318.634373426 0.23911986902913493 -1.2586680215842314 0 0 0 0 1
1685094318.667706728 0.23546140188222564 -1.2897957665580584 0 0 0 0 1
1685094318.701040030 0.24938746100758197 -1.317873974589514 0 0 0 0 1
1685094318.734373331 0.2640093117770486 -1.340826672875355 0 0 0 0 1
1685094318.767706633 0.27872733175420866 -1.3637178232719018 0 0 0 0 1
1685094318.801039934 0.2932266794123882 -1.3861740547954848 0 0 0 0 1
1685094318.834373236 0.30777848776243716 -1.4085963269929445 0 0 0 0 1
1685094318.867706776 0.3223826772676396 -1.4309845173094855 0 0 0 0 1
1685094318.901040077 0.3370391681049766 -1.4533385033765962 0 0 0 0 1
1685094318.934373379 0.35042302790821583 -1.4752963937722798 0 0 0 0 1
1685094318.967706680 0.36403228734658444 -1.4970246039580608 0 0 0 0 1
1685094319.001039982 0.3740758782796205 -1.5161776646026035 0 0 0 0 1
1685094319.034373283 0.38630413264379665 -1.5367334616902655 0 0 0 0 1
1685094319.067706585 0.40112955738516975 -1.5557708462864952 0 0 0 0 1
