1685094157.238776922 0.0 0.0 0 0 0 0 1
1685094157.272110462 -2.0773439698609786e-06 -0.011385331861178538 0 0 0 0 1
1685094157.305443764 -8.585687825544049e-05 -0.023855250232254235 0 0 0 0 1
1685094157.338777065 -0.00029940763811194015 -0.04108217854341245 0 0 0 0 1
1685094157.372110367 -0.0005034275940427581 -0.0564573285522515 0 0 0 0 1
1685094157.405443668 -0.001049493539911712 -0.07259576939237761 0 0 0 0 1
1685094157.438776970 -0.001809956714371396 -0.08935440418531729 0 0 0 0 1
1685094157.472110271 -0.002560539737936008 -0.10693595742715269 0 0 0 0 1
1685094157.505443811 -0.0031465805879566833 -0.1251787777336172 0 0 0 0 1
1685094157.538777113 -0.0036602700684922485 -0.1438367893594555 0 0 0 0 1
1685094157.572110415 -0.004325516360472015 -0.16309416718672487 0 0 0 0 1
1685094157.605443716 -0.004929306873392464 -0.18297519545078283 0 0 0 0 1
1685094157.638777018 -0.005639416904581019 -0.20362194578049775 0 0 0 0 1
1685094157.672110319 -0.00612493260636213 -0.22480223528319992 0 0 0 0 1
1685094157.705443621 -0.0064108244589890385 -0.24596725576583872 0 0 0 0 1
1685094157.738776922 -0.006341795239230959 -0.2673092242167524 0 0 0 0 1
1685094157.772110462 -0.006071389040958588 -0.2890429588219806 0 0 0 0 1
1685094157.805443764 -0.00564545291527244 -0.310695505344913 0 0 0 0 1
1685094157.838777065 -0.006946381110624808 -0.3285279334331779 0 0 0 0 1
1685094157.872110367 -0.015957992956702572 -0.3477295272159736 0 0 0 0 1
1685094157.905443668 -0.025171775678514936 -0.3671864880129463 0 0 0 0 1
1685094157.938776970 -0.034555027361262605 -0.38737524886711827 0 0 0 0 1
1685094157.972110271 -0.044117241642088176 -0.40779319128070435 0 0 0 0 1
1685094158.005443811 -0.0537766713122636 -0.42853959359230054 0 0 0 0 1
1685094158.038777113 -0.06364796713030152 -0.4493520471526523 0 0 0 0 1
1685094158.072110415 -0.07350667157117195 -0.47073774883564967 0 0 0 0 1
1685094158.105443716 -0.08341531298530733 -0.4926451633178952 0 0 0 0 1
1685094158.138777018 -0.09346137491025878 -0.5145657958645785 0 0 0 0 1
1685094158.172110319 -0.10365854090648079 -0.5366844076120817 0 0 0 0 1
1685094158.205443621 -0.11397744212105916 -0.5588928557949568 0 0 0 0 1
1685094158.238776922 -0.11822125711973658 -0.5774758020616297 0 0 0 0 1
1685094158.272110462 -0.12374605718163001 -0.5957189498703045 0 0 0 0 1
1685094158.305443764 -0.13689885544270416 -0.6163657452524856 0 0 0 0 1
1685094158.338777065 -0.1500027295324554 -0.6370436258375484 0 0 0 0 1
1685094158.372110367 -0.1630576059847581 -0.6577524756961302 0 0 0 0 1
1685094158.405443668 -0.17578547985170498 -0.6784345727687274 0 0 0 0 1
1685094158.438776970 -0.18845989158488427 -0.6991494756097039 0 0 0 0 1
1685094158.472110271 -0.20178551747206747 -0.7201181214539352 0 0 0 0 1
1685094158.505443811 -0.21552985594309879 -0.7410724372016211 0 0 0 0 1
1685094158.538777113 -0.22973187750284552 -0.7626245422791827 0 0 0 0 1
1685094158.572110415 -0.2443803881083316 -0.7848539830222054 0 0 0 0 1
1685094158.605443716 -0.2592170890081089 -0.8069582632664736 0 0 0 0 1
1685094158.638777018 -0.2742409108627427 -0.828935789869502 0 0 0 0 1
1685094158.672110319 -0.2894507708462544 -0.8507849788244395 0 0 0 0 1
1685094158.705443621 -0.305076770226833 -0.8729561327097298 0 0 0 0 1
1685094158.738776922 -0.3205182869033547 -0.8952072786360041 0 0 0 0 1
1685094158.772110462 -0.3359780873712456 -0.9174457251149435 0 0 0 0 1
1685094158.805443764 -0.3512442931019032 -0.9393781538772465 0 0 0 0 1
1685094158.838777065 -0.3663191747726915 -0.9619323730499476 0 0 0 0 1
1685094158.872110367 -0.38128986386738906 -0.9845558857725203 0 0 0 0 1
1685094158.905443668 -0.3961040487182573 -1.007527477973649 0 0 0 0 1
1685094158.938776970 -0.41070559117976 -1.0305833683935612 0 0 0 0 1
1685094158.972110271 -0.42535512317956103 -1.0541220308534758 0 0 0 0 1
1685094159.005443811 -0.4398769307942692 -1.077739704782472 0 0 0 0 1
1685094159.038777113 -0.455010742382109 -1.101631686458412 0 0 0 0 1
1685094159.072110415 -0.47037942707697844 -1.1254290249666932 0 0 0 0 1
1685094159.105443716 -0.48600761987817187 -1.1494336334245303 0 0 0 0 1
1685094159.138777018 -0.5076869296462359 -1.1557651723712041 0 0 0 0 1
1685094159.172110319 -0.4936901173122994 -1.173490016571972 0 0 0 0 1
1685094159.205443621 -0.4825048697100251 -1.1538693363205448 0 0 0 0 1
1685094159.238776922 -0.5048877831702461 -1.1508550300180624 0 0 0 0 1
1685094159.272110462 -0.4992915179752425 -1.1727356761081604 0 0 0 0 1
1685094159.305443764 -0.4811043852007584 -1.1593450428559124 0 0 0 0 1
1685094159.338777065 -0.5003363909772199 -1.1475039782387813 0 0 0 0 1
1685094159.372110367 -0.504104393211411 -1.1697724091807236 0 0 0 0 1
1685094159.405443668 -0.48204734064979227 -1.1649177938770239 0 0 0 0 1
1685094159.438776970 -0.509642093623357 -1.15829465263129 0 0 0 0 1
1685094159.472110271 -0.5340979742231794 -1.1546817965419154 0 0 0 0 1
1685094159.505443811 -0.5553858976010915 -1.1421132984895845 0 0 0 0 1
1685094159.538777113 -0.5707480042259949 -1.1245010929130905 0 0 0 0 1
1685094159.572110415 -0.5884029835076144 -1.1091881633504896 0 0 0 0 1
1685094159.605443716 -0.6085813371066798 -1.0904454419573386 0 0 0 0 1
1685094159.638777018 -0.6168942509708786 -1.08171212092241 0 0 0 0 1
1685094159.672110319 -0.6438354733485708 -1.0735335699018365 0 0 0 0 1
1685094159.705443621 -0.6707336315360741 -1.0652144806415607 0 0 0 0 1
1685094159.738776922 -0.6975879924244996 -1.0567550798782328 0 0 0 0 1
1685094159.772110462 -0.7235272763085416 -1.0490952983979698 0 0 0 0 1
1685094159.805443764 -0.7577053570513305 -1.0211537859603574 0 0 0 0 1
1685094159.838777065 -0.7603035044610101 -0.9770843072863431 0 0 0 0 1
1685094159.872110367 -0.7296454031627896 -0.9453203316952764 0 0 0 0 1
1685094159.905443668 -0.7140648570978406 -0.9433890157728029 0 0 0 0 1
1685094159.938776970 -0.6872025973298268 -0.9459911182965761 0 0 0 0 1
1685094159.972110271 -0.6608737560112466 -0.9484491379375557 0 0 0 0 1
1685094160.005443811 -0.6352600186394918 -0.9505006970286107 0 0 0 0 1
1685094160.038777113 -0.6104028524803238 -0.952546134324868 0 0 0 0 1
1685094160.072110415 -0.585807081749181 -0.9544202720945528 0 0 0 0 1
1685094160.105443716 -0.5611168294742287 -0.9563900731277751 0 0 0 0 1
1685094160.138777018 -0.5364219890222527 -0.9583014936892208 0 0 0 0 1
1685094160.172110319 -0.5120160234657316 -0.9603839462018531 0 0 0 0 1
1685094160.205443621 -0.4875810970567823 -0.9627198252137741 0 0 0 0 1
1685094160.238776922 -0.4631937205794799 -0.9652421207027585 0 0 0 0 1
1685094160.272110462 -0.43928519709356256 -0.9674600213054746 0 0 0 0 1
