1685094164.620735884 -7.340706083072001e-19 -2.1563311914851615e-18 0 0 0 0 1
1685094164.654069185 0.0006598949170493482 -0.014388793346985255 0 0 0 0 1
1685094164.687402487 -0.004284056765908026 -0.02355442187340998 0 0 0 0 1
1685094164.720735788 -0.007561346711778337 -0.03850530231015773 0 0 0 0 1
1685094164.754069090 -0.011239884590567082 -0.05422418858874842 0 0 0 0 1
1685094164.787402391 -0.014987077032248813 -0.0698159535863468 0 0 0 0 1
1685094164.820735693 -0.019187179160931656 -0.08592998450147384 0 0 0 0 1
1685094164.854068995 -0.023455514785506035 -0.10245630747456307 0 0 0 0 1
1685094164.887402534 -0.027944583753782063 -0.11946066895279776 0 0 0 0 1
1685094164.920735836 -0.03275005078235679 -0.13709175154204217 0 0 0 0 1
1685094164.954069138 -0.037624624316572146 -0.15551650924491503 0 0 0 0 1
1685094164.987402439 -0.04264430382498554 -0.17468731130490606 0 0 0 0 1
1685094165.020735741 -0.04740547711572169 -0.194623861645943 0 0 0 0 1
1685094165.054069042 -0.05212649814427108 -0.21456995828295738 0 0 0 0 1
1685094165.087402344 -0.05680734777038508 -0.23452552034927937 0 0 0 0 1
1685094165.120735884 -0.06144800701668043 -0.25449046693986394 0 0 0 0 1
1685094165.154069185 -0.061283102072954856 -0.27245205669721967 0 0 0 0 1
1685094165.187402487 -0.061491787216444785 -0.28788637747429885 0 0 0 0 1
1685094165.220735788 -0.06248731244541312 -0.3032899724072155 0 0 0 0 1
1685094165.254069090 -0.06524540775409708 -0.3279099315679847 0 0 0 0 1
1685094165.287402391 -0.06809017858483399 -0.3525200261986503 0 0 0 0 1
1685094165.320735693 -0.07079469847716544 -0.3775211952627645 0 0 0 0 1
1685094165.354068995 -0.07319553057166395 -0.40270352505786516 0 0 0 0 1
1685094165.387402534 -0.07604905509062465 -0.4281872143848583 0 0 0 0 1
1685094165.420735836 -0.07890992634633243 -0.45377664512460014 0 0 0 0 1
1685094165.454069138 -0.06322395740591122 -0.43014267423653546 0 0 0 0 1
1685094165.487402439 -0.06596443165591132 -0.4127729585005246 0 0 0 0 1
1685094165.520735741 -0.11240260373813792 -0.3881801593551385 0 0 0 0 1
1685094165.554069042 -0.1344002032184307 -0.3743013247030677 0 0 0 0 1
1685094165.587402344 -0.15695661018820045 -0.35970062297335514 0 0 0 0 1
1685094165.620735884 -0.179519726639483 -0.34511029184648295 0 0 0 0 1
1685094165.654069185 -0.20208954780425853 -0.3305303344056685 0 0 0 0 1
1685094165.687402487 -0.22466606891309038 -0.31596075373193666 0 0 0 0 1
1685094165.720735788 -0.2483873035490382 -0.3012087053035416 0 0 0 0 1
1685094165.754069090 -0.27242728762514584 -0.28698200255455947 0 0 0 0 1
1685094165.787402391 -0.29862557782541094 -0.2763213094899874 0 0 0 0 1
1685094165.820735693 -0.32391609650046516 -0.2636567743156885 0 0 0 0 1
1685094165.854068995 -0.3448979022992552 -0.256312230965062 0 0 0 0 1
1685094165.887402534 -0.36703305527873115 -0.25425955120860444 0 0 0 0 1
1685094165.920735836 -0.39526535230066656 -0.2488493863336106 0 0 0 0 1
1685094165.954069138 -0.4234788006811646 -0.2433417725499135 0 0 0 0 1
1685094165.987402439 -0.452290384222401 -0.2368623335818883 0 0 0 0 1
1685094166.020735741 -0.48102657782307445 -0.2299103939471766 0 0 0 0 1
1685094166.054069042 -0.5134860656442588 -0.22208856037704294 0 0 0 0 1
1685094166.087402344 -0.5458498775051009 -0.21387983868310662 0 0 0 0 1
1685094166.120735884 -0.5745175441695767 -0.20655606300678123 0 0 0 0 1
1685094166.154069185 -0.6031282210369373 -0.19901272347219154 0 0 0 0 1
1685094166.187402487 -0.5989875977043613 -0.19989453958195066 0 0 0 0 1
1685094166.220735788 -0.5985916158875795 -0.1956796185109836 0 0 0 0 1
1685094166.254069090 -0.5682819093976873 -0.19561881634613906 0 0 0 0 1
1685094166.287402391 -0.538001112840028 -0.19429391474967656 0 0 0 0 1
1685094166.320735693 -0.5075345406326289 -0.19260802235135335 0 0 0 0 1
1685094166.354068995 -0.4770569327398451 -0.19113504157038239 0 0 0 0 1
1685094166.387402534 -0.4472639645801878 -0.19070973861337706 0 0 0 0 1
1685094166.420735836 -0.41748642258778684 -0.1917584651069826 0 0 0 0 1
1685094166.454069138 -0.38779719084522296 -0.19427865416813042 0 0 0 0 1
1685094166.487402439 -0.3897197738642967 -0.20034899761530578 0 0 0 0 1
1685094166.520735741 -0.3834365377938553 -0.20138163478052862 0 0 0 0 1
1685094166.554069042 -0.3833151720822774 -0.1950152649046929 0 0 0 0 1
1685094166.587402344 -0.36949767188196564 -0.20715604900296142 0 0 0 0 1
1685094166.620735884 -0.3826509124087934 -0.20944647288024318 0 0 0 0 1
1685094166.654069185 -0.39581914821294517 -0.21164904948514532 0 0 0 0 1
1685094166.687402487 -0.40900179259072716 -0.21376368068304685 0 0 0 0 1
1685094166.720735788 -0.42219825819647944 -0.2157902722576873 0 0 0 0 1
1685094166.754069090 -0.4008037074529976 -0.19941005551707428 0 0 0 0 1
1685094166.787402391 -0.3863360182613216 -0.2203372551861675 0 0 0 0 1
1685094166.820735693 -0.3597601298263474 -0.2364632420702498 0 0 0 0 1
1685094166.854068995 -0.3328060256410469 -0.2519487697222787 0 0 0 0 1
1685094166.887402534 -0.3054891373191229 -0.26678497245415456 0 0 0 0 1
1685094166.920735836 -0.2778251041734331 -0.28096335632566694 0 0 0 0 1
1685094166.954069138 -0.24982976426225734 -0.2944758040073979 0 0 0 0 1
1685094166.987402439 -0.2690219164465429 -0.27936787434394705 0 0 0 0 1
1685094167.020735741 -0.2908927553539 -0.3009943722020897 0 0 0 0 1
1685094167.054069042 -0.313020081343294 -0.3223583710945935 0 0 0 0 1
1685094167.087402344 -0.33568630931563354 -0.3441009976309761 0 0 0 0 1
1685094167.120735884 -0.35792895543786696 -0.3662767590085652 0 0 0 0 1
1685094167.154069185 -0.3797397443298672 -0.3888774047317139 0 0 0 0 1
1685094167.187402487 -0.40111056128406025 -0.411894526226485 0 0 0 0 1
1685094167.220735788 -0.42216326363012363 -0.4351024688049361 0 0 0 0 1
1685094167.254069090 -0.44324255113429284 -0.45828626730978006 0 0 0 0 1
1685094167.287402391 -0.46434839610720724 -0.48144589128720966 0 0 0 0 1
1685094167.320735693 -0.4854807708246209 -0.504581310315173 0 0 0 0 1
1685094167.354068995 -0.5066396475274387 -0.5276924940034131 0 0 0 0 1
1685094167.387402534 -0.527981410518241 -0.5510479866887813 0 0 0 0 1
1685094167.420735836 -0.5312351926096045 -0.5605242274361543 0 0 0 0 1
1685094167.454069138 -0.5029515274835034 -0.5492592486658431 0 0 0 0 1
1685094167.487402439 -0.47423307928474995 -0.5391539929681127 0 0 0 0 1
1685094167.520735741 -0.44405765549834736 -0.5295422066228526 0 0 0 0 1
1685094167.554069042 -0.41533499236418864 -0.5197940073328655 0 0 0 0 1
1685094167.587402344 -0.3932691822175176 -0.5131713235878804 0 0 0 0 1
1685094167.620735884 -0.3644265435353105 -0.5027717212477608 0 0 0 0 1
1685094167.654069185 -0.3354921338823114 -0.49263024832626673 0 0 0 0 1
1685094167.687402487 -0.3064682633557155 -0.48274771450945825 0 0 0 0 1
1685094167.720735788 -0.2775654501349264 -0.472545798421734 0 0 0 0 1
1685094167.754069090 -0.2851874173672502 -0.46685027426128856 0 0 0 0 1
1685094167.787402391 -0.2649234048670366 -0.478768144498054 0 0 0 0 1
1685094167.820735693 -0.2914177231414249 -0.4912726244608945 0 0 0 0 1
1685094167.854068995 -0.30039110036548516 -0.5077279034799091 0 0 0 0 1
1685094167.887402534 -0.3110403962242923 -0.5255339825681152 0 0 0 0 1
1685094167.920735836 -0.33165986927891583 -0.5232315304549311 0 0 0 0 1
1685094167.954069138 -0.3348149656604553 -0.4916003444728218 0 0 0 0 1
1685094167.987402439 -0.3374913651763816 -0.45998735989685235 0 0 0 0 1
1685094168.020735741 -0.34009828539819464 -0.4563008590514076 0 0 0 0 1
1685094168.054069042 -0.3710018628078882 -0.46328712063953786 0 0 0 0 1
1685094168.087402344 -0.4016900543713442 -0.4711658163602352 0 0 0 0 1
1685094168.120735884 -0.432137094082282 -0.47993033120906065 0 0 0 0 1
1685094168.154069185 -0.4622795409914754 -0.4881332240472613 0 0 0 0 1
1685094168.187402487 -0.4920261279814885 -0.49731568498047707 0 0 0 0 1
1685094168.220735788 -0.5218788121052679 -0.5073130992559067 0 0 0 0 1
1685094168.254069090 -0.5085898694749608 -0.49129279276732957 0 0 0 0 1
1685094168.287402391 -0.5020216812998172 -0.4841265878140646 0 0 0 0 1
1685094168.320735693 -0.5117063375851628 -0.45402959747511284 0 0 0 0 1
1685094168.354068995 -0.5214180661588357 -0.42394133193953326 0 0 0 0 1
1685094168.387402534 -0.5311483940109257 -0.4047517109401982 0 0 0 0 1
1685094168.420735836 -0.5355055505578727 -0.39470195729595586 0 0 0 0 1
1685094168.454069138 -0.5356912291227709 -0.4056540294722658 0 0 0 0 1
1685094168.487402439 -0.5309959127358563 -0.3957577490845981 0 0 0 0 1
1685094168.520735741 -0.5393613958996546 -0.40282889134881344 0 0 0 0 1
1685094168.554069042 -0.5165925836808306 -0.3887734705421179 0 0 0 0 1
1685094168.587402344 -0.5013454274871953 -0.3667848850506351 0 0 0 0 1
1685094168.620735884 -0.4961649844896505 -0.34053347224563457 0 0 0 0 1
1685094168.654069185 -0.501915974864989 -0.31440112115331753 0 0 0 0 1
1685094168.687402487 -0.5176384425985506 -0.2927498470042872 0 0 0 0 1
1685094168.720735788 -0.5407079914592354 -0.2791936831194031 0 0 0 0 1
1685094168.754069090 -0.5672738495383866 -0.27599542602721044 0 0 0 0 1
1685094168.787402391 -0.5929016405663017 -0.283688929191496 0 0 0 0 1
1685094168.820735693 -0.5678757066609543 -0.2586101213760665 0 0 0 0 1
1685094168.854068995 -0.5719255240258918 -0.293807322239043 0 0 0 0 1
1685094168.887402534 -0.5581658778415343 -0.3230999162377948 0 0 0 0 1
1685094168.920735836 -0.5439958264175726 -0.35226963676468337 0 0 0 0 1
1685094168.954069138 -0.5296963268714088 -0.3817979094559362 0 0 0 0 1
1685094168.987402439 -0.539147502148571 -0.38357995335668293 0 0 0 0 1
1685094169.020735741 -0.5419726500807911 -0.3743865353989859 0 0 0 0 1
1685094169.054069042 -0.5617902607154004 -0.3492431029644979 0 0 0 0 1
1685094169.087402344 -0.581483226212644 -0.32399120559185357 0 0 0 0 1
1685094169.120735884 -0.6005350186829924 -0.2982521221843006 0 0 0 0 1
1685094169.154069185 -0.6189335907930515 -0.2720421287599377 0 0 0 0 1
1685094169.187402487 -0.6366673082710057 -0.24537779911514263 0 0 0 0 1
1685094169.220735788 -0.6536332709685676 -0.21843413619610785 0 0 0 0 1
1685094169.254069090 -0.6704790956957906 -0.1917428756623518 0 0 0 0 1
1685094169.287402391 -0.6804091504153892 -0.17618852504666654 0 0 0 0 1
1685094169.320735693 -0.6891274875065554 -0.1619858182813348 0 0 0 0 1
1685094169.354068995 -0.7048105554004969 -0.16762209919442175 0 0 0 0 1
1685094169.387402534 -0.7030028569387176 -0.17308624032802883 0 0 0 0 1
1685094169.420735836 -0.7184232531156661 -0.1860983110352589 0 0 0 0 1
1685094169.454069138 -0.7352239163053395 -0.1972715074772429 0 0 0 0 1
1685094169.487402439 -0.7531866746969633 -0.20646073558999276 0 0 0 0 1
1685094169.520735741 -0.779873336145343 -0.22358435944900026 0 0 0 0 1
1685094169.554069042 -0.8061794513697603 -0.24128703425042186 0 0 0 0 1
1685094169.587402344 -0.8323318245638531 -0.25262340019816065 0 0 0 0 1
1685094169.620735884 -0.815553570427102 -0.28003224935591464 0 0 0 0 1
1685094169.654069185 -0.7981384288863691 -0.3070409085071231 0 0 0 0 1
1685094169.687402487 -0.7805244042205749 -0.3340383036127089 0 0 0 0 1
1685094169.720735788 -0.7685658429292317 -0.333134127945941 0 0 0 0 1
1685094169.754069090 -0.7619156939865858 -0.32315413592010195 0 0 0 0 1
1685094169.787402391 -0.7656855394393904 -0.3117693659594416 0 0 0 0 1
1685094169.820735693 -0.7769777187236818 -0.30773062744270074 0 0 0 0 1
1685094169.854068995 -0.7940115735211687 -0.298152006314189 0 0 0 0 1
1685094169.887402534 -0.8109251503718157 -0.28836256761206225 0 0 0 0 1
1685094169.920735836 -0.8388951979550101 -0.2719185015495023 0 0 0 0 1
1685094169.954069138 -0.8577266679106501 -0.25832502299709786 0 0 0 0 1
1685094169.987402439 -0.8680796088423077 -0.2375350366115695 0 0 0 0 1
1685094170.020735741 -0.8675802992051485 -0.2143152689613304 0 0 0 0 1
1685094170.054069042 -0.8542627888959926 -0.1846334215936129 0 0 0 0 1
1685094170.087402344 -0.8525830635663327 -0.17645164488309478 0 0 0 0 1
1685094170.120735884 -0.8508096231869695 -0.16828966861844397 0 0 0 0 1
1685094170.154069185 -0.8367193682308092 -0.1391545430683888 0 0 0 0 1
1685094170.187402487 -0.823125162954678 -0.10978468763024446 0 0 0 0 1
1685094170.220735788 -0.8100863039843347 -0.07989288242975667 0 0 0 0 1
1685094170.254069090 -0.8030921518385582 -0.0653617488296341 0 0 0 0 1
1685094170.287402391 -0.7938353942880627 -0.03405627140001039 0 0 0 0 1
1685094170.320735693 -0.7846106551647976 -0.0027413441998229877 0 0 0 0 1
1685094170.354068995 -0.776101655285184 0.02985867598425033 0 0 0 0 1
1685094170.387402534 -0.8086373540901042 0.038610401427199854 0 0 0 0 1
1685094170.420735836 -0.8176313189800067 0.006140831203489565 0 0 0 0 1
1685094170.454069138 -0.7852296808664374 -0.0030948735617433035 0 0 0 0 1
1685094170.487402439 -0.7693999654530674 0.02635516541405612 0 0 0 0 1
1685094170.520735741 -0.7485478819033881 0.052490874652215 0 0 0 0 1
1685094170.554069042 -0.7288354783557295 0.07796281335163391 0 0 0 0 1
1685094170.587402344 -0.7079204139222988 0.10245686557820811 0 0 0 0 1
1685094170.620735884 -0.6845694255827045 0.12147209567572607 0 0 0 0 1
1685094170.654069185 -0.6838537858243399 0.14807811013711905 0 0 0 0 1
1685094170.687402487 -0.7101209959620175 0.14378557972177095 0 0 0 0 1
1685094170.720735788 -0.7337569369627938 0.11860702545030156 0 0 0 0 1
1685094170.754069090 -0.7514827733916745 0.09229903830251864 0 0 0 0 1
1685094170.787402391 -0.7740772446928127 0.07131146647685334 0 0 0 0 1
1685094170.820735693 -0.7964750195736312 0.05011410850696484 0 0 0 0 1
1685094170.854068995 -0.7956140390511443 0.029416263009214082 0 0 0 0 1
1685094170.887402534 -0.7901977511771889 0.00767576921515858 0 0 0 0 1
1685094170.920735836 -0.7603936113309033 0.002151986422908676 0 0 0 0 1
1685094170.954069138 -0.730631344907564 -0.003593135478241122 0 0 0 0 1
1685094170.987402439 -0.7009125956486356 -0.009559279190711544 0 0 0 0 1
1685094171.020735741 -0.6701872958027794 -0.015140108974848847 0 0 0 0 1
1685094171.054069042 -0.6396583900244649 -0.020937049155786463 0 0 0 0 1
1685094171.087402344 -0.6091504538836486 -0.026843353915146882 0 0 0 0 1
1685094171.120735884 -0.5786638791589055 -0.03285894740500479 0 0 0 0 1
1685094171.154069185 -0.5481990573544903 -0.03898375237396454 0 0 0 0 1
1685094171.187402487 -0.5177563796953097 -0.045217690168152205 0 0 0 0 1
