1685094124.844027996 3.9391527162067366e-20 2.191182198982459e-19 0 0 0 0 1
1685094124.877361298 0.0002999527159658163 -0.012156035063418115 0 0 0 0 1
1685094124.910694599 0.0006350278399559408 -0.02502977039389338 0 0 0 0 1
1685094124.944027901 0.0008523393011267861 -0.038353177502691134 0 0 0 0 1
1685094124.977361441 0.0012009277455400805 -0.05209399456597745 0 0 0 0 1
1685094125.010694742 0.0015306522552364745 -0.06618844553522851 0 0 0 0 1
1685094125.044028044 0.0016493278273314572 -0.08049496448590836 0 0 0 0 1
1685094125.077361345 0.0012868027649751322 -0.09500421901228837 0 0 0 0 1
1685094125.110694647 0.0011456021350140365 -0.10987739278053185 0 0 0 0 1
1685094125.144027948 0.0006662570708002259 -0.12551118543913203 0 0 0 0 1
1685094125.177361250 0.00016088269484325468 -0.1417465910884937 0 0 0 0 1
1685094125.210694790 -0.0003106762091893526 -0.15825946697066692 0 0 0 0 1
1685094125.244028091 -0.002012261845449461 -0.17576104396326275 0 0 0 0 1
1685094125.277361393 -0.0029767635714757134 -0.19341330817212377 0 0 0 0 1
1685094125.310694695 -0.004023519523919364 -0.21154781919641294 0 0 0 0 1
1685094125.344027996 -0.005226455163712719 -0.23024508030358604 0 0 0 0 1
1685094125.377361298 -0.006626744280119321 -0.24956872844097744 0 0 0 0 1
1685094125.410694599 -0.007940498411734522 -0.26939658034326425 0 0 0 0 1
1685094125.444027901 -0.00921949585221741 -0.2892267045618513 0 0 0 0 1
1685094125.477361441 -0.010661216175479764 -0.3111703221907673 0 0 0 0 1
1685094125.510694742 -0.010036367881694897 -0.306043200051175 0 0 0 0 1
1685094125.544028044 0.008837637137820854 -0.3085948024810031 0 0 0 0 1
1685094125.577361345 0.025500854327141317 -0.29624945825962007 0 0 0 0 1
1685094125.610694647 0.04620433210219019 -0.28398010686680286 0 0 0 0 1
1685094125.644027948 0.061160433079673865 -0.2717708811319212 0 0 0 0 1
1685094125.677361250 0.0783321135821508 -0.25464645380437717 0 0 0 0 1
1685094125.710694790 0.08918883080674443 -0.24314591210095785 0 0 0 0 1
1685094125.744028091 0.10059053352971188 -0.23218544024140944 0 0 0 0 1
1685094125.777361393 0.1125103877586211 -0.22179083377803477 0 0 0 0 1
1685094125.810694695 0.13862638826355222 -0.20223665006631858 0 0 0 0 1
1685094125.844027996 0.15953096642379133 -0.18626946266163324 0 0 0 0 1
1685094125.877361298 0.180960757879718 -0.17016165767540584 0 0 0 0 1
1685094125.910694599 0.20252881227889574 -0.1546788688333331 0 0 0 0 1
1685094125.944027901 0.2242808654389717 -0.13849287017139628 0 0 0 0 1
1685094125.977361441 0.24641205602480507 -0.12207917719952893 0 0 0 0 1
1685094126.010694742 0.268787035850451 -0.10599940134527198 0 0 0 0 1
1685094126.044028044 0.29096778101899584 -0.089014071812836 0 0 0 0 1
1685094126.077361345 0.31302618631731194 -0.0718701623621714 0 0 0 0 1
1685094126.110694647 0.3349611180109449 -0.0545685541377021 0 0 0 0 1
1685094126.144027948 0.35677144871160527 -0.03711013638908579 0 0 0 0 1
1685094126.177361250 0.37845605743511285 -0.019495806425509354 0 0 0 0 1
1685094126.210694790 0.40042277917861085 -0.0011887494638930388 0 0 0 0 1
1685094126.244028091 0.42291062684361436 0.016663722006622427 0 0 0 0 1
1685094126.277361393 0.4458857835031432 0.03404196874283063 0 0 0 0 1
1685094126.310694695 0.4488555448333742 0.028123115067677177 0 0 0 0 1
1685094126.344027996 0.4526255035225788 0.033567352633039685 0 0 0 0 1
1685094126.377361298 0.45415505719369703 0.004144929478974194 0 0 0 0 1
1685094126.410694599 0.4551115504840412 -0.02478038334479454 0 0 0 0 1
1685094126.444027901 0.4559221898039964 -0.05380210531688296 0 0 0 0 1
1685094126.477361441 0.45644530176243975 -0.08283043348457443 0 0 0 0 1
1685094126.510694742 0.45223365516157193 -0.09295040272459497 0 0 0 0 1
1685094126.544028044 0.45918834748899373 -0.10142294656575998 0 0 0 0 1
1685094126.577361345 0.47061615032259674 -0.09337335745417666 0 0 0 0 1
1685094126.610694647 0.4952906846367964 -0.1035650885163683 0 0 0 0 1
1685094126.644027948 0.4661488825635098 -0.11258221633905384 0 0 0 0 1
1685094126.677361250 0.4470259541240543 -0.11892233159716116 0 0 0 0 1
1685094126.710694790 0.41914590708327015 -0.12798417021622038 0 0 0 0 1
1685094126.744028091 0.3912382366843101 -0.13696057679442442 0 0 0 0 1
1685094126.777361393 0.36330320471348654 -0.1458514671291027 0 0 0 0 1
1685094126.810694695 0.3353410732137752 -0.154656757819765 0 0 0 0 1
1685094126.844027996 0.30733594674063075 -0.16317470886004565 0 0 0 0 1
1685094126.877361298 0.2788375714024475 -0.1719025140112349 0 0 0 0 1
1685094126.910694599 0.26432708102713554 -0.17213880917594643 0 0 0 0 1
1685094126.944027901 0.2508490807579117 -0.1667579472487371 0 0 0 0 1
1685094126.977361441 0.24049099125187043 -0.15659329535495695 0 0 0 0 1
1685094127.010694742 0.2208734549242305 -0.13324279883462825 0 0 0 0 1
1685094127.044028044 0.20215828225196886 -0.10996773969730135 0 0 0 0 1
1685094127.077361345 0.18352020608236133 -0.08640821616258108 0 0 0 0 1
1685094127.110694647 0.16456404026570726 -0.06290574404395824 0 0 0 0 1
1685094127.144027948 0.14537843107730739 -0.038329529455413625 0 0 0 0 1
1685094127.177361250 0.12645115058556594 -0.013553816012221918 0 0 0 0 1
1685094127.210694790 0.11057529150896811 0.009556047694476214 0 0 0 0 1
1685094127.244028091 0.09586401127284938 0.03342416315792537 0 0 0 0 1
1685094127.277361393 0.12143020496842574 0.04531583083662912 0 0 0 0 1
1685094127.310694695 0.11673532686728016 0.010535708055514811 0 0 0 0 1
1685094127.344027996 0.11926886770437388 -0.02446829159996429 0 0 0 0 1
1685094127.377361298 0.12892324875029199 -0.05820983495047243 0 0 0 0 1
1685094127.410694599 0.13387101356060263 -0.08814320067793259 0 0 0 0 1
1685094127.444027901 0.13836599598986118 -0.1181478985326468 0 0 0 0 1
1685094127.477361441 0.14221898274611028 -0.1501020914338134 0 0 0 0 1
1685094127.510694742 0.14273237701737512 -0.17984227302659703 0 0 0 0 1
1685094127.544028044 0.1254492760924281 -0.1634381533327604 0 0 0 0 1
1685094127.577361345 0.13820639926452483 -0.16237152092415688 0 0 0 0 1
1685094127.610694647 0.14070653354198634 -0.1320553758339529 0 0 0 0 1
1685094127.644027948 0.15483874782912505 -0.12471504942530562 0 0 0 0 1
1685094127.677361250 0.18135726359738827 -0.11166197951273596 0 0 0 0 1
1685094127.710694790 0.20823159426328616 -0.0992259764194626 0 0 0 0 1
1685094127.744028091 0.23539348276270936 -0.08743124730765897 0 0 0 0 1
1685094127.777361393 0.26264403274532455 -0.07583693239241676 0 0 0 0 1
1685094127.810694695 0.28965092159602635 -0.06838612426900853 0 0 0 0 1
1685094127.844027996 0.28971158549252346 -0.06901228998149342 0 0 0 0 1
1685094127.877361298 0.2758439535124848 -0.059261430915333424 0 0 0 0 1
1685094127.910694599 0.25027243127556437 -0.0443032284028555 0 0 0 0 1
1685094127.944027901 0.22449013741123328 -0.029711316430434082 0 0 0 0 1
1685094127.977361441 0.23054477561300846 -0.024040393330112875 0 0 0 0 1
1685094128.010694742 0.20435436000344537 -0.012865824922512727 0 0 0 0 1
1685094128.044028044 0.17764459862876922 -0.001547281756120757 0 0 0 0 1
1685094128.077361345 0.1510010881519981 0.009926345463542827 0 0 0 0 1
1685094128.110694647 0.12442472902383041 0.021554668970922366 0 0 0 0 1
1685094128.144027948 0.09791641942550094 0.03333729577230807 0 0 0 0 1
1685094128.177361250 0.07054757243773921 0.045493524366231074 0 0 0 0 1
1685094128.210694790 0.04646713106682659 0.05218465750724342 0 0 0 0 1
1685094128.244028091 0.027788035981238406 0.0881536487824932 0 0 0 0 1
1685094128.277361393 0.01463641801154912 0.09816298108719587 0 0 0 0 1
1685094128.310694695 0.005509126178535198 0.12659236618363956 0 0 0 0 1
1685094128.344027996 -0.0031881708597607085 0.15515623177278118 0 0 0 0 1
1685094128.377361298 0.016612514065402054 0.16066643043655213 0 0 0 0 1
1685094128.410694599 -0.005808557141828087 0.14033586330387832 0 0 0 0 1
1685094128.444027901 -0.027664041025204426 0.12016981418212735 0 0 0 0 1
1685094128.477361441 -0.05292590469231779 0.09818219791194248 0 0 0 0 1
1685094128.510694742 -0.07897010777867206 0.0771271151342032 0 0 0 0 1
1685094128.544028044 -0.10223151015130816 0.05736037524007511 0 0 0 0 1
1685094128.577361345 -0.12615790790642958 0.03840399539455832 0 0 0 0 1
1685094128.610694647 -0.1507210843694409 0.020280331073269403 0 0 0 0 1
1685094128.644027948 -0.17589207190533165 0.0030107557208808237 0 0 0 0 1
1685094128.677361250 -0.1734169706183894 -0.003926507811856347 0 0 0 0 1
1685094128.710694790 -0.17576172919170538 -0.032228875974163344 0 0 0 0 1
1685094128.744028091 -0.16713918116407375 -0.025226076871018067 0 0 0 0 1
1685094128.777361393 -0.17804036977897025 -0.023092625078669108 0 0 0 0 1
1685094128.810694695 -0.2067974297824594 -0.014946133986656082 0 0 0 0 1
1685094128.844027996 -0.23515528690459883 -0.006653252455457418 0 0 0 0 1
1685094128.877361298 -0.26392756106414494 0.0017689358615485776 0 0 0 0 1
1685094128.910694599 -0.29271468291711594 0.01014023395571519 0 0 0 0 1
1685094128.944027901 -0.32151656245281024 0.018460615651920767 0 0 0 0 1
1685094128.977361441 -0.3445243662096612 0.018042436741552734 0 0 0 0 1
1685094129.010694742 -0.3741967478554164 0.014891578417755359 0 0 0 0 1
1685094129.044028044 -0.40388933689622447 0.011937209320692655 0 0 0 0 1
1685094129.077361345 -0.43360083220333684 0.009179458910768361 0 0 0 0 1
1685094129.110694647 -0.4487293333948068 0.0009171764496228895 0 0 0 0 1
1685094129.144027948 -0.455258497938771 -0.015036095005658673 0 0 0 0 1
1685094129.177361250 -0.45026364269497915 -0.031534224622728146 0 0 0 0 1
1685094129.210694790 -0.43598217013983426 -0.04118701703864098 0 0 0 0 1
1685094129.244028091 -0.40700484449073715 -0.05023345074891022 0 0 0 0 1
1685094129.277361393 -0.37818395807654553 -0.058798822618252936 0 0 0 0 1
1685094129.310694695 -0.34916151962276537 -0.06665421281584383 0 0 0 0 1
1685094129.344027996 -0.320042821712402 -0.07443818232567306 0 0 0 0 1
1685094129.377361298 -0.2907291246962367 -0.08257320669895334 0 0 0 0 1
1685094129.410694599 -0.2614007063479238 -0.09065499681598464 0 0 0 0 1
1685094129.444027901 -0.24075103493026218 -0.10544438963857726 0 0 0 0 1
1685094129.477361441 -0.22172092202693908 -0.12745079443389393 0 0 0 0 1
1685094129.510694742 -0.20270673300948733 -0.14947095940006017 0 0 0 0 1
1685094129.544028044 -0.1837084778275192 -0.17150487301451778 0 0 0 0 1
1685094129.577361345 -0.16124493978423177 -0.18313037277127045 0 0 0 0 1
1685094129.610694647 -0.13850481066193226 -0.1942050878248337 0 0 0 0 1
1685094129.644027948 -0.11760724249237688 -0.21657594253941015 0 0 0 0 1
1685094129.677361250 -0.09829601460264568 -0.2403296785287817 0 0 0 0 1
1685094129.710694790 -0.08131587253547035 -0.2644440706920645 0 0 0 0 1
1685094129.744028091 -0.06455802088930622 -0.2887134658685249 0 0 0 0 1
1685094129.777361393 -0.04802387451591957 -0.3131358150128941 0 0 0 0 1
1685094129.810694695 -0.0305513991181927 -0.3389746267518873 0 0 0 0 1
1685094129.844027996 -0.010466546208824408 -0.3690394070505501 0 0 0 0 1
1685094129.877361298 0.006877282129284818 -0.3941314742938165 0 0 0 0 1
1685094129.910694599 0.02437626591993171 -0.4193331192901661 0 0 0 0 1
1685094129.944027901 0.041390091136296575 -0.44486480736076456 0 0 0 0 1
1685094129.977361441 0.05824859859677391 -0.4423299261786786 0 0 0 0 1
1685094130.010694742 0.06638580267536484 -0.4573106072775347 0 0 0 0 1
1685094130.044028044 0.05508248868603476 -0.47007265998314895 0 0 0 0 1
1685094130.077361345 0.039228617375137234 -0.4638045134580775 0 0 0 0 1
1685094130.110694647 0.06728541676848862 -0.451938612819026 0 0 0 0 1
1685094130.144027948 0.09545582949466842 -0.4403450181645932 0 0 0 0 1
1685094130.177361250 0.08664535519952331 -0.409652610126158 0 0 0 0 1
1685094130.210694790 0.07231657389581107 -0.43628330656327236 0 0 0 0 1
1685094130.244028091 0.059009159370734844 -0.46313092033846526 0 0 0 0 1
1685094130.277361393 0.0454306615874154 -0.48984245426507705 0 0 0 0 1
1685094130.310694695 0.03313360837563619 -0.510381810215466 0 0 0 0 1
1685094130.344027996 0.026620663409368465 -0.5334179602500633 0 0 0 0 1
1685094130.377361298 0.02634289261658949 -0.5573554936220878 0 0 0 0 1
1685094130.410694599 0.03465466546479578 -0.5865919053152187 0 0 0 0 1
1685094130.444027901 0.04290690729987681 -0.6157454332245297 0 0 0 0 1
1685094130.477361441 0.05124805495253112 -0.6448736487671999 0 0 0 0 1
1685094130.510694742 0.05948716959027729 -0.674442721173817 0 0 0 0 1
1685094130.544028044 0.0676756875165605 -0.7040258452004073 0 0 0 0 1
1685094130.577361345 0.07595222804863362 -0.7322912644601149 0 0 0 0 1
1685094130.610694647 0.08463584133813341 -0.7608363644821102 0 0 0 0 1
1685094130.644027948 0.09355218842194711 -0.7896808637474572 0 0 0 0 1
1685094130.677361250 0.09917850252402989 -0.8120015834462745 0 0 0 0 1
1685094130.710694790 0.10032632168822826 -0.830544493569211 0 0 0 0 1
1685094130.744028091 0.10103651291980122 -0.8599648246292475 0 0 0 0 1
1685094130.777361393 0.10298432398869113 -0.8829042606211989 0 0 0 0 1
1685094130.810694695 0.10178380004797483 -0.8911087320503533 0 0 0 0 1
1685094130.844027996 0.10841078527802481 -0.8960924732078316 0 0 0 0 1
1685094130.877361298 0.13678766466285275 -0.887750207194138 0 0 0 0 1
1685094130.910694599 0.1745488341980536 -0.8681251036969 0 0 0 0 1
1685094130.944027901 0.1853103918588924 -0.8399189721861587 0 0 0 0 1
1685094130.977361441 0.19534379605311755 -0.8122451291218494 0 0 0 0 1
1685094131.010694742 0.2067393233153974 -0.7872652224426594 0 0 0 0 1
1685094131.044028044 0.21963805001220543 -0.7594667780175324 0 0 0 0 1
1685094131.077361345 0.23226101097703822 -0.7327207584656988 0 0 0 0 1
1685094131.110694647 0.2425442874163843 -0.7168881550211573 0 0 0 0 1
1685094131.144027948 0.25561108944978284 -0.689886442350721 0 0 0 0 1
1685094131.177361250 0.26561147887146447 -0.661643890369794 0 0 0 0 1
1685094131.210694790 0.27638325403221387 -0.6364356036906116 0 0 0 0 1
1685094131.244028091 0.28939732024907977 -0.6090139441563052 0 0 0 0 1
1685094131.277361393 0.2901131490041237 -0.6319307227421992 0 0 0 0 1
1685094131.310694695 0.30448219887300504 -0.6140639503020787 0 0 0 0 1
1685094131.344027996 0.3331448287001843 -0.622679535868857 0 0 0 0 1
1685094131.377361298 0.3552186812490258 -0.6434233661426673 0 0 0 0 1
1685094131.410694599 0.36082416933363953 -0.6212627939021972 0 0 0 0 1
1685094131.444027901 0.36805275434908125 -0.5920947619288003 0 0 0 0 1
1685094131.477361441 0.37584151034252955 -0.5630712919329315 0 0 0 0 1
1685094131.510694742 0.3841875505590106 -0.534203140914353 0 0 0 0 1
1685094131.544028044 0.39308778169670205 -0.5055010083067879 0 0 0 0 1
1685094131.577361345 0.4025937681465966 -0.476695036795852 0 0 0 0 1
1685094131.610694647 0.4187031292003295 -0.4515034810342491 0 0 0 0 1
1685094131.644027948 0.44341707385236623 -0.4346705687792193 0 0 0 0 1
1685094131.677361250 0.4727579977101162 -0.42890548574224635 0 0 0 0 1
1685094131.710694790 0.501951481865836 -0.4267493128087848 0 0 0 0 1
1685094131.744028091 0.5310421110831377 -0.42348681520560816 0 0 0 0 1
1685094131.777361393 0.5596243706396062 -0.42006186606342977 0 0 0 0 1
