1685094307.029958963 6.703693899109667e-20 7.785824106490502e-19 0 0 0 0 1
1685094307.063292265 -0.00012021401622149 -0.018458001124912353 0 0 0 0 1
1685094307.096625566 -0.00020479455269982629 -0.03737161559556404 0 0 0 0 1
1685094307.129958868 -0.00035944617803758546 -0.05666365733654899 0 0 0 0 1
1685094307.163292170 -0.00062945054479498 -0.07619913005439212 0 0 0 0 1
1685094307.196625471 -7.657969917524914e-05 -0.09461796275894463 0 0 0 0 1
1685094307.229959011 9.813886384697398e-05 -0.11575646732792384 0 0 0 0 1
1685094307.263292313 0.00013090752878808085 -0.13657894775869872 0 0 0 0 1
1685094307.296625614 -6.34368681626151e-05 -0.15664389035679677 0 0 0 0 1
1685094307.329958916 0.0011475084844961322 -0.17737310140275098 0 0 0 0 1
1685094307.363292217 0.002543470431774355 -0.1982507977253424 0 0 0 0 1
1685094307.396625519 0.0040267520960907835 -0.2195352659095625 0 0 0 0 1
1685094307.429958820 0.0055709215132288435 -0.24139149233531607 0 0 0 0 1
1685094307.463292360 0.0071446638791434125 -0.26397631041171826 0 0 0 0 1
1685094307.496625662 0.008419595481660064 -0.28744513345819533 0 0 0 0 1
1685094307.529958963 0.009702564695604321 -0.3110370232734647 0 0 0 0 1
1685094307.563292265 0.011201485507929342 -0.33499463987204703 0 0 0 0 1
1685094307.596625566 0.012862771281697903 -0.3596602122873908 0 0 0 0 1
1685094307.629958868 0.014388029642368782 -0.3847397419756996 0 0 0 0 1
1685094307.663292170 0.015750752656502224 -0.41009006021258326 0 0 0 0 1
1685094307.696625471 0.01712048180728281 -0.4352042856762761 0 0 0 0 1
1685094307.729959011 0.01884745022905686 -0.46068975350581653 0 0 0 0 1
1685094307.763292313 0.017272491784808178 -0.4835823999438326 0 0 0 0 1
1685094307.796625614 0.013860671284226158 -0.509551272317898 0 0 0 0 1
1685094307.829958916 0.009910909080325192 -0.5348070575126296 0 0 0 0 1
1685094307.863292217 0.005537319997066986 -0.5612441017212098 0 0 0 0 1
1685094307.896625519 0.0014601360443665676 -0.5885275765059622 0 0 0 0 1
1685094307.929958820 -0.002541240358866224 -0.615763473190759 0 0 0 0 1
1685094307.963292360 -0.006680695841353477 -0.6425233098102472 0 0 0 0 1
1685094307.996625662 -0.01104513275481836 -0.6691499982178413 0 0 0 0 1
1685094308.029958963 -0.015345985223956447 -0.6960827942875776 0 0 0 0 1
1685094308.063292265 -0.01974347152160351 -0.7235118670067637 0 0 0 0 1
1685094308.096625566 -0.024038093374360404 -0.7484825760595489 0 0 0 0 1
1685094308.129958868 -0.028401880695607895 -0.7757308347551509 0 0 0 0 1
1685094308.163292170 -0.03299027885644378 -0.8031880138635122 0 0 0 0 1
1685094308.196625471 -0.03779634176181538 -0.8302125363085088 0 0 0 0 1
1685094308.229959011 -0.04296348352316994 -0.8575648956186018 0 0 0 0 1
1685094308.263292313 -0.04791686385278187 -0.8846592681865846 0 0 0 0 1
1685094308.296625614 -0.052529449139849464 -0.9123042085844166 0 0 0 0 1
1685094308.329958916 -0.05724952977441239 -0.9400039424432851 0 0 0 0 1
1685094308.363292217 -0.06194175960731241 -0.967617548696874 0 0 0 0 1
1685094308.396625519 -0.06656951895987243 -0.9952472781025181 0 0 0 0 1
1685094308.429958820 -0.0712019784875733 -1.0229494588014973 0 0 0 0 1
1685094308.463292360 -0.07579416080111458 -1.0507990893358228 0 0 0 0 1
1685094308.496625662 -0.08071605255234635 -1.0786735434389239 0 0 0 0 1
1685094308.529958963 -0.08495435187005676 -1.1059266917081385 0 0 0 0 1
1685094308.563292265 -0.08760276062608528 -1.134076666416126 0 0 0 0 1
1685094308.596625566 -0.09024850908947216 -1.1621414981365648 0 0 0 0 1
1685094308.629958868 -0.09298260599849197 -1.189742727548215 0 0 0 0 1
1685094308.663292170 -0.09644930336501621 -1.2149946269347192 0 0 0 0 1
1685094308.696625471 -0.10082230097449582 -1.2419634363108532 0 0 0 0 1
1685094308.729959011 -0.1047157918149189 -1.2686959115359449 0 0 0 0 1
1685094308.763292313 -0.10967143967845672 -1.2949295621453536 0 0 0 0 1
1685094308.796625614 -0.11454963389975692 -1.320716914986952 0 0 0 0 1
1685094308.829958916 -0.11948332976565465 -1.3463608487627625 0 0 0 0 1
1685094308.863292217 -0.12444707871970488 -1.372434204307704 0 0 0 0 1
1685094308.896625519 -0.12935826153040406 -1.3990939734137846 0 0 0 0 1
1685094308.929958820 -0.13441992644432388 -1.425675207231524 0 0 0 0 1
1685094308.963292360 -0.1395340522129488 -1.4527091154918128 0 0 0 0 1
1685094308.996625662 -0.14461947453383314 -1.4801865692590621 0 0 0 0 1
1685094309.029958963 -0.14956899369920554 -1.5078909763005317 0 0 0 0 1
1685094309.063292265 -0.15438282225666286 -1.5350879733774354 0 0 0 0 1
1685094309.096625566 -0.15809618665619607 -1.5620104946818447 0 0 0 0 1
1685094309.129958868 -0.1618564548517069 -1.5910186372760504 0 0 0 0 1
1685094309.163292170 -0.16566588672718519 -1.6201504489034821 0 0 0 0 1
1685094309.196625471 -0.1686988654767727 -1.6469323403273008 0 0 0 0 1
1685094309.229959011 -0.17125342405174238 -1.67652395838948 0 0 0 0 1
1685094309.263292313 -0.1737738192178882 -1.706210423527087 0 0 0 0 1
1685094309.296625614 -0.17630640248063287 -1.7362275316933637 0 0 0 0 1
1685094309.329958916 -0.1788191459138389 -1.7662046917348015 0 0 0 0 1
1685094309.363292217 -0.18133964355702736 -1.7964002100897265 0 0 0 0 1
1685094309.396625519 -0.18380197951391083 -1.8266256646413088 0 0 0 0 1
1685094309.429958820 -0.1861935385947864 -1.8567237364360993 0 0 0 0 1
1685094309.463292360 -0.18838182556673586 -1.8866062863764042 0 0 0 0 1
1685094309.496625662 -0.19121276702098763 -1.917444957824341 0 0 0 0 1
1685094309.529958963 -0.19393361989559196 -1.9484028231158816 0 0 0 0 1
1685094309.563292265 -0.19631980554510498 -1.9793880390252296 0 0 0 0 1
1685094309.596625566 -0.19893319017579913 -2.0101022380226774 0 0 0 0 1
1685094309.629958868 -0.20187083947217707 -2.040368566812993 0 0 0 0 1
1685094309.663292170 -0.20400746028775577 -2.071105941624699 0 0 0 0 1
1685094309.696625471 -0.20646562422271106 -2.1013623955968974 0 0 0 0 1
1685094309.729959011 -0.2090120448256358 -2.131639953630764 0 0 0 0 1
1685094309.763292313 -0.21235733369722615 -2.169732982694272 0 0 0 0 1
1685094309.796625614 -0.2152342636849049 -2.200176256327312 0 0 0 0 1
1685094309.829958916 -0.2181513787441319 -2.2303757204130394 0 0 0 0 1
1685094309.863292217 -0.2207610315310271 -2.2606894918248392 0 0 0 0 1
1685094309.896625519 -0.22228090457097824 -2.2902951191656875 0 0 0 0 1
1685094309.929958820 -0.22494619466533874 -2.3197163357174615 0 0 0 0 1
1685094309.963292360 -0.22753569630121906 -2.348781427432726 0 0 0 0 1
1685094309.996625662 -0.23000540062021887 -2.377769962875558 0 0 0 0 1
1685094310.029958963 -0.2324695612217513 -2.4069828150121344 0 0 0 0 1
1685094310.063292265 -0.23585747513602368 -2.434053120628783 0 0 0 0 1
1685094310.096625566 -0.23775163092153762 -2.462919861294522 0 0 0 0 1
1685094310.129958868 -0.23952209343013528 -2.4917534688472682 0 0 0 0 1
1685094310.163292170 -0.24088973827925703 -2.520343509497613 0 0 0 0 1
1685094310.196625471 -0.2418605107875377 -2.5481774544185427 0 0 0 0 1
1685094310.229959011 -0.242670047614967 -2.5755328532920894 0 0 0 0 1
1685094310.263292313 -0.24333873565682007 -2.6031104153401774 0 0 0 0 1
1685094310.296625614 -0.2438118509566886 -2.6306306385363705 0 0 0 0 1
1685094310.329958916 -0.2442677215609532 -2.658376944854643 0 0 0 0 1
1685094310.363292217 -0.2456245972581295 -2.685917685384655 0 0 0 0 1
1685094310.396625519 -0.24722116980033615 -2.714304018493049 0 0 0 0 1
1685094310.429958820 -0.2487721585911752 -2.7429277150419966 0 0 0 0 1
1685094310.463292360 -0.250509492507855 -2.7712406413922013 0 0 0 0 1
1685094310.496625662 -0.25234099844040003 -2.7990092845582812 0 0 0 0 1
1685094310.529958963 -0.25405919746451183 -2.826683148249687 0 0 0 0 1
1685094310.563292265 -0.25577685523545374 -2.8541588758049117 0 0 0 0 1
1685094310.596625566 -0.2577765496672216 -2.880937016231358 0 0 0 0 1
1685094310.629958868 -0.25979669713453934 -2.9073510027310157 0 0 0 0 1
