1685094381.480564594 -1.105015019959488e-18 -9.62039933200473e-18 0 0 0 0 1
1685094381.513897896 0.00046503688867971613 -0.012338574268379884 0 0 0 0 1
1685094381.547231197 0.0009018828879994925 -0.025608215767557035 0 0 0 0 1
1685094381.580564499 0.0011526634207141007 -0.039760904857187584 0 0 0 0 1
1685094381.613898039 0.0011817190459477204 -0.05480608530091986 0 0 0 0 1
1685094381.647231340 0.0024068073319574454 -0.07031713375597831 0 0 0 0 1
1685094381.680564642 0.0020472408327173014 -0.0872009776799293 0 0 0 0 1
1685094381.713897943 0.0016408411994701623 -0.10480050058073183 0 0 0 0 1
1685094381.747231245 0.0011385368179487574 -0.1228701661739607 0 0 0 0 1
1685094381.780564547 0.0005348233861011432 -0.14144712362501505 0 0 0 0 1
1685094381.813897848 0.0003293716009767083 -0.1608961446230447 0 0 0 0 1
1685094381.847231388 9.434303693420166e-05 -0.18080732546054126 0 0 0 0 1
1685094381.880564690 -0.00021151612884444488 -0.20097652550733347 0 0 0 0 1
1685094381.913897991 -0.0007018786125333376 -0.22158399010599442 0 0 0 0 1
1685094381.947231293 -0.0013369097023213548 -0.24326679901782036 0 0 0 0 1
1685094381.980564594 -0.003666572178165116 -0.2602966417347528 0 0 0 0 1
1685094382.013897896 -0.008114252210998579 -0.2823615474195507 0 0 0 0 1
1685094382.047231197 -0.012486997921510189 -0.3046007783006233 0 0 0 0 1
1685094382.080564499 -0.017043776632070275 -0.3271242474285338 0 0 0 0 1
1685094382.113898039 -0.04201515852018391 -0.32949014776995816 0 0 0 0 1
1685094382.147231340 -0.020009398286923465 -0.3216724798988601 0 0 0 0 1
1685094382.180564642 -0.006947999388860324 -0.32232724508165944 0 0 0 0 1
1685094382.213897943 0.006109888442763996 -0.32304864926493504 0 0 0 0 1
1685094382.247231245 0.02873571681333479 -0.3151451151866667 0 0 0 0 1
1685094382.280564547 0.051618036938747384 -0.30703853799368996 0 0 0 0 1
1685094382.313897848 0.0748455712737314 -0.2987490987483066 0 0 0 0 1
1685094382.347231388 0.0977823343334488 -0.2900809760143364 0 0 0 0 1
1685094382.380564690 0.11087316505770593 -0.285616393014199 0 0 0 0 1
1685094382.413897991 0.13477931666880072 -0.27843090150162453 0 0 0 0 1
1685094382.447231293 0.15696752038100759 -0.2693203903587053 0 0 0 0 1
1685094382.480564594 0.1791740272961215 -0.26044488157263596 0 0 0 0 1
1685094382.513897896 0.20100569575490548 -0.25115780959734985 0 0 0 0 1
1685094382.547231197 0.2232905748293924 -0.2417120325745384 0 0 0 0 1
1685094382.580564499 0.24592540149138964 -0.23234034265082273 0 0 0 0 1
1685094382.613898039 0.2688615734602798 -0.22315011508605714 0 0 0 0 1
1685094382.647231340 0.2917863622700864 -0.21393152922354833 0 0 0 0 1
1685094382.680564642 0.31521232831506907 -0.20504914208840208 0 0 0 0 1
1685094382.713897943 0.32861113498649436 -0.20451824821677206 0 0 0 0 1
1685094382.747231245 0.3519078359048621 -0.21553665643627723 0 0 0 0 1
1685094382.780564547 0.37532703598248324 -0.2265420364973432 0 0 0 0 1
1685094382.813897848 0.39868692740471384 -0.23767275054927028 0 0 0 0 1
1685094382.847231388 0.42228895164169045 -0.2489765819475974 0 0 0 0 1
1685094382.880564690 0.44626021155893114 -0.2602658201881414 0 0 0 0 1
1685094382.913897991 0.4662467808285519 -0.27577630802841707 0 0 0 0 1
1685094382.947231293 0.490012797885446 -0.2872516155292377 0 0 0 0 1
1685094382.980564594 0.5138221262987749 -0.2985390031394645 0 0 0 0 1
1685094383.013897896 0.5376267164486368 -0.3098363801073433 0 0 0 0 1
1685094383.047231197 0.5614636557973354 -0.32120829208069257 0 0 0 0 1
1685094383.080564499 0.5852504185009397 -0.3326682653083592 0 0 0 0 1
1685094383.113898039 0.6090904189088303 -0.3438204492519443 0 0 0 0 1
1685094383.147231340 0.6329323685261221 -0.3549684654255206 0 0 0 0 1
1685094383.180564642 0.6572289773964101 -0.36657325559206844 0 0 0 0 1
1685094383.213897943 0.6818019615861746 -0.3784528336078924 0 0 0 0 1
1685094383.247231245 0.6928724638382314 -0.3858772398324533 0 0 0 0 1
1685094383.280564547 0.7197343497379036 -0.38308503691652623 0 0 0 0 1
1685094383.313897848 0.7465914365784798 -0.3802470450827689 0 0 0 0 1
1685094383.347231388 0.7729537290485571 -0.3770530344850469 0 0 0 0 1
1685094383.380564690 0.7992919072935445 -0.37366592145009714 0 0 0 0 1
1685094383.413897991 0.8123326456539005 -0.3716987898782812 0 0 0 0 1
1685094383.447231293 0.8383019162060348 -0.3763065487007826 0 0 0 0 1
1685094383.480564594 0.864128880892939 -0.3808545533159324 0 0 0 0 1
1685094383.513897896 0.8900755997137039 -0.38548023571957524 0 0 0 0 1
1685094383.547231197 0.9161375613524959 -0.3900431672026846 0 0 0 0 1
1685094383.580564499 0.9425743551631033 -0.3949455547547274 0 0 0 0 1
1685094383.613898039 0.969057996128601 -0.3997583797604971 0 0 0 0 1
1685094383.647231340 0.995739880228384 -0.40461337160452104 0 0 0 0 1
1685094383.680564642 1.022412174098177 -0.4095207766869631 0 0 0 0 1
1685094383.713897943 1.049074774778804 -0.41448057606448113 0 0 0 0 1
1685094383.747231245 1.075949688431142 -0.41969953931266524 0 0 0 0 1
1685094383.780564547 1.1028078845150708 -0.42500386437093085 0 0 0 0 1
1685094383.813897848 1.1294588099056437 -0.4303204567482569 0 0 0 0 1
1685094383.847231388 1.1561061384218525 -0.4356550477944174 0 0 0 0 1
1685094383.880564690 1.182656876520226 -0.4407578623602058 0 0 0 0 1
1685094383.913897991 1.2090126887748858 -0.4461277011901778 0 0 0 0 1
1685094383.947231293 1.2352361061023822 -0.4509509566860237 0 0 0 0 1
1685094383.980564594 1.2614816691929893 -0.45565221481201595 0 0 0 0 1
1685094384.013897896 1.2876786628280956 -0.46035414121268825 0 0 0 0 1
1685094384.047231197 1.313878814202216 -0.46503844002556366 0 0 0 0 1
1685094384.080564499 1.3402319798252453 -0.46975011256566124 0 0 0 0 1
1685094384.113898039 1.3665836606033912 -0.474470082549319 0 0 0 0 1
1685094384.147231340 1.392370514099521 -0.4791069003771976 0 0 0 0 1
1685094384.180564642 1.4179526914343923 -0.4832969224390692 0 0 0 0 1
1685094384.213897943 1.4429735021231578 -0.48782921968810933 0 0 0 0 1
1685094384.247231245 1.4674638600818715 -0.49193874669172866 0 0 0 0 1
1685094384.280564547 1.4896791089388168 -0.4924290827430385 0 0 0 0 1
1685094384.313897848 1.484604372690246 -0.48780542851882414 0 0 0 0 1
1685094384.347231388 1.4899010286008345 -0.46411662405575316 0 0 0 0 1
1685094384.380564690 1.4947451615994716 -0.4406156862551453 0 0 0 0 1
1685094384.413897991 1.4993824242006606 -0.4173460054305993 0 0 0 0 1
1685094384.447231293 1.5020624908363567 -0.4003229683912117 0 0 0 0 1
1685094384.480564594 1.5059376793877455 -0.3775949562454186 0 0 0 0 1
1685094384.513897896 1.5097852711860633 -0.3550324141177517 0 0 0 0 1
1685094384.547231197 1.5135043285231613 -0.33258448155535636 0 0 0 0 1
1685094384.580564499 1.517136990000886 -0.3102978873595132 0 0 0 0 1
1685094384.613898039 1.5208035270510898 -0.28801684123682364 0 0 0 0 1
