1685094263.584319115 -2.6924308805305198e-19 -1.4228646695041685e-18 0 0 0 0 1
1685094263.617652416 0.0001285820054378361 -0.0152878181112757 0 0 0 0 1
1685094263.650985718 0.00020280323774269003 -0.03137109036796659 0 0 0 0 1
1685094263.684319258 0.00026865211480880935 -0.04850241831782349 0 0 0 0 1
1685094263.717652559 0.00010607317397941985 -0.06645668232002452 0 0 0 0 1
1685094263.750985861 0.0002270642838177103 -0.08534347170794641 0 0 0 0 1
1685094263.784319162 0.0006164080435208699 -0.10464067444097337 0 0 0 0 1
1685094263.817652464 0.0010476821098347594 -0.12429460169769035 0 0 0 0 1
1685094263.850985765 0.00293817958874545 -0.13640997643552552 0 0 0 0 1
1685094263.884319067 -0.0026608261060695835 -0.15607927214127215 0 0 0 0 1
1685094263.917652607 -0.008428122500065844 -0.17629305567946213 0 0 0 0 1
1685094263.950985909 -0.014364544458338745 -0.1970458472641019 0 0 0 0 1
1685094263.984319210 -0.017339720498944566 -0.21893712727141515 0 0 0 0 1
1685094264.017652512 -0.012979027178055593 -0.24124298215433743 0 0 0 0 1
1685094264.050985813 -0.008557075491237435 -0.26353677392640434 0 0 0 0 1
1685094264.084319115 -0.004073898807332767 -0.2858183343546537 0 0 0 0 1
1685094264.117652416 0.0011383998602797045 -0.3095796367525937 0 0 0 0 1
1685094264.150985718 0.018059030792241696 -0.33127008307141675 0 0 0 0 1
1685094264.184319258 0.040645166580572954 -0.34697516768744086 0 0 0 0 1
1685094264.217652559 0.047212054558126874 -0.36288526754842515 0 0 0 0 1
1685094264.250985861 0.06133695370501727 -0.37037411993008745 0 0 0 0 1
1685094264.284319162 0.07717623033544736 -0.36820317503698974 0 0 0 0 1
1685094264.317652464 0.10279719596062344 -0.35915608739675015 0 0 0 0 1
1685094264.350985765 0.11487385488337909 -0.36971902323418226 0 0 0 0 1
1685094264.384319067 0.12816931595650238 -0.3607383763145364 0 0 0 0 1
1685094264.417652607 0.12287957295230666 -0.34559110186690584 0 0 0 0 1
1685094264.450985909 0.11738516637789245 -0.35822462785446235 0 0 0 0 1
1685094264.484319210 0.10673790475176993 -0.3669670704392399 0 0 0 0 1
1685094264.517652512 0.07941101211884263 -0.37203194463833605 0 0 0 0 1
1685094264.550985813 0.052099630560185684 -0.37717980331759837 0 0 0 0 1
1685094264.584319115 0.02480401207691751 -0.3824105989779232 0 0 0 0 1
1685094264.617652416 -0.002475591475288728 -0.3877242833549501 0 0 0 0 1
1685094264.650985718 -0.02973892838852903 -0.393120807419508 0 0 0 0 1
1685094264.684319258 -0.05811936121868674 -0.39873107406591574 0 0 0 0 1
1685094264.717652559 -0.08649831784584135 -0.40434880316448957 0 0 0 0 1
1685094264.750985861 -0.11487579630778919 -0.4099739943268032 0 0 0 0 1
1685094264.784319162 -0.14325179464242876 -0.4156066471639147 0 0 0 0 1
1685094264.817652464 -0.17162631088776079 -0.42124676128636607 0 0 0 0 1
1685094264.850985765 -0.1999993430818886 -0.4268943363041832 0 0 0 0 1
1685094264.884319067 -0.22837088926301813 -0.43254937182687647 0 0 0 0 1
1685094264.917652607 -0.256740947469458 -0.4382118674634401 0 0 0 0 1
1685094264.950985909 -0.2851095157396197 -0.4438818228223527 0 0 0 0 1
1685094264.984319210 -0.31347659211201784 -0.4495592375115771 0 0 0 0 1
1685094265.017652512 -0.34184217462527 -0.45524411113856034 0 0 0 0 1
1685094265.050985813 -0.3702062613180973 -0.46093644331023353 0 0 0 0 1
1685094265.084319115 -0.3985688502293241 -0.4666362336330124 0 0 0 0 1
1685094265.117652416 -0.4269299393978783 -0.4723434817127967 0 0 0 0 1
1685094265.150985718 -0.4569382732998989 -0.4777852539033516 0 0 0 0 1
1685094265.184319258 -0.47559056560780283 -0.47848456773472287 0 0 0 0 1
1685094265.217652559 -0.49424657281136103 -0.4778925851378309 0 0 0 0 1
1685094265.250985861 -0.5128170055469037 -0.4760121393957464 0 0 0 0 1
1685094265.284319162 -0.5312129840180233 -0.47285223049447367 0 0 0 0 1
1685094265.317652464 -0.5493464633824421 -0.4684279820481907 0 0 0 0 1
1685094265.350985765 -0.5671306551427124 -0.462760568916243 0 0 0 0 1
1685094265.384319067 -0.5844804425239354 -0.45587711585832247 0 0 0 0 1
1685094265.417652607 -0.6035750514951425 -0.4448550377322162 0 0 0 0 1
1685094265.450985909 -0.6337091630150957 -0.45308077121125634 0 0 0 0 1
1685094265.484319210 -0.6638487911452078 -0.46128626842615655 0 0 0 0 1
1685094265.517652512 -0.6939939222960176 -0.4694715256771936 0 0 0 0 1
1685094265.550985813 -0.7233726110917857 -0.47734713691598885 0 0 0 0 1
1685094265.584319115 -0.7527626787242516 -0.48518017797947793 0 0 0 0 1
1685094265.617652416 -0.7821640635086063 -0.4929706324274252 0 0 0 0 1
1685094265.650985718 -0.8115767037362882 -0.500718483908977 0 0 0 0 1
1685094265.684319258 -0.8410005376751118 -0.508423716162696 0 0 0 0 1
1685094265.717652559 -0.8704355035693988 -0.5160863130165958 0 0 0 0 1
1685094265.750985861 -0.9088000628562136 -0.5376558329273011 0 0 0 0 1
1685094265.784319162 -0.8904509126267905 -0.5614049672346717 0 0 0 0 1
1685094265.817652464 -0.8721181073363059 -0.5848510705143144 0 0 0 0 1
1685094265.850985765 -0.8536546053864338 -0.6081465798950232 0 0 0 0 1
1685094265.884319067 -0.8350271640967989 -0.6313112101005935 0 0 0 0 1
1685094265.917652607 -0.816236711179307 -0.6543438074511995 0 0 0 0 1
1685094265.950985909 -0.797284182464414 -0.6772432248427135 0 0 0 0 1
1685094265.984319210 -0.7783881586378629 -0.6992584984733706 0 0 0 0 1
1685094266.017652512 -0.7864665223441174 -0.6789471709116603 0 0 0 0 1
1685094266.050985813 -0.7668709596416924 -0.6692608966090732 0 0 0 0 1
1685094266.084319115 -0.7878151596113886 -0.6506789942153918 0 0 0 0 1
1685094266.117652416 -0.808673253909481 -0.6320004902284336 0 0 0 0 1
1685094266.150985718 -0.8294447969816678 -0.6132257836437967 0 0 0 0 1
1685094266.184319258 -0.8313022057016042 -0.5942765520427763 0 0 0 0 1
1685094266.217652559 -0.8495090555543067 -0.5887057384699529 0 0 0 0 1
1685094266.250985861 -0.8616517071036279 -0.6033713226306255 0 0 0 0 1
1685094266.284319162 -0.8549068756533564 -0.6002839687359158 0 0 0 0 1
1685094266.317652464 -0.8304831774968117 -0.5958902140912764 0 0 0 0 1
