1685094357.219417572 2.390753631466569e-19 -2.600307654261365e-19 0 0 0 0 1
1685094357.252750874 0.0020642283343719537 -0.01325871711537601 0 0 0 0 1
1685094357.286084175 0.0010710006757776204 -0.029362237414864323 0 0 0 0 1
1685094357.319417477 -6.690261172629737e-05 -0.046690467028949086 0 0 0 0 1
1685094357.352750778 -0.0010648131632945508 -0.06402732199117409 0 0 0 0 1
1685094357.386084080 -0.0019226658804247943 -0.08137167133514973 0 0 0 0 1
1685094357.419417381 -0.003104109503213675 -0.10147799316963227 0 0 0 0 1
1685094357.452750683 -0.004208099128041067 -0.12163382271684664 0 0 0 0 1
1685094357.486084223 -0.00556526624607179 -0.1422892344911475 0 0 0 0 1
1685094357.519417524 -0.0068867889597659555 -0.16334535339911554 0 0 0 0 1
1685094357.552750826 -0.007981884471226178 -0.1845960204800523 0 0 0 0 1
1685094357.586084127 -0.009342326478323677 -0.20656197188733394 0 0 0 0 1
1685094357.619417429 -0.011116403254405178 -0.22868419821606165 0 0 0 0 1
1685094357.652750731 -0.01286567894849666 -0.25080839946024097 0 0 0 0 1
1685094357.686084032 -0.014287672913744371 -0.2739144171091985 0 0 0 0 1
1685094357.719417572 -0.01588619654431467 -0.2970088935188002 0 0 0 0 1
1685094357.752750874 -0.01766115649009038 -0.3200904800245418 0 0 0 0 1
1685094357.786084175 -0.020001534209150316 -0.3435372073463805 0 0 0 0 1
1685094357.819417477 -0.02247777006472599 -0.36020642862810104 0 0 0 0 1
1685094357.852750778 -0.028711402111564175 -0.3840854275794 0 0 0 0 1
1685094357.886084080 -0.028435928010685046 -0.37821964191741547 0 0 0 0 1
1685094357.919417381 -0.006083149129532846 -0.3872280312234042 0 0 0 0 1
1685094357.952750683 0.017355771513094302 -0.3958425778720656 0 0 0 0 1
1685094357.986084223 0.03923318608719785 -0.4045577925186064 0 0 0 0 1
1685094358.019417524 0.06276652355994786 -0.4141878723192557 0 0 0 0 1
1685094358.052750826 0.0867092875282514 -0.423877993263855 0 0 0 0 1
1685094358.086084127 0.07030156579476399 -0.4095505550124538 0 0 0 0 1
1685094358.119417429 0.057638463070606494 -0.4334811772570545 0 0 0 0 1
1685094358.152750731 0.05008216283185956 -0.4486480611621249 0 0 0 0 1
1685094358.186084032 0.05815471265669832 -0.47090736723635895 0 0 0 0 1
1685094358.219417572 0.0649822702332558 -0.497687994000455 0 0 0 0 1
1685094358.252750874 0.0716982390133529 -0.5246579421420159 0 0 0 0 1
1685094358.286084175 0.0782099592242924 -0.5517002962935399 0 0 0 0 1
1685094358.319417477 0.08454211613577767 -0.5788060640882969 0 0 0 0 1
1685094358.352750778 0.09089034868603779 -0.6059080714379893 0 0 0 0 1
1685094358.386084080 0.07837140378354737 -0.6151221177014153 0 0 0 0 1
1685094358.419417381 0.0650242241416613 -0.6071549710588984 0 0 0 0 1
1685094358.452750683 0.06719311907754344 -0.5917628131603694 0 0 0 0 1
1685094358.486084223 0.07150460810655192 -0.5640561082940905 0 0 0 0 1
1685094358.519417524 0.07923259104754049 -0.5476825772784283 0 0 0 0 1
1685094358.552750826 0.12973586919590535 -0.5140293954130959 0 0 0 0 1
1685094358.586084127 0.1596313812891224 -0.5149941955455151 0 0 0 0 1
1685094358.619417429 0.18951742160352794 -0.5162838306174814 0 0 0 0 1
1685094358.652750731 0.21941281817375424 -0.5173344629042611 0 0 0 0 1
1685094358.686084032 0.23657617471122425 -0.5262325053381808 0 0 0 0 1
1685094358.719417572 0.23768691493802308 -0.559849079918282 0 0 0 0 1
1685094358.752750874 0.207319432102007 -0.5453879659724203 0 0 0 0 1
1685094358.786084175 0.23411788775846107 -0.5250618594888855 0 0 0 0 1
1685094358.819417477 0.26302556037510816 -0.5359113304212508 0 0 0 0 1
1685094358.852750778 0.2802705271330423 -0.5426059732695915 0 0 0 0 1
1685094358.886084080 0.2973622141623669 -0.5496827914699349 0 0 0 0 1
1685094358.919417381 0.3142921530792486 -0.5571382786853856 0 0 0 0 1
1685094358.952750683 0.3310519556408665 -0.5649687409606717 0 0 0 0 1
1685094358.986084223 0.34763331790151786 -0.573170298552382 0 0 0 0 1
1685094359.019417524 0.3640280243269572 -0.5817388878512546 0 0 0 0 1
1685094359.052750826 0.3802279518649307 -0.5906702633955646 0 0 0 0 1
1685094359.086084127 0.39622507396988876 -0.5999599999746156 0 0 0 0 1
1685094359.119417429 0.41741714271075636 -0.6074899312595876 0 0 0 0 1
1685094359.152750731 0.4397650805128288 -0.6049653880001521 0 0 0 0 1
1685094359.186084032 0.469665370590864 -0.5932361102811055 0 0 0 0 1
1685094359.219417572 0.4996485022357237 -0.581720246469468 0 0 0 0 1
1685094359.252750874 0.5297129522237156 -0.5704183816020795 0 0 0 0 1
1685094359.286084175 0.5598571931999569 -0.5593310898440588 0 0 0 0 1
1685094359.319417477 0.5901831739616547 -0.5479851692794393 0 0 0 0 1
1685094359.352750778 0.6204006953556593 -0.5363534702023317 0 0 0 0 1
1685094359.386084080 0.6505070644014154 -0.5244370292278521 0 0 0 0 1
1685094359.419417381 0.6615189297938456 -0.5209616254593469 0 0 0 0 1
1685094359.452750683 0.6723693031307147 -0.5170108015926448 0 0 0 0 1
1685094359.486084223 0.6830376697127352 -0.5125920274134436 0 0 0 0 1
1685094359.519417524 0.6935038589590863 -0.5077136574567154 0 0 0 0 1
1685094359.552750826 0.7037480825437438 -0.5023849152108667 0 0 0 0 1
1685094359.586084127 0.7308634954623152 -0.4842566794240932 0 0 0 0 1
1685094359.619417429 0.7578181870876215 -0.4658903202347998 0 0 0 0 1
1685094359.652750731 0.7846100663154525 -0.4472872624773554 0 0 0 0 1
1685094359.686084032 0.8157288757157796 -0.4158348862749724 0 0 0 0 1
1685094359.719417572 0.8168354400759471 -0.46006618495121426 0 0 0 0 1
1685094359.752750874 0.7971156583039148 -0.4359508541405709 0 0 0 0 1
1685094359.786084175 0.7765108370631916 -0.4125872004262826 0 0 0 0 1
1685094359.819417477 0.7559847973914876 -0.389424012601212 0 0 0 0 1
1685094359.852750778 0.7571347616350738 -0.38024066032835613 0 0 0 0 1
1685094359.886084080 0.7479704743445709 -0.37894751873285354 0 0 0 0 1
1685094359.919417381 0.7679676579205992 -0.4031269866856514 0 0 0 0 1
1685094359.952750683 0.7876158874794432 -0.4271965319626358 0 0 0 0 1
1685094359.986084223 0.8025498496939063 -0.45206985186411786 0 0 0 0 1
1685094360.019417524 0.8272886594588401 -0.4709046672907914 0 0 0 0 1
1685094360.052750826 0.8025901001076149 -0.44932712410458214 0 0 0 0 1
1685094360.086084127 0.8333950090269334 -0.4380724899278878 0 0 0 0 1
1685094360.119417429 0.8284236477219666 -0.470489997092292 0 0 0 0 1
1685094360.152750731 0.8515470704778665 -0.48144783434966537 0 0 0 0 1
1685094360.186084032 0.8817554253335887 -0.47385089864045676 0 0 0 0 1
1685094360.219417572 0.9126157112339324 -0.46642459159137184 0 0 0 0 1
1685094360.252750874 0.9435044555415988 -0.4591175568074221 0 0 0 0 1
1685094360.286084175 0.9744211972816901 -0.4519299033367313 0 0 0 0 1
1685094360.319417477 1.005096587974386 -0.4443904933407623 0 0 0 0 1
1685094360.352750778 1.0356830978204898 -0.4364982368401754 0 0 0 0 1
1685094360.386084080 1.0542168113560217 -0.4201880142655224 0 0 0 0 1
1685094360.419417381 1.0640064350532332 -0.3975233906039902 0 0 0 0 1
1685094360.452750683 1.0631754237687512 -0.3728488831500013 0 0 0 0 1
1685094360.486084223 1.051883071693876 -0.3508942781098519 0 0 0 0 1
1685094360.519417524 1.0382919179799897 -0.3228175745957252 0 0 0 0 1
1685094360.552750826 1.0250290498716546 -0.2945843128458746 0 0 0 0 1
1685094360.586084127 1.0116025501137513 -0.2654771267114042 0 0 0 0 1
1685094360.619417429 0.99820838173141 -0.23635504859597462 0 0 0 0 1
1685094360.652750731 0.984846561242019 -0.20721811441227952 0 0 0 0 1
1685094360.686084032 0.9708946204466311 -0.17786633641343902 0 0 0 0 1
1685094360.719417572 0.9563679520907714 -0.1487947105536753 0 0 0 0 1
1685094360.752750874 0.9468437516302408 -0.11570815237482131 0 0 0 0 1
1685094360.786084175 0.9444997513540095 -0.08352309830451067 0 0 0 0 1
1685094360.819417477 0.96628968573411 -0.08103653885089915 0 0 0 0 1
1685094360.852750778 0.9464186910396181 -0.09031704465914606 0 0 0 0 1
1685094360.886084080 0.9623116949089816 -0.07520424722737229 0 0 0 0 1
1685094360.919417381 0.9520435298575485 -0.0945833340139564 0 0 0 0 1
1685094360.952750683 0.955622859181234 -0.07294603705250496 0 0 0 0 1
1685094360.986084223 0.9591032590526821 -0.09459946714891818 0 0 0 0 1
1685094361.019417524 0.9495756120215365 -0.1037867038871156 0 0 0 0 1
1685094361.052750826 0.9331762873576394 -0.1329648682027218 0 0 0 0 1
1685094361.086084127 0.917163508895643 -0.16178238940346054 0 0 0 0 1
1685094361.119417429 0.9007158757566534 -0.19100495492499664 0 0 0 0 1
1685094361.152750731 0.8840175317729704 -0.22008498724509312 0 0 0 0 1
1685094361.186084032 0.8670697120265907 -0.2490203354783438 0 0 0 0 1
1685094361.219417572 0.8498736700518212 -0.27780885944080547 0 0 0 0 1
1685094361.252750874 0.8318921000618014 -0.30533964773507605 0 0 0 0 1
1685094361.286084175 0.8126163525501436 -0.3319803444466254 0 0 0 0 1
1685094361.319417477 0.7926067079130471 -0.35840703154514825 0 0 0 0 1
1685094361.352750778 0.772580954826099 -0.38482151398957076 0 0 0 0 1
1685094361.386084080 0.7525391007333868 -0.41122378196095066 0 0 0 0 1
1685094361.419417381 0.732481153084983 -0.43761382564488577 0 0 0 0 1
1685094361.452750683 0.7124071193369425 -0.46399163523151843 0 0 0 0 1
1685094361.486084223 0.6923170069512998 -0.49035720091553825 0 0 0 0 1
1685094361.519417524 0.6722108233960665 -0.5167105128961866 0 0 0 0 1
1685094361.552750826 0.652088576145228 -0.5430515613772596 0 0 0 0 1
1685094361.586084127 0.6608815077113105 -0.5379284618452158 0 0 0 0 1
1685094361.619417429 0.6634223957837274 -0.547782683384459 0 0 0 0 1
1685094361.652750731 0.6687181669291823 -0.5301435028484665 0 0 0 0 1
1685094361.686084032 0.6800493125984195 -0.5156248589782938 0 0 0 0 1
1685094361.719417572 0.7110689619689686 -0.5273855314974316 0 0 0 0 1
1685094361.752750874 0.7422722102480455 -0.5386500493303662 0 0 0 0 1
1685094361.786084175 0.7736511220887463 -0.5494155477799382 0 0 0 0 1
1685094361.819417477 0.8054359514607281 -0.5599613515016699 0 0 0 0 1
1685094361.852750778 0.7786266125233391 -0.5329866605274152 0 0 0 0 1
1685094361.886084080 0.8109951517981807 -0.5327476910511685 0 0 0 0 1
1685094361.919417381 0.8433641438207361 -0.5325809678035929 0 0 0 0 1
1685094361.952750683 0.8763551922261993 -0.5326257773969507 0 0 0 0 1
1685094361.986084223 0.895230134679301 -0.5417878769532557 0 0 0 0 1
1685094362.019417524 0.9110861415498863 -0.5555281304810293 0 0 0 0 1
1685094362.052750826 0.9228399849094864 -0.5729078510531653 0 0 0 0 1
1685094362.086084127 0.9296886825509237 -0.5927397158546335 0 0 0 0 1
1685094362.119417429 0.931164354974688 -0.6136688799990824 0 0 0 0 1
1685094362.152750731 0.9271661893093077 -0.634265534877963 0 0 0 0 1
1685094362.186084032 0.9265489358277098 -0.6668692201738403 0 0 0 0 1
1685094362.219417572 0.9192944869233031 -0.6778971898601039 0 0 0 0 1
1685094362.252750874 0.8887625507514824 -0.691853234535187 0 0 0 0 1
1685094362.286084175 0.8579053812832382 -0.7050746339233422 0 0 0 0 1
1685094362.319417477 0.8275247430540531 -0.7177654167865439 0 0 0 0 1
1685094362.352750778 0.7971940853623016 -0.7307820493059176 0 0 0 0 1
1685094362.386084080 0.798203649726967 -0.7258848866654156 0 0 0 0 1
1685094362.419417381 0.7938234990706358 -0.723473309927725 0 0 0 0 1
1685094362.452750683 0.8254532350525888 -0.7289634448989266 0 0 0 0 1
1685094362.486084223 0.857165425746675 -0.7339553124524567 0 0 0 0 1
1685094362.519417524 0.889647008202631 -0.7392412820897125 0 0 0 0 1
1685094362.552750826 0.922013397129748 -0.744663259294859 0 0 0 0 1
1685094362.586084127 0.9543565338600332 -0.750222258794824 0 0 0 0 1
1685094362.619417429 0.9866758383157176 -0.7559181808883305 0 0 0 0 1
1685094362.652750731 1.0189707308464675 -0.7617509234183801 0 0 0 0 1
1685094362.686084032 1.051240632239779 -0.7677203817740839 0 0 0 0 1
1685094362.719417572 1.0828265326690738 -0.7740518293923073 0 0 0 0 1
1685094362.752750874 1.1138686151262862 -0.7803398334084567 0 0 0 0 1
1685094362.786084175 1.144888744550997 -0.7867352574179874 0 0 0 0 1
1685094362.819417477 1.1758865492213997 -0.7932380247829677 0 0 0 0 1
1685094362.852750778 1.206861657683211 -0.7998480575791439 0 0 0 0 1
1685094362.886084080 1.2442312533565003 -0.8083084724535411 0 0 0 0 1
1685094362.919417381 1.2716527272030764 -0.8090769955193633 0 0 0 0 1
1685094362.952750683 1.3044056002121087 -0.8156245479458993 0 0 0 0 1
1685094362.986084223 1.3296137766583267 -0.8315432188216573 0 0 0 0 1
1685094363.019417524 1.3501230725008257 -0.8531817267702019 0 0 0 0 1
1685094363.052750826 1.3634380230848475 -0.8630806768247775 0 0 0 0 1
1685094363.086084127 1.3945595773522477 -0.8667773606551704 0 0 0 0 1
1685094363.119417429 1.3770996199380239 -0.8499950096798853 0 0 0 0 1
1685094363.152750731 1.3984261545871473 -0.8385199786549208 0 0 0 0 1
1685094363.186084032 1.375395990262487 -0.8172376609606122 0 0 0 0 1
1685094363.219417572 1.359085281623861 -0.8171686699822452 0 0 0 0 1
1685094363.252750874 1.3736146508315104 -0.8429272774727837 0 0 0 0 1
1685094363.286084175 1.3889088200054474 -0.8682392670963357 0 0 0 0 1
1685094363.319417477 1.4049540726760605 -0.8930819379704585 0 0 0 0 1
1685094363.352750778 1.4217360187697108 -0.9174330101179766 0 0 0 0 1
1685094363.386084080 1.4406301585894967 -0.941055833679736 0 0 0 0 1
1685094363.419417381 1.4601256135669696 -0.9641848965180998 0 0 0 0 1
1685094363.452750683 1.461061337262004 -0.9409364626258394 0 0 0 0 1
1685094363.486084223 1.4759676729540967 -0.9588016918018365 0 0 0 0 1
1685094363.519417524 1.4529276129130613 -0.9555580995676417 0 0 0 0 1
1685094363.552750826 1.4467732279647558 -0.9838803839081774 0 0 0 0 1
1685094363.586084127 1.4316428861594963 -1.0007381410970002 0 0 0 0 1
1685094363.619417429 1.4106176926454939 -1.0091674031216398 0 0 0 0 1
1685094363.652750731 1.3880324389026464 -1.0074302980722893 0 0 0 0 1
1685094363.686084032 1.3685435560563384 -0.9958849671552401 0 0 0 0 1
