1685094148.454124928 -2.26286666397667e-20 1.8495707977610606e-19 0 0 0 0 1
1685094148.487458229 -0.0015816780948380944 -0.015871725856041668 0 0 0 0 1
1685094148.520791531 0.000850075661282132 -0.029681391166414453 0 0 0 0 1
1685094148.554125071 0.00104933604955214 -0.04757647277242007 0 0 0 0 1
1685094148.587458372 0.0021232185546526785 -0.06339375604815503 0 0 0 0 1
1685094148.620791674 0.007841475932850209 -0.07642461006301852 0 0 0 0 1
1685094148.654124975 0.014614471875581184 -0.08768480649344966 0 0 0 0 1
1685094148.687458277 0.027932746042721328 -0.10280274717401451 0 0 0 0 1
1685094148.720791578 0.03697074702955834 -0.1110395195859345 0 0 0 0 1
1685094148.754124880 0.04291236211294134 -0.1202230698571048 0 0 0 0 1
1685094148.787458420 0.05414376052966009 -0.1361129543429864 0 0 0 0 1
1685094148.820791721 0.06277032980494325 -0.14969517385988376 0 0 0 0 1
1685094148.854125023 0.06807450492617026 -0.16262588260005167 0 0 0 0 1
1685094148.887458324 0.07336127812106924 -0.1731226507790626 0 0 0 0 1
1685094148.920791626 0.08080070483332437 -0.18787847585201514 0 0 0 0 1
1685094148.954124928 0.0870273470221397 -0.19493188897525285 0 0 0 0 1
1685094148.987458229 0.09299256044607287 -0.2104430670949249 0 0 0 0 1
1685094149.020791531 0.09569869060048962 -0.22700426502456952 0 0 0 0 1
1685094149.054125071 0.09503797523172106 -0.24806615164382795 0 0 0 0 1
1685094149.087458372 0.08583877626292458 -0.2631421430224826 0 0 0 0 1
1685094149.120791674 0.07531844549464517 -0.2729394884252227 0 0 0 0 1
1685094149.154124975 0.06432340839383383 -0.2875187921631072 0 0 0 0 1
1685094149.187458277 0.04744239733936632 -0.2978940279192907 0 0 0 0 1
1685094149.220791578 0.026253326738590124 -0.31171312073390134 0 0 0 0 1
1685094149.254124880 0.005322909990031787 -0.32426733395652757 0 0 0 0 1
1685094149.287458420 -0.011617790271487244 -0.3340756876329116 0 0 0 0 1
1685094149.320791721 -0.028299100105409952 -0.34187327163433123 0 0 0 0 1
1685094149.354125023 -0.04525127616897984 -0.34833333261683963 0 0 0 0 1
1685094149.387458324 -0.062375007250512524 -0.3401523228544928 0 0 0 0 1
1685094149.420791626 -0.07549259422273935 -0.3348016423705565 0 0 0 0 1
1685094149.454124928 -0.08821193592839485 -0.3255891871104024 0 0 0 0 1
1685094149.487458229 -0.10477401898638769 -0.31203201356558774 0 0 0 0 1
