1685093676.663654089 1.4926748692962141e-18 9.052394097461248e-18 0 0 0 0 1
1685093676.696987391 0.00034871821057890314 -0.01063753876667835 0 0 0 0 1
1685093676.730320692 0.0008541742882197773 -0.022038927105543896 0 0 0 0 1
1685093676.763653994 0.00143911119827201 -0.034195724516729156 0 0 0 0 1
1685093676.796987295 0.0020135228824193947 -0.047030420642306454 0 0 0 0 1
1685093676.830320597 0.0026021144456011376 -0.06030245804884132 0 0 0 0 1
1685093676.863653898 0.003170654041242034 -0.07410100481465227 0 0 0 0 1
1685093676.896987438 0.0036375285948156413 -0.08843914132187577 0 0 0 0 1
1685093676.930320740 0.003955714517748781 -0.10323415454016974 0 0 0 0 1
1685093676.963654041 0.004180039858043798 -0.11845120767243225 0 0 0 0 1
1685093676.996987343 0.004444807923584269 -0.13420280491801878 0 0 0 0 1
1685093677.030320644 0.004501472494586264 -0.1506637361747347 0 0 0 0 1
1685093677.063653946 0.004716811414902322 -0.1676725498441974 0 0 0 0 1
1685093677.096987247 0.004998662323062812 -0.18522785018904042 0 0 0 0 1
1685093677.130320549 0.005123018551749636 -0.20310443446663234 0 0 0 0 1
1685093677.163654089 0.0052296593665893875 -0.22148454112600793 0 0 0 0 1
1685093677.196987391 0.005465033369252445 -0.24030053124862377 0 0 0 0 1
1685093677.230320692 0.005584829232346584 -0.2603682919141257 0 0 0 0 1
1685093677.263653994 0.004698999538898091 -0.2807831091426577 0 0 0 0 1
1685093677.296987295 0.0038364421734432877 -0.30158695016762294 0 0 0 0 1
1685093677.330320597 0.0030103005452009014 -0.32276134196264894 0 0 0 0 1
1685093677.363653898 0.002279995140933858 -0.34425867999059345 0 0 0 0 1
1685093677.396987438 0.0016642493380844305 -0.3661766612457603 0 0 0 0 1
1685093677.430320740 8.44693265459741e-05 -0.38696858141233004 0 0 0 0 1
1685093677.463654041 -0.002164555599601414 -0.40927306629788274 0 0 0 0 1
1685093677.496987343 -0.004507739900132396 -0.43185117014323116 0 0 0 0 1
1685093677.530320644 -0.006788999515582587 -0.45444854766671566 0 0 0 0 1
1685093677.563653946 -0.009158321918368777 -0.4772677037412585 0 0 0 0 1
1685093677.596987247 -0.011661089296748733 -0.500578899324436 0 0 0 0 1
1685093677.630320549 -0.014412983705058937 -0.524497625782265 0 0 0 0 1
1685093677.663654089 -0.018077010681568546 -0.5545077031699687 0 0 0 0 1
1685093677.696987391 -0.021151616371943346 -0.5786966607325081 0 0 0 0 1
1685093677.730320692 -0.024318665361221594 -0.6033110260716795 0 0 0 0 1
1685093677.763653994 -0.0274104607515722 -0.6278796592530292 0 0 0 0 1
1685093677.796987295 -0.030486141630591414 -0.6524593088943891 0 0 0 0 1
1685093677.830320597 -0.033357694168735304 -0.6770902655135731 0 0 0 0 1
1685093677.863653898 -0.03627139121619386 -0.7019193266057447 0 0 0 0 1
1685093677.896987438 -0.03926116409898213 -0.7266520809998912 0 0 0 0 1
1685093677.930320740 -0.04217560746388938 -0.751305228427098 0 0 0 0 1
1685093677.963654041 -0.04492702892929053 -0.7757862452516172 0 0 0 0 1
1685093677.996987343 -0.04762576538093223 -0.7998846586757342 0 0 0 0 1
1685093678.030320644 -0.050062332880810294 -0.8240506554251084 0 0 0 0 1
1685093678.063653946 -0.05237692973315419 -0.8485838787228277 0 0 0 0 1
1685093678.096987247 -0.054412995384894434 -0.8735524472256141 0 0 0 0 1
1685093678.130320549 -0.05657171927162157 -0.898247581106672 0 0 0 0 1
1685093678.163654089 -0.05876535659291185 -0.9232335662216519 0 0 0 0 1
1685093678.196987391 -0.06088477065654865 -0.9488604402536804 0 0 0 0 1
1685093678.230320692 -0.0631296786877813 -0.9747003881319912 0 0 0 0 1
1685093678.263653994 -0.06536878159222416 -1.0003612747626958 0 0 0 0 1
1685093678.296987295 -0.06752586395587466 -1.0258940222900992 0 0 0 0 1
1685093678.330320597 -0.06982699911638247 -1.0517737274930714 0 0 0 0 1
1685093678.363653898 -0.07231819021042162 -1.0775883007103646 0 0 0 0 1
1685093678.396987438 -0.07453193475419152 -1.1033006138766543 0 0 0 0 1
1685093678.430320740 -0.07687856805322099 -1.1288452969320046 0 0 0 0 1
1685093678.463654041 -0.07921681722086384 -1.1541079136070505 0 0 0 0 1
1685093678.496987343 -0.08165711977563257 -1.1797475068250523 0 0 0 0 1
1685093678.530320644 -0.08402976513044652 -1.2055731402764704 0 0 0 0 1
1685093678.563653946 -0.08632920734080472 -1.2309638360801145 0 0 0 0 1
1685093678.596987247 -0.08854030168999479 -1.2560791244279481 0 0 0 0 1
1685093678.630320549 -0.09264258112809946 -1.275017659875489 0 0 0 0 1
1685093678.663654089 -0.09645153884411106 -1.3000625522297666 0 0 0 0 1
1685093678.696987391 -0.10035587274701628 -1.3247713604714355 0 0 0 0 1
1685093678.730320692 -0.10417184454555795 -1.3488037027183053 0 0 0 0 1
1685093678.763653994 -0.10782108706022402 -1.3725283086486073 0 0 0 0 1
1685093678.796987295 -0.11149126091231666 -1.3957705982785176 0 0 0 0 1
1685093678.830320597 -0.11506947151952973 -1.418363752518533 0 0 0 0 1
1685093678.863653898 -0.11903799470258637 -1.4467949318325692 0 0 0 0 1
