1685094151.798546076 -5.753942475707979e-19 2.6601868928927435e-18 0 0 0 0 1
1685094151.831879377 0.000262823389707614 -0.01377349103720013 0 0 0 0 1
1685094151.865212679 0.00043947215775733096 -0.02811178162347512 0 0 0 0 1
1685094151.898545980 0.00042340883868143014 -0.04336944152075053 0 0 0 0 1
1685094151.931879282 0.006057766470284237 -0.05643957171457817 0 0 0 0 1
1685094151.965212584 0.010747451069438111 -0.0733927576650288 0 0 0 0 1
1685094151.998546124 0.015670689384822446 -0.09143147735199202 0 0 0 0 1
1685094152.031879425 0.021792996262157915 -0.1091079858261472 0 0 0 0 1
1685094152.065212727 0.028279884252907287 -0.12676557016133924 0 0 0 0 1
1685094152.098546028 0.03474494665965101 -0.14495482576763866 0 0 0 0 1
1685094152.131879330 0.04111756625398498 -0.16363463912510146 0 0 0 0 1
1685094152.165212631 0.048126285188610826 -0.18352399999425698 0 0 0 0 1
1685094152.198545933 0.05654534471907676 -0.20450969136075167 0 0 0 0 1
1685094152.231879234 0.07030783424522648 -0.21874138870143978 0 0 0 0 1
1685094152.265212774 0.08398781534439544 -0.2330524139715142 0 0 0 0 1
1685094152.298546076 0.09758483077293602 -0.24744228883512429 0 0 0 0 1
1685094152.331879377 0.10767915888455185 -0.26998669463722064 0 0 0 0 1
1685094152.365212679 0.11759768073918372 -0.2930725387629579 0 0 0 0 1
1685094152.398545980 0.14127302712164455 -0.3015306642854815 0 0 0 0 1
1685094152.431879282 0.11609029821278448 -0.3047344306626217 0 0 0 0 1
1685094152.465212584 0.09118519727538239 -0.3088731715485547 0 0 0 0 1
1685094152.498546124 0.06628226830853905 -0.3130249612464363 0 0 0 0 1
1685094152.531879425 0.041381518149065995 -0.31718979861644053 0 0 0 0 1
1685094152.565212727 0.015388669828141497 -0.32159912233334687 0 0 0 0 1
1685094152.598546028 -0.010528972791560636 -0.3256877526581992 0 0 0 0 1
1685094152.631879330 -0.03649905694937391 -0.3294288521933625 0 0 0 0 1
1685094152.665212631 -0.062339103730361875 -0.33193025352430955 0 0 0 0 1
1685094152.698545933 -0.07842862255605573 -0.33017987955861705 0 0 0 0 1
1685094152.731879234 -0.07402070970545373 -0.35321165517634767 0 0 0 0 1
1685094152.765212774 -0.0858811774577709 -0.37583051346906216 0 0 0 0 1
1685094152.798546076 -0.09524558047678319 -0.40310423320835564 0 0 0 0 1
1685094152.831879377 -0.10371033857239065 -0.42992151923073685 0 0 0 0 1
1685094152.865212679 -0.10672385420254311 -0.4498040378364943 0 0 0 0 1
1685094152.898545980 -0.0989850064368236 -0.4716694249634176 0 0 0 0 1
1685094152.931879282 -0.0848697576194407 -0.46866758304241596 0 0 0 0 1
1685094152.965212584 -0.05613241889011149 -0.47317714212139017 0 0 0 0 1
1685094152.998546124 -0.02823752811465837 -0.4778748185917078 0 0 0 0 1
1685094153.031879425 -0.00034745340194419213 -0.482601003957672 0 0 0 0 1
1685094153.065212727 0.029803191580106164 -0.48671378374486013 0 0 0 0 1
1685094153.098546028 0.05918014181135411 -0.49008586490560496 0 0 0 0 1
1685094153.131879330 0.07972293398873326 -0.46309636066065624 0 0 0 0 1
1685094153.165212631 0.07912025703406302 -0.42918358386017286 0 0 0 0 1
1685094153.198545933 0.05763145771161049 -0.4029410391377101 0 0 0 0 1
1685094153.231879234 0.020931796737901038 -0.38522914697226274 0 0 0 0 1
1685094153.265212774 0.061072293717572626 -0.3922517349489721 0 0 0 0 1
1685094153.298546076 0.04135553933492076 -0.3761691776583381 0 0 0 0 1
1685094153.331879377 0.02186060230606995 -0.3598184442609188 0 0 0 0 1
1685094153.365212679 0.0025911299229491136 -0.3432025938021404 0 0 0 0 1
1685094153.398545980 -0.03739065538676675 -0.3228824735399962 0 0 0 0 1
1685094153.431879282 -0.0641757193558825 -0.33820485487143176 0 0 0 0 1
1685094153.465212584 -0.08935211126237023 -0.35804622481621745 0 0 0 0 1
1685094153.498546124 -0.11755753701774883 -0.37327726643104914 0 0 0 0 1
1685094153.531879425 -0.1479566969856105 -0.3834469146040817 0 0 0 0 1
1685094153.565212727 -0.17964932440563453 -0.3882539966639647 0 0 0 0 1
1685094153.598546028 -0.21169684666451064 -0.3875561515652868 0 0 0 0 1
1685094153.631879330 -0.23181918603104235 -0.3791026419927037 0 0 0 0 1
1685094153.665212631 -0.2618905882107292 -0.3681894156141023 0 0 0 0 1
1685094153.698545933 -0.266836461401058 -0.35371129712987204 0 0 0 0 1
1685094153.731879234 -0.25350357040085597 -0.34620719198435634 0 0 0 0 1
1685094153.765212774 -0.2436930855995602 -0.3579473778611545 0 0 0 0 1
1685094153.798546076 -0.2238579996706382 -0.34972589555843553 0 0 0 0 1
1685094153.831879377 -0.24862977630684013 -0.32964522056665374 0 0 0 0 1
1685094153.865212679 -0.27336568241109005 -0.3095203758457329 0 0 0 0 1
1685094153.898545980 -0.29806563922592044 -0.28935142547182996 0 0 0 0 1
1685094153.931879282 -0.3236617460847615 -0.2679617833696045 0 0 0 0 1
1685094153.965212584 -0.3484972360784669 -0.24697089632211125 0 0 0 0 1
1685094153.998546124 -0.3733694068649203 -0.22602348544063125 0 0 0 0 1
1685094154.031879425 -0.39827818233632073 -0.20511961482336472 0 0 0 0 1
1685094154.065212727 -0.423223486272858 -0.1842593484352805 0 0 0 0 1
1685094154.098546028 -0.44820524234294656 -0.16344275010792042 0 0 0 0 1
1685094154.131879330 -0.4659478992341996 -0.1519584127593284 0 0 0 0 1
1685094154.165212631 -0.4804923478292418 -0.13662378224655858 0 0 0 0 1
1685094154.198545933 -0.491022843850637 -0.11829892122552015 0 0 0 0 1
1685094154.231879234 -0.496621899940073 -0.0848106298773378 0 0 0 0 1
1685094154.265212774 -0.5027138951189385 -0.05140849399871366 0 0 0 0 1
1685094154.298546076 -0.5092975060987438 -0.018099769120988624 0 0 0 0 1
1685094154.331879377 -0.5127600850491401 0.004904154422778859 0 0 0 0 1
1685094154.365212679 -0.5052333726312332 0.03752895583424869 0 0 0 0 1
1685094154.398545980 -0.5081415530143966 0.0384971816912276 0 0 0 0 1
1685094154.431879282 -0.5074734260485914 0.04148859955048806 0 0 0 0 1
1685094154.465212584 -0.504429652234424 0.04112746879947483 0 0 0 0 1
1685094154.498546124 -0.5044800586833421 0.03806276104162157 0 0 0 0 1
1685094154.531879425 -0.5075340622647594 0.037801922823890395 0 0 0 0 1
1685094154.565212727 -0.5081577453826223 0.016654557361408327 0 0 0 0 1
1685094154.598546028 -0.48940290495259253 0.02644516546710892 0 0 0 0 1
1685094154.631879330 -0.5071102449625755 0.0380231685939932 0 0 0 0 1
1685094154.665212631 -0.5085578915262208 0.01691619424753481 0 0 0 0 1
1685094154.698545933 -0.5253451565468016 0.02339167364284461 0 0 0 0 1
1685094154.731879234 -0.5430941689990969 0.026344072199706428 0 0 0 0 1
1685094154.765212774 -0.5727274160628693 0.039899533706297285 0 0 0 0 1
1685094154.798546076 -0.602012263030799 0.05419210542254808 0 0 0 0 1
1685094154.831879377 -0.6309303782149744 0.06921284050422759 0 0 0 0 1
1685094154.865212679 -0.6594636594937375 0.08495233629241038 0 0 0 0 1
1685094154.898545980 -0.6875942456432248 0.10140074019934031 0 0 0 0 1
1685094154.931879282 -0.7153045275181117 0.11854775587593971 0 0 0 0 1
1685094154.965212584 -0.7434996620329999 0.13622772001842184 0 0 0 0 1
1685094154.998546124 -0.7720540169551001 0.1533214486162092 0 0 0 0 1
1685094155.031879425 -0.8005643095585077 0.17012422967463425 0 0 0 0 1
1685094155.065212727 -0.8289963573747892 0.1870590722367003 0 0 0 0 1
1685094155.098546028 -0.8568341466780105 0.20387651839167534 0 0 0 0 1
1685094155.131879330 -0.884583966346086 0.2208387268815892 0 0 0 0 1
1685094155.165212631 -0.9122450635915449 0.23794523756154062 0 0 0 0 1
1685094155.198545933 -0.939816688033747 0.2551955863720486 0 0 0 0 1
1685094155.231879234 -0.9677888546472704 0.27250238105415353 0 0 0 0 1
1685094155.265212774 -0.9962132067202158 0.2900493447854503 0 0 0 0 1
1685094155.298546076 -1.02114986496367 0.3231429536606233 0 0 0 0 1
1685094155.331879377 -1.0423141375441936 0.28751855978688734 0 0 0 0 1
1685094155.365212679 -1.0013245703128797 0.2814457308807371 0 0 0 0 1
1685094155.398545980 -1.0343557440539441 0.26854331394576314 0 0 0 0 1
1685094155.431879282 -1.0270787650277968 0.3023983622432744 0 0 0 0 1
1685094155.465212584 -1.0597024386673783 0.3087862799953244 0 0 0 0 1
1685094155.498546124 -1.0925604446007704 0.3138321714953529 0 0 0 0 1
1685094155.531879425 -1.1255976003475596 0.31752756255872955 0 0 0 0 1
1685094155.565212727 -1.1587584225590726 0.31986624706188765 0 0 0 0 1
1685094155.598546028 -1.1929007941477128 0.30369552449982995 0 0 0 0 1
1685094155.631879330 -1.1861482906224994 0.2665256778224786 0 0 0 0 1
1685094155.665212631 -1.1484998556725066 0.26339691581619074 0 0 0 0 1
1685094155.698545933 -1.1248048027342326 0.2843841066173617 0 0 0 0 1
1685094155.731879234 -1.1009505776522135 0.30519020325293317 0 0 0 0 1
1685094155.765212774 -1.0773762764058163 0.32642725191829197 0 0 0 0 1
1685094155.798546076 -1.0538167258418576 0.347680663232596 0 0 0 0 1
1685094155.831879377 -1.03027193731746 0.3689504269504208 0 0 0 0 1
1685094155.865212679 -1.0067419221826293 0.39023653281845927 0 0 0 0 1
1685094155.898545980 -0.9832266917802499 0.4115389705755266 0 0 0 0 1
1685094155.931879282 -0.9597262574460794 0.4328577299525645 0 0 0 0 1
1685094155.965212584 -0.9354761769802222 0.45495705868235686 0 0 0 0 1
1685094155.998546124 -0.9111815838157031 0.47700744361955194 0 0 0 0 1
1685094156.031879425 -0.9172553118927178 0.4877369901828897 0 0 0 0 1
1685094156.065212727 -0.9207609692418635 0.45518658566884823 0 0 0 0 1
1685094156.098546028 -0.9241687138457197 0.4226257849386415 0 0 0 0 1
1685094156.131879330 -0.9274785148800001 0.39005488251652826 0 0 0 0 1
1685094156.165212631 -0.9315007855934233 0.37207478578069164 0 0 0 0 1
1685094156.198545933 -0.9247713257905141 0.3421175473342943 0 0 0 0 1
1685094156.231879234 -0.8957692580706782 0.35887382907682147 0 0 0 0 1
1685094156.265212774 -0.866985341734376 0.37600214102533724 0 0 0 0 1
1685094156.298546076 -0.8384243488125713 0.39349964350945005 0 0 0 0 1
1685094156.331879377 -0.8100910143781772 0.41136343565136885 0 0 0 0 1
1685094156.365212679 -0.781990035761037 0.42959055584683414 0 0 0 0 1
1685094156.398545980 -0.7541260717691636 0.4481779822561166 0 0 0 0 1
1685094156.431879282 -0.726503741916364 0.4671226333050023 0 0 0 0 1
1685094156.465212584 -0.6991276256563792 0.4864213681956811 0 0 0 0 1
1685094156.498546124 -0.6720022616236648 0.5060709874274533 0 0 0 0 1
1685094156.531879425 -0.6570891153355043 0.5167801823574298 0 0 0 0 1
1685094156.565212727 -0.6285334180567047 0.5359740692428268 0 0 0 0 1
1685094156.598546028 -0.5999557002860325 0.5551351544904755 0 0 0 0 1
1685094156.631879330 -0.5713559997023758 0.5742634128370434 0 0 0 0 1
1685094156.665212631 -0.5427343540136067 0.5933588190624792 0 0 0 0 1
1685094156.698545933 -0.5143399139235015 0.6114072875488521 0 0 0 0 1
1685094156.731879234 -0.48560428619470686 0.6292409188000472 0 0 0 0 1
1685094156.765212774 -0.45667249757907197 0.6467545224289892 0 0 0 0 1
1685094156.798546076 -0.4275481120613775 0.6639459410088558 0 0 0 0 1
1685094156.831879377 -0.3982347173516024 0.680813056801439 0 0 0 0 1
1685094156.865212679 -0.36873592444296943 0.6973537920180206 0 0 0 0 1
1685094156.898545980 -0.40011370272430963 0.6893525557871059 0 0 0 0 1
1685094156.931879282 -0.3662966422635291 0.6881500079609929 0 0 0 0 1
1685094156.965212584 -0.3868100541139983 0.6857084952303734 0 0 0 0 1
1685094156.998546124 -0.40830288757307787 0.6603834950559174 0 0 0 0 1
1685094157.031879425 -0.43002189146828923 0.6423971166190755 0 0 0 0 1
1685094157.065212727 -0.4607692679497565 0.6294004627830164 0 0 0 0 1
1685094157.098546028 -0.4578759175595345 0.6144281505691018 0 0 0 0 1
1685094157.131879330 -0.4246834925347859 0.6095419743889435 0 0 0 0 1
1685094157.165212631 -0.3914159068491548 0.6051969152022004 0 0 0 0 1
1685094157.198545933 -0.35760047569229614 0.6002067528346811 0 0 0 0 1
1685094157.231879234 -0.3618108321034213 0.6076073307033762 0 0 0 0 1
1685094157.265212774 -0.3681456820862622 0.6132963841918069 0 0 0 0 1
1685094157.298546076 -0.3759546563158238 0.6166898448710199 0 0 0 0 1
1685094157.331879377 -0.3905002382935177 0.6207788521540549 0 0 0 0 1
1685094157.365212679 -0.3580248190268727 0.6106969443392513 0 0 0 0 1
1685094157.398545980 -0.3258735951989464 0.6006813888159969 0 0 0 0 1
1685094157.431879282 -0.29366058405669554 0.5908663768841633 0 0 0 0 1
1685094157.465212584 -0.27630624041030677 0.6077283420777614 0 0 0 0 1
1685094157.498546124 -0.30459614598626156 0.5925955894917937 0 0 0 0 1
1685094157.531879425 -0.33277900214705525 0.5772643932910873 0 0 0 0 1
1685094157.565212727 -0.36085341690357836 0.5617355107040091 0 0 0 0 1
1685094157.598546028 -0.39245368164098865 0.5507043352343788 0 0 0 0 1
1685094157.631879330 -0.42430861875444786 0.5398861748384252 0 0 0 0 1
1685094157.665212631 -0.455959576980861 0.5290631574736302 0 0 0 0 1
1685094157.698545933 -0.4875827713810934 0.5181592848838615 0 0 0 0 1
1685094157.731879234 -0.5191779954035638 0.5071746282893789 0 0 0 0 1
1685094157.765212774 -0.5501834931185965 0.49626830713402326 0 0 0 0 1
1685094157.798546076 -0.5812333850428809 0.48548902417127865 0 0 0 0 1
1685094157.831879377 -0.6123271506678726 0.47483696010093307 0 0 0 0 1
1685094157.865212679 -0.643464268749545 0.46431229349012537 0 0 0 0 1
1685094157.898545980 -0.6714316145837708 0.4545441519533063 0 0 0 0 1
1685094157.931879282 -0.6768068358233651 0.4380637696061024 0 0 0 0 1
1685094157.965212584 -0.6824427043934871 0.4544568471434327 0 0 0 0 1
1685094157.998546124 -0.6680698486643359 0.44476576754033265 0 0 0 0 1
1685094158.031879425 -0.6853801685677386 0.4438444475489747 0 0 0 0 1
1685094158.065212727 -0.6721171897400264 0.45500640966592687 0 0 0 0 1
1685094158.098546028 -0.7105282064367178 0.44271367302635733 0 0 0 0 1
1685094158.131879330 -0.7475621103248721 0.4267447175011434 0 0 0 0 1
