1685094227.703053474 8.39136224757164e-20 6.76513391817201e-19 0 0 0 0 1
1685094227.736386776 1.701687632534157e-05 -0.016664289185187982 0 0 0 0 1
1685094227.769720078 0.0007483585361295176 -0.03380749884156878 0 0 0 0 1
1685094227.803053379 0.0009840908096369317 -0.051544590596809124 0 0 0 0 1
1685094227.836386681 0.0014736759726099603 -0.0751900721604085 0 0 0 0 1
1685094227.869719982 0.0018483028671706769 -0.09301747050882556 0 0 0 0 1
1685094227.903053284 0.002389199517690609 -0.1137373540701656 0 0 0 0 1
1685094227.936386824 0.002987407496050676 -0.1350592200301508 0 0 0 0 1
1685094227.969720125 0.0037666465633531565 -0.1572150167136499 0 0 0 0 1
1685094228.003053427 0.0046754949647620685 -0.17960146027689053 0 0 0 0 1
1685094228.036386728 0.005264544554441155 -0.2023242531654308 0 0 0 0 1
1685094228.069720030 0.00575299365158493 -0.22571235631468456 0 0 0 0 1
1685094228.103053331 0.006267342468569898 -0.250070374603339 0 0 0 0 1
1685094228.136386633 0.006737175678205132 -0.275242749556019 0 0 0 0 1
1685094228.169720173 0.006079411916341556 -0.3003073409327512 0 0 0 0 1
1685094228.203053474 0.004360464325210711 -0.3267153112731163 0 0 0 0 1
1685094228.236386776 0.0027644852759976493 -0.3536443562413558 0 0 0 0 1
1685094228.269720078 0.0012280979958530802 -0.38123004772596475 0 0 0 0 1
1685094228.303053379 -0.000280166044921009 -0.40929481692881003 0 0 0 0 1
1685094228.336386681 -0.0017333153096386017 -0.4354014496337128 0 0 0 0 1
1685094228.369719982 -0.002984748271421844 -0.4637989575181996 0 0 0 0 1
1685094228.403053284 -0.003983302405822266 -0.49246902250970265 0 0 0 0 1
1685094228.436386824 -0.004873892928372732 -0.5212236970042056 0 0 0 0 1
1685094228.469720125 -0.005740124233412809 -0.5498712624718286 0 0 0 0 1
1685094228.503053427 -0.006671184868648872 -0.5784292684945228 0 0 0 0 1
1685094228.536386728 -0.007301285397251103 -0.6072863690899836 0 0 0 0 1
1685094228.569720030 -0.007736199857170937 -0.6361679236802638 0 0 0 0 1
1685094228.603053331 -0.00848212560759766 -0.6644817439887167 0 0 0 0 1
1685094228.636386633 -0.008965688300333872 -0.6927772151699005 0 0 0 0 1
1685094228.669720173 -0.009496113559562232 -0.7213011501748317 0 0 0 0 1
1685094228.703053474 -0.010103897097306417 -0.7501575545894344 0 0 0 0 1
1685094228.736386776 -0.011877468048151534 -0.7777955981722425 0 0 0 0 1
1685094228.769720078 -0.014004263272357712 -0.8147218894101307 0 0 0 0 1
1685094228.803053379 -0.015914651343341083 -0.8446915397705917 0 0 0 0 1
1685094228.836386681 -0.019493840589935515 -0.8743664645210056 0 0 0 0 1
1685094228.869719982 -0.023270412771643934 -0.9037409741985948 0 0 0 0 1
1685094228.903053284 -0.02585077177387868 -0.9312836726237583 0 0 0 0 1
1685094228.936386824 -0.02708212427963079 -0.9608941954131069 0 0 0 0 1
1685094228.969720125 -0.028518093919077697 -0.9906967090092222 0 0 0 0 1
1685094229.003053427 -0.029286498151922833 -1.0200266348252416 0 0 0 0 1
1685094229.036386728 -0.03246017268229542 -1.0464067256948708 0 0 0 0 1
1685094229.069720030 -0.03542606742730996 -1.075468371725454 0 0 0 0 1
1685094229.103053331 -0.03822025333471777 -1.1048308024804128 0 0 0 0 1
1685094229.136386633 -0.04065556313645114 -1.1344864269265051 0 0 0 0 1
1685094229.169720173 -0.04457197046771984 -1.1619994405216387 0 0 0 0 1
1685094229.203053474 -0.05019414761144545 -1.1912228213104046 0 0 0 0 1
1685094229.236386776 -0.05617814571211995 -1.2202935842112628 0 0 0 0 1
1685094229.269720078 -0.06207102160056932 -1.2490208369291413 0 0 0 0 1
1685094229.303053379 -0.06778234077727235 -1.2776099672429264 0 0 0 0 1
1685094229.336386681 -0.07357161215929547 -1.3064748894069456 0 0 0 0 1
1685094229.369719982 -0.07958756278674725 -1.335443597189231 0 0 0 0 1
1685094229.403053284 -0.08391566942304383 -1.3608535572202078 0 0 0 0 1
1685094229.436386824 -0.08910746348081734 -1.3899215071512385 0 0 0 0 1
1685094229.469720125 -0.09432497183535234 -1.4193130417362376 0 0 0 0 1
1685094229.503053427 -0.0992900315565756 -1.44919569593854 0 0 0 0 1
1685094229.536386728 -0.10417305932607922 -1.479483468190548 0 0 0 0 1
1685094229.569720030 -0.10903476107933686 -1.5101883586978295 0 0 0 0 1
1685094229.603053331 -0.11366496515282981 -1.5406348654372142 0 0 0 0 1
1685094229.636386633 -0.11859821378424053 -1.5705395819608443 0 0 0 0 1
1685094229.669720173 -0.1227960070985077 -1.599084731054743 0 0 0 0 1
1685094229.703053474 -0.12860636715015591 -1.6296227622580322 0 0 0 0 1
1685094229.736386776 -0.13462099396913976 -1.6599378948912613 0 0 0 0 1
1685094229.769720078 -0.1405555359864059 -1.689978015638191 0 0 0 0 1
1685094229.803053379 -0.14663477965710997 -1.7201872388893584 0 0 0 0 1
1685094229.836386681 -0.15322219384274527 -1.7503099465606888 0 0 0 0 1
1685094229.869719982 -0.15996708436076235 -1.780565580019168 0 0 0 0 1
1685094229.903053284 -0.16639913407859927 -1.8110696833723743 0 0 0 0 1
1685094229.936386824 -0.1740297828388118 -1.8416044723069938 0 0 0 0 1
1685094229.969720125 -0.18150231632539182 -1.8718438142555327 0 0 0 0 1
1685094230.003053427 -0.18912265970265987 -1.901710515490399 0 0 0 0 1
1685094230.036386728 -0.19673780357458864 -1.931781407732891 0 0 0 0 1
1685094230.069720030 -0.20403012707840723 -1.9624896515110517 0 0 0 0 1
1685094230.103053331 -0.210983003924223 -1.993290225990317 0 0 0 0 1
1685094230.136386633 -0.21766326957038187 -2.0238535143070573 0 0 0 0 1
1685094230.169720173 -0.22153177777529212 -2.050507957373359 0 0 0 0 1
1685094230.203053474 -0.22528929299553319 -2.0813534208929707 0 0 0 0 1
1685094230.236386776 -0.2288331018956751 -2.1123981358587005 0 0 0 0 1
1685094230.269720078 -0.2323370902309521 -2.143729006699932 0 0 0 0 1
1685094230.303053379 -0.23590443861005347 -2.175285447543873 0 0 0 0 1
1685094230.336386681 -0.23943952560038034 -2.2067113439676915 0 0 0 0 1
1685094230.369719982 -0.24333396659023454 -2.238088904968418 0 0 0 0 1
1685094230.403053284 -0.2477100752216078 -2.2693478311056037 0 0 0 0 1
1685094230.436386824 -0.2527097212093389 -2.3005086539351 0 0 0 0 1
1685094230.469720125 -0.2579195378371513 -2.3314023568303206 0 0 0 0 1
1685094230.503053427 -0.26301093636750883 -2.3620157904014834 0 0 0 0 1
1685094230.536386728 -0.2683018973921508 -2.3924405351058837 0 0 0 0 1
1685094230.569720030 -0.2738397071352198 -2.423028401938509 0 0 0 0 1
1685094230.603053331 -0.2774788995832147 -2.4526756786378585 0 0 0 0 1
1685094230.636386633 -0.2801642871241081 -2.48389291520146 0 0 0 0 1
1685094230.669720173 -0.2839593756762289 -2.5138927639851283 0 0 0 0 1
1685094230.703053474 -0.28762816088787985 -2.5443661749586735 0 0 0 0 1
1685094230.736386776 -0.29156750244616386 -2.5742604641511324 0 0 0 0 1
1685094230.769720078 -0.2952037704536922 -2.6037971594281184 0 0 0 0 1
1685094230.803053379 -0.29868703381039174 -2.6334925928973854 0 0 0 0 1
1685094230.836386681 -0.30203935991753555 -2.663008709854369 0 0 0 0 1
1685094230.869719982 -0.30555981205879756 -2.692325952662388 0 0 0 0 1
1685094230.903053284 -0.3089674751514183 -2.721642594508731 0 0 0 0 1
1685094230.936386824 -0.3129300986944508 -2.750347589877592 0 0 0 0 1
1685094230.969720125 -0.316752937032696 -2.7791527370367746 0 0 0 0 1
1685094231.003053427 -0.3196101708103475 -2.8056950606749287 0 0 0 0 1
1685094231.036386728 -0.3235277706982592 -2.8344766826320122 0 0 0 0 1
1685094231.069720030 -0.3275204831311633 -2.8629506550425354 0 0 0 0 1
1685094231.103053331 -0.3308721320221568 -2.8898804186689717 0 0 0 0 1
