1685093641.437766314 -5.198163148335705e-21 5.720148902377409e-20 0 0 0 0 1
1685093641.471099615 0.00023291353619796104 -0.0110496400381403 0 0 0 0 1
1685093641.504432917 0.00041180080460464835 -0.022910685234097818 0 0 0 0 1
1685093641.537766218 0.0005106818288742027 -0.03560430510158285 0 0 0 0 1
1685093641.571099520 0.0007168030210324103 -0.04914933885637336 0 0 0 0 1
1685093641.604432821 0.0012643689653717362 -0.06361017299696634 0 0 0 0 1
1685093641.637766123 0.0019711777900283676 -0.07846959304660261 0 0 0 0 1
1685093641.671099663 0.002807611806049211 -0.09339655510491846 0 0 0 0 1
1685093641.704432964 0.003731495917318326 -0.10852123809335057 0 0 0 0 1
1685093641.737766266 0.004145236817231629 -0.1224878615911498 0 0 0 0 1
1685093641.771099567 0.004555656261942296 -0.13841673081902325 0 0 0 0 1
1685093641.804432869 0.004763110668397975 -0.15467604777375096 0 0 0 0 1
1685093641.837766171 0.004728154817151011 -0.1716693383204774 0 0 0 0 1
1685093641.871099472 0.006420226871076883 -0.18644175763659251 0 0 0 0 1
1685093641.904432774 0.004811356618076688 -0.2051365015805236 0 0 0 0 1
1685093641.937766314 0.0032231051001665382 -0.22433562325468928 0 0 0 0 1
1685093641.971099615 0.0014469444023355231 -0.24430737336764516 0 0 0 0 1
1685093642.004432917 -0.0003444853103813041 -0.26513287867841834 0 0 0 0 1
1685093642.037766218 -0.002052185009472619 -0.2863853280073373 0 0 0 0 1
1685093642.071099520 -0.0036700387787362812 -0.3078262376907331 0 0 0 0 1
1685093642.104432821 -0.005292421854159836 -0.3293894220721003 0 0 0 0 1
1685093642.137766123 -0.00701220877541299 -0.35117834377798984 0 0 0 0 1
1685093642.171099663 -0.008952168515210322 -0.37317547329792694 0 0 0 0 1
1685093642.204432964 -0.010990643200120874 -0.3955154183043758 0 0 0 0 1
1685093642.237766266 -0.013045255382516073 -0.4182365666344126 0 0 0 0 1
1685093642.271099567 -0.014847658091968818 -0.4411992756827934 0 0 0 0 1
1685093642.304432869 -0.01648315884880693 -0.46424409305045916 0 0 0 0 1
1685093642.337766171 -0.01796039119458007 -0.48776802759348503 0 0 0 0 1
1685093642.371099472 -0.019451993498264868 -0.5118724382336122 0 0 0 0 1
1685093642.404432774 -0.021019735564889477 -0.536301561674918 0 0 0 0 1
1685093642.437766314 -0.02235497958662814 -0.5608921920204317 0 0 0 0 1
1685093642.471099615 -0.023628933384325996 -0.5858726926021528 0 0 0 0 1
1685093642.504432917 -0.025028243615552136 -0.6109545016019116 0 0 0 0 1
1685093642.537766218 -0.02663519661911615 -0.636038645273272 0 0 0 0 1
1685093642.571099520 -0.02861912315821104 -0.6609420926626283 0 0 0 0 1
1685093642.604432821 -0.030751615725612007 -0.6857973364225023 0 0 0 0 1
1685093642.637766123 -0.03310246922788162 -0.7109418269325839 0 0 0 0 1
1685093642.671099663 -0.03558142463082506 -0.7360681326927095 0 0 0 0 1
1685093642.704432964 -0.0377326906472893 -0.7611728130347424 0 0 0 0 1
1685093642.737766266 -0.03954170878655476 -0.7861222000597059 0 0 0 0 1
1685093642.771099567 -0.041246671164670394 -0.8110827138704739 0 0 0 0 1
1685093642.804432869 -0.04275815929741543 -0.8363168521952787 0 0 0 0 1
1685093642.837766171 -0.044207425735353426 -0.8618072310262329 0 0 0 0 1
1685093642.871099472 -0.04553572410937631 -0.8875831750795089 0 0 0 0 1
1685093642.904432774 -0.04674189341510462 -0.9134752254126155 0 0 0 0 1
1685093642.937766314 -0.047980179749993905 -0.9398415362329106 0 0 0 0 1
1685093642.971099615 -0.04934922621434102 -0.9658164344522907 0 0 0 0 1
1685093643.004432917 -0.05200393402903512 -0.9919826722263331 0 0 0 0 1
1685093643.037766218 -0.05473849274629447 -1.0180304983704167 0 0 0 0 1
1685093643.071099520 -0.05748665914117229 -1.0441228992822484 0 0 0 0 1
1685093643.104432821 -0.059900876604092566 -1.067132992138746 0 0 0 0 1
1685093643.137766123 -0.061470910019095854 -1.09325174024252 0 0 0 0 1
1685093643.171099663 -0.06301613932461382 -1.119311705044987 0 0 0 0 1
1685093643.204432964 -0.0646001543130033 -1.1451352558050227 0 0 0 0 1
1685093643.237766266 -0.0662869521007057 -1.170661662333741 0 0 0 0 1
1685093643.271099567 -0.0680879338403406 -1.1960744985652296 0 0 0 0 1
1685093643.304432869 -0.06952322203984244 -1.2212114466822876 0 0 0 0 1
1685093643.337766171 -0.07079351882133307 -1.2458155752916005 0 0 0 0 1
1685093643.371099472 -0.07180152736468542 -1.2705385073567317 0 0 0 0 1
1685093643.404432774 -0.07292665311670656 -1.294486522635675 0 0 0 0 1
1685093643.437766314 -0.07399967533726454 -1.3182015035750327 0 0 0 0 1
1685093643.471099615 -0.07537691518313483 -1.3415476599792566 0 0 0 0 1
1685093643.504432917 -0.07690748709765968 -1.3647164438549624 0 0 0 0 1
1685093643.537766218 -0.07846791480241744 -1.3875298653119321 0 0 0 0 1
1685093643.571099520 -0.07984647698850998 -1.4095521158172473 0 0 0 0 1
1685093643.604432821 -0.08110413567848461 -1.4307971102829031 0 0 0 0 1
1685093643.637766123 -0.08225543003126237 -1.4510052894991543 0 0 0 0 1
