1685093674.313950539 5.747188226190802e-20 1.4139049357219022e-18 0 0 0 0 1
1685093674.347283840 0.0005655034760680633 -0.010402375077128368 0 0 0 0 1
1685093674.380617380 0.0007545735128470041 -0.02211296856412531 0 0 0 0 1
1685093674.413950682 0.0010582742137606664 -0.0345617580601585 0 0 0 0 1
1685093674.447283983 0.0014328278314321154 -0.048033413366392524 0 0 0 0 1
1685093674.480617285 0.0019175354396176246 -0.06254994772623994 0 0 0 0 1
1685093674.513950586 0.0023882266919399518 -0.0777095834971011 0 0 0 0 1
1685093674.547283888 0.0028988428793644172 -0.09324911434032991 0 0 0 0 1
1685093674.580617189 0.003207512551769404 -0.10937764449879397 0 0 0 0 1
1685093674.613950491 0.0034746276625218235 -0.12585876840112023 0 0 0 0 1
1685093674.647284031 0.003975277776614949 -0.14247671582052407 0 0 0 0 1
1685093674.680617332 0.0044973247629987514 -0.15947622932646546 0 0 0 0 1
1685093674.713950634 0.004985805533336199 -0.17691618354341312 0 0 0 0 1
1685093674.747283936 0.005672321601128261 -0.19466675895937408 0 0 0 0 1
1685093674.780617237 0.0064888974502257755 -0.21277197926534766 0 0 0 0 1
1685093674.813950539 0.007344859657059517 -0.23139389794170892 0 0 0 0 1
1685093674.847283840 0.008502002670627645 -0.2551587660448406 0 0 0 0 1
1685093674.880617380 0.00935154160709565 -0.27467451763262973 0 0 0 0 1
1685093674.913950682 0.01034280667172896 -0.2947265342548568 0 0 0 0 1
1685093674.947283983 0.011382321098958354 -0.314677091736216 0 0 0 0 1
1685093674.980617285 0.012551011524178058 -0.33437730734483456 0 0 0 0 1
1685093675.013950586 0.013530016763591285 -0.3516432204016868 0 0 0 0 1
1685093675.047283888 0.015924991655810187 -0.37171289851731343 0 0 0 0 1
1685093675.080617189 0.018405836092657144 -0.3921721552225867 0 0 0 0 1
1685093675.113950491 0.021004826424798537 -0.41336865222426045 0 0 0 0 1
1685093675.147284031 0.024714805482373512 -0.4455054165718067 0 0 0 0 1
1685093675.180617332 0.026991471630241244 -0.46739763634695464 0 0 0 0 1
1685093675.213950634 0.02936480984632566 -0.4897200132869556 0 0 0 0 1
1685093675.247283936 0.031703128626022314 -0.512296370098023 0 0 0 0 1
1685093675.280617237 0.034091881660064806 -0.5346646563341887 0 0 0 0 1
1685093675.313950539 0.039080450904181975 -0.5540499955494796 0 0 0 0 1
1685093675.347283840 0.04572484977850889 -0.5758250972468513 0 0 0 0 1
1685093675.380617380 0.04870410237231896 -0.5909145550774106 0 0 0 0 1
1685093675.413950682 0.055433192817990855 -0.6132740736170162 0 0 0 0 1
1685093675.447283983 0.06590124213144705 -0.6167509539165609 0 0 0 0 1
1685093675.480617285 0.04469867044072708 -0.6260009385460296 0 0 0 0 1
1685093675.513950586 0.023521735714503243 -0.6354714121208912 0 0 0 0 1
1685093675.547283888 0.0021427856438867815 -0.6451302025805484 0 0 0 0 1
1685093675.580617189 -0.01950455508118748 -0.6549301855999361 0 0 0 0 1
1685093675.613950491 -0.04126120374519999 -0.6648286939923881 0 0 0 0 1
1685093675.647284031 -0.06293652193495758 -0.6747108461530484 0 0 0 0 1
1685093675.680617332 -0.08459034572195338 -0.6845750852456791 0 0 0 0 1
1685093675.713950634 -0.10641149137335935 -0.6943609785005671 0 0 0 0 1
1685093675.747283936 -0.128629830156586 -0.7041326220098545 0 0 0 0 1
1685093675.780617237 -0.1505710772745439 -0.713862040011438 0 0 0 0 1
1685093675.813950539 -0.17244552124644888 -0.7235156828510986 0 0 0 0 1
1685093675.847283840 -0.1941243222192043 -0.7329114800279014 0 0 0 0 1
1685093675.880617380 -0.21571860140604565 -0.7420817624256704 0 0 0 0 1
1685093675.913950682 -0.23738002111727788 -0.7514455824527182 0 0 0 0 1
1685093675.947283983 -0.25890530452813926 -0.760544445041535 0 0 0 0 1
1685093675.980617285 -0.27998428058736263 -0.7695384323251927 0 0 0 0 1
1685093676.013950586 -0.3009167879778445 -0.7785935034867869 0 0 0 0 1
1685093676.047283888 -0.32211163889858707 -0.7879361636301763 0 0 0 0 1
1685093676.080617189 -0.3436134487600405 -0.7974450601529344 0 0 0 0 1
1685093676.113950491 -0.364915909134503 -0.8070218301629009 0 0 0 0 1
1685093676.147284031 -0.38885520925632877 -0.8147998801860182 0 0 0 0 1
1685093676.180617332 -0.41075651133069385 -0.8239165586630586 0 0 0 0 1
1685093676.213950634 -0.432736121863606 -0.8330217639544986 0 0 0 0 1
1685093676.247283936 -0.45447249779931004 -0.8420629994169294 0 0 0 0 1
1685093676.280617237 -0.4758826342453672 -0.8508530882440287 0 0 0 0 1
1685093676.313950539 -0.49586595597933353 -0.8598501352069217 0 0 0 0 1
1685093676.347283840 -0.5172371890554155 -0.8682017240166074 0 0 0 0 1
1685093676.380617380 -0.5382690540333032 -0.8762683115167881 0 0 0 0 1
1685093676.413950682 -0.5589044100508115 -0.884082133293598 0 0 0 0 1
1685093676.447283983 -0.5787440944559629 -0.8916496668701868 0 0 0 0 1
1685093676.480617285 -0.5979727689700733 -0.898852470851455 0 0 0 0 1
1685093676.513950586 -0.616742437111249 -0.9058329011013257 0 0 0 0 1
1685093676.547283888 -0.6353340331892298 -0.9128102576940984 0 0 0 0 1
1685093676.580617189 -0.6538721383915527 -0.9198086880222461 0 0 0 0 1
1685093676.613950491 -0.6720188352644411 -0.9266234199678673 0 0 0 0 1
