1685094167.319004059 6.640837099503084e-20 -7.395149780437719e-19 0 0 0 0 1
1685094167.352337360 -0.0018612234365315088 -0.014757447767878748 0 0 0 0 1
1685094167.385670662 -0.00454020766821706 -0.03291638289496673 0 0 0 0 1
1685094167.419003963 -0.006597018552918885 -0.0440930269731864 0 0 0 0 1
1685094167.452337503 -0.012148298538925836 -0.06303276840109932 0 0 0 0 1
1685094167.485670805 -0.01951475099430403 -0.07944285065772552 0 0 0 0 1
1685094167.519004107 -0.023330075366591107 -0.08842211956140109 0 0 0 0 1
1685094167.552337408 -0.029446893428288858 -0.09542633186525046 0 0 0 0 1
1685094167.585670710 -0.03729675125601625 -0.10657735997476059 0 0 0 0 1
1685094167.619004011 -0.04614654180825354 -0.11664909494503077 0 0 0 0 1
1685094167.652337313 -0.047422026141115514 -0.13389609843345487 0 0 0 0 1
1685094167.685670614 -0.048337243874877464 -0.143286458075648 0 0 0 0 1
1685094167.719004154 -0.04982346427849362 -0.1576518115680176 0 0 0 0 1
1685094167.752337456 -0.04856848465156937 -0.1685839046667753 0 0 0 0 1
1685094167.785670757 -0.04581279884281378 -0.1663865531581732 0 0 0 0 1
1685094167.819004059 -0.03325373046751159 -0.17719837976294042 0 0 0 0 1
1685094167.852337360 -0.02736267632220999 -0.18097021763565124 0 0 0 0 1
1685094167.885670662 -0.0172257075843542 -0.18512854283897207 0 0 0 0 1
1685094167.919003963 -0.005799221079307627 -0.18724211147390724 0 0 0 0 1
1685094167.952337503 0.007911265699303251 -0.19451895270006617 0 0 0 0 1
1685094167.985670805 0.0213417170612381 -0.2018323531019699 0 0 0 0 1
1685094168.019004107 0.031506885004238934 -0.20614258661600474 0 0 0 0 1
1685094168.052337408 0.042924366440113465 -0.2166859769872286 0 0 0 0 1
1685094168.085670710 0.05713298038844074 -0.2242812227978293 0 0 0 0 1
1685094168.119004011 0.06620270862765361 -0.2402877561260076 0 0 0 0 1
1685094168.152337313 0.07680748150171204 -0.24876686090207248 0 0 0 0 1
1685094168.185670614 0.08284246147508317 -0.2527101101711036 0 0 0 0 1
1685094168.219004154 0.08342358573015995 -0.25836083977198265 0 0 0 0 1
1685094168.252337456 0.07666926657015685 -0.26992310182949425 0 0 0 0 1
1685094168.285670757 0.06468871795653834 -0.27998078580412744 0 0 0 0 1
1685094168.319004059 0.05873832773812314 -0.28235296300418933 0 0 0 0 1
1685094168.352337360 0.04986858024875469 -0.2954679250261087 0 0 0 0 1
1685094168.385670662 0.04034820213705231 -0.3054611592022798 0 0 0 0 1
1685094168.419003963 0.032626395143394896 -0.3193328927678017 0 0 0 0 1
1685094168.452337503 0.026992215423301408 -0.3266349734776553 0 0 0 0 1
1685094168.485670805 0.02128885721145317 -0.3349663418358604 0 0 0 0 1
1685094168.519004107 0.012169417612036455 -0.3434256743277766 0 0 0 0 1
1685094168.552337408 0.00727832036789177 -0.3544168426305531 0 0 0 0 1
