1685094118.308166027 -3.551231667372988e-19 -1.0968897265028468e-17 0 0 0 0 1
1685094118.341499329 0.0012509170981377137 -0.008240898669300254 0 0 0 0 1
1685094118.374832630 0.0009485501090593103 -0.017936160410384587 0 0 0 0 1
1685094118.408165932 0.0016277781577790306 -0.02509025530302379 0 0 0 0 1
1685094118.441499233 0.0007947595501539721 -0.03435991370605239 0 0 0 0 1
1685094118.474832773 0.0009053616416232537 -0.044323921824405484 0 0 0 0 1
1685094118.508166075 0.0007369072912350015 -0.05057900404286491 0 0 0 0 1
1685094118.541499376 0.0027005987224704426 -0.060590769651396606 0 0 0 0 1
1685094118.574832678 0.0013071283825937963 -0.07213741124906992 0 0 0 0 1
1685094118.608165979 0.003291507144109436 -0.08151905290326776 0 0 0 0 1
1685094118.641499281 0.006008020098116704 -0.09014220646687462 0 0 0 0 1
1685094118.674832582 0.008340429578112157 -0.09863486804663282 0 0 0 0 1
1685094118.708165884 0.009163992816934865 -0.10901571627226456 0 0 0 0 1
1685094118.741499424 0.010838863096882019 -0.11657873980772593 0 0 0 0 1
1685094118.774832726 0.01273692477712304 -0.12464442766639514 0 0 0 0 1
1685094118.808166027 0.014855683608214428 -0.13551135803514328 0 0 0 0 1
1685094118.841499329 0.014798788679380025 -0.14927011967707934 0 0 0 0 1
1685094118.874832630 0.01507522560331354 -0.1589650525802866 0 0 0 0 1
1685094118.908165932 0.01385064152909275 -0.16901103359799696 0 0 0 0 1
1685094118.941499233 0.01230510227623476 -0.17626997335094055 0 0 0 0 1
1685094118.974832773 0.01353632143264418 -0.18825569012798232 0 0 0 0 1
1685094119.008166075 0.012968816798352436 -0.1979001335280427 0 0 0 0 1
1685094119.041499376 0.013804985273825439 -0.20881734436335633 0 0 0 0 1
1685094119.074832678 0.014624384663473305 -0.22334385824649322 0 0 0 0 1
1685094119.108165979 0.015719617436736208 -0.2364640837743312 0 0 0 0 1
1685094119.141499281 0.020484499750064646 -0.24434299464316564 0 0 0 0 1
1685094119.174832582 0.0217080119517536 -0.25507043602519885 0 0 0 0 1
1685094119.208165884 0.02289134845335081 -0.26774834216542287 0 0 0 0 1
1685094119.241499424 0.024936308423130646 -0.272925704240937 0 0 0 0 1
1685094119.274832726 0.023867944600563677 -0.28158222297945934 0 0 0 0 1
1685094119.308166027 0.027033638681272447 -0.2941813789389648 0 0 0 0 1
1685094119.341499329 0.025135349424222336 -0.30706147484666363 0 0 0 0 1
1685094119.374832630 0.022973045353848944 -0.31696271470485005 0 0 0 0 1
1685094119.408165932 0.02603395601938873 -0.3250933200776087 0 0 0 0 1
1685094119.441499233 0.030052529896823922 -0.3395328661977688 0 0 0 0 1
1685094119.474832773 0.03563416115725009 -0.3510606026118627 0 0 0 0 1
1685094119.508166075 0.04005053823303266 -0.3634656018400985 0 0 0 0 1
1685094119.541499376 0.042490330885908076 -0.3760502765969339 0 0 0 0 1
1685094119.574832678 0.04427069097649785 -0.3870788271152367 0 0 0 0 1
1685094119.608165979 0.04586159062241049 -0.4007273458152397 0 0 0 0 1
1685094119.641499281 0.0459399368009502 -0.4080790399631445 0 0 0 0 1
1685094119.674832582 0.04530349361637504 -0.41589055025805316 0 0 0 0 1
1685094119.708165884 0.04317562486768749 -0.42267866314213953 0 0 0 0 1
1685094119.741499424 0.03972405189073517 -0.43383624797399406 0 0 0 0 1
1685094119.774832726 0.037014127415561385 -0.43811207450299966 0 0 0 0 1
1685094119.808166027 0.0388202002305815 -0.4429539718263043 0 0 0 0 1
1685094119.841499329 0.03618318294073147 -0.44648633293162987 0 0 0 0 1
1685094119.874832630 0.03483368931694846 -0.4520645558519661 0 0 0 0 1
1685094119.908165932 0.03311193647388882 -0.4635673324530901 0 0 0 0 1
1685094119.941499233 0.027151897770922084 -0.4753108629776865 0 0 0 0 1
1685094119.974832773 0.02161339775861465 -0.48522919401154674 0 0 0 0 1
1685094120.008166075 0.017335935424473106 -0.4985380597660169 0 0 0 0 1
1685094120.041499376 0.01608769164803921 -0.5019441771230867 0 0 0 0 1
1685094120.074832678 0.014463237696798128 -0.5075916030310803 0 0 0 0 1
1685094120.108165979 0.015439419314265812 -0.5139056270839911 0 0 0 0 1
1685094120.141499281 0.014076796799870471 -0.5239967855665943 0 0 0 0 1
