1685093683.609034777 2.6381837578393634e-20 4.925387061900324e-20 0 0 0 0 1
1685093683.642368078 5.095925534604071e-05 -0.01192380604497404 0 0 0 0 1
1685093683.675701380 6.206914524006306e-05 -0.024451986839238563 0 0 0 0 1
1685093683.709034920 0.00012238454588238838 -0.037484418135747835 0 0 0 0 1
1685093683.742368221 0.0005588351059479894 -0.049648214059181496 0 0 0 0 1
1685093683.775701523 0.00041283443673167247 -0.06363810353616206 0 0 0 0 1
1685093683.809034824 8.569457689844457e-05 -0.07755826814641348 0 0 0 0 1
1685093683.842368126 -0.00034779089729345406 -0.09149964326449281 0 0 0 0 1
1685093683.875701427 -0.0013457856334310554 -0.10432167508644093 0 0 0 0 1
1685093683.909034729 -0.0018200033345500387 -0.11943319453284838 0 0 0 0 1
1685093683.942368269 -0.003137114964732504 -0.1341385891921805 0 0 0 0 1
1685093683.975701571 -0.004559831439809195 -0.14908977968590742 0 0 0 0 1
1685093684.009034872 -0.00653428814267052 -0.16783358681703148 0 0 0 0 1
1685093684.042368174 -0.008132825230697648 -0.18292698938507898 0 0 0 0 1
1685093684.075701475 -0.009718737460547773 -0.19841341522290087 0 0 0 0 1
1685093684.109034777 -0.011285815926395187 -0.2134113479734104 0 0 0 0 1
1685093684.142368078 -0.012799665399416089 -0.22961728812153862 0 0 0 0 1
1685093684.175701380 -0.014118339273230264 -0.2458267988639893 0 0 0 0 1
1685093684.209034920 -0.01560489322279581 -0.26218582180268724 0 0 0 0 1
1685093684.242368221 -0.016154480064411555 -0.279085090871701 0 0 0 0 1
1685093684.275701523 -0.016449890739273196 -0.2962363532979877 0 0 0 0 1
1685093684.309034824 -0.01675084713123358 -0.313805795366304 0 0 0 0 1
1685093684.342368126 -0.017249363357847526 -0.332026781300787 0 0 0 0 1
1685093684.375701427 -0.017743068675238956 -0.35072541876651564 0 0 0 0 1
1685093684.409034729 -0.018353576326085273 -0.3697796674135263 0 0 0 0 1
1685093684.442368269 -0.019092612560749306 -0.3891694648430912 0 0 0 0 1
1685093684.475701571 -0.019931059737739697 -0.40886929497196467 0 0 0 0 1
1685093684.509034872 -0.020707364600747652 -0.42834766284398107 0 0 0 0 1
1685093684.542368174 -0.021462271692384287 -0.4481198168534453 0 0 0 0 1
1685093684.575701475 -0.022202623737916902 -0.46830010576594616 0 0 0 0 1
1685093684.609034777 -0.022820650308549965 -0.48862689270457266 0 0 0 0 1
1685093684.642368078 -0.023158175422429962 -0.508870421608526 0 0 0 0 1
1685093684.675701380 -0.021637852141183633 -0.5315247377188743 0 0 0 0 1
1685093684.709034920 -0.01846007047846203 -0.5515298833106315 0 0 0 0 1
1685093684.742368221 -0.015020492994532144 -0.5717595401678868 0 0 0 0 1
1685093684.775701523 -0.012366244361194012 -0.5917165665293935 0 0 0 0 1
1685093684.809034824 -0.009408768792293938 -0.61134895584389 0 0 0 0 1
1685093684.842368126 -0.008070403757729341 -0.6303470136364934 0 0 0 0 1
1685093684.875701427 -0.005543823319626881 -0.6498387764630544 0 0 0 0 1
1685093684.909034729 -0.0027664455367879875 -0.6695393066170537 0 0 0 0 1
1685093684.942368269 3.7954926231935025e-05 -0.6895602582969214 0 0 0 0 1
1685093684.975701571 0.002593002703069478 -0.7096085336584249 0 0 0 0 1
1685093685.009034872 0.005054794302440962 -0.7295623314236289 0 0 0 0 1
1685093685.042368174 0.007627465881054854 -0.7496436690939569 0 0 0 0 1
1685093685.075701475 0.0102708549511067 -0.7696238255879976 0 0 0 0 1
1685093685.109034777 0.012883225930769808 -0.7894766051272987 0 0 0 0 1
1685093685.142368078 0.015550611750063979 -0.8094758463305941 0 0 0 0 1
1685093685.175701380 0.01826325960086406 -0.8294270820620805 0 0 0 0 1
1685093685.209034920 0.020697287512206654 -0.8491196949065615 0 0 0 0 1
1685093685.242368221 0.022941330013723955 -0.8685862758316739 0 0 0 0 1
1685093685.275701523 0.025272660361852786 -0.8881317539280456 0 0 0 0 1
1685093685.309034824 0.02741786716229778 -0.9080083399871953 0 0 0 0 1
1685093685.342368126 0.02958616247103248 -0.9278887745832868 0 0 0 0 1
1685093685.375701427 0.03165208861686191 -0.9476491518059026 0 0 0 0 1
1685093685.409034729 0.03362108051474469 -0.967676115598241 0 0 0 0 1
1685093685.442368269 0.0358388011551858 -0.9877072696965876 0 0 0 0 1
1685093685.475701571 0.03802901148014561 -1.0079227114854081 0 0 0 0 1
1685093685.509034872 0.04017657372755142 -1.0283814758435794 0 0 0 0 1
1685093685.542368174 0.04225172579055106 -1.0488481542374146 0 0 0 0 1
1685093685.575701475 0.044261497674689655 -1.06931143843436 0 0 0 0 1
1685093685.609034777 0.046328125318315774 -1.090012865702439 0 0 0 0 1
1685093685.642368078 0.048514197408355525 -1.1107806484908525 0 0 0 0 1
1685093685.675701380 0.05076957152229185 -1.131679009512952 0 0 0 0 1
1685093685.709034920 0.0532200355846183 -1.1528187526908016 0 0 0 0 1
1685093685.742368221 0.05724537301785037 -1.1843167737975253 0 0 0 0 1
1685093685.775701523 0.059984789098416404 -1.204865813139888 0 0 0 0 1
1685093685.809034824 0.06276457382621688 -1.2254051476642245 0 0 0 0 1
1685093685.842368126 0.06552807928475435 -1.2460361107769873 0 0 0 0 1
1685093685.875701427 0.06829655521604586 -1.2668026975020674 0 0 0 0 1
1685093685.909034729 0.07109823583748115 -1.2873947259562937 0 0 0 0 1
1685093685.942368269 0.07364884489752592 -1.307900772414796 0 0 0 0 1
1685093685.975701571 0.07610973895919895 -1.3280809132936446 0 0 0 0 1
1685093686.009034872 0.07875985590189212 -1.348131817402744 0 0 0 0 1
1685093686.042368174 0.08146624678178568 -1.367990320172796 0 0 0 0 1
1685093686.075701475 0.08386339627982675 -1.3873435486972003 0 0 0 0 1
1685093686.109034777 0.08609087735322145 -1.40626883851547 0 0 0 0 1
1685093686.142368078 0.08778798634021055 -1.4239148437457199 0 0 0 0 1
1685093686.175701380 0.09079351054058113 -1.4419598758499348 0 0 0 0 1
1685093686.209034920 0.09377950368803883 -1.4596839225389773 0 0 0 0 1
