1685093631.221969843 -4.658132192182171e-19 5.798284972430808e-19 0 0 0 0 1
1685093631.255303144 -2.6085540276220158e-17 3.247039584561253e-17 0 0 0 0 1
1685093631.288636446 -0.022947853268334414 -0.017086610548481162 0 0 0 0 1
1685093631.321969748 -0.04374011520581172 -0.004962411606090593 0 0 0 0 1
1685093631.355303288 -0.0638138241037666 0.006362228736594468 0 0 0 0 1
1685093631.388636589 -0.07333457797131335 0.020594516078654382 0 0 0 0 1
1685093631.421969891 -0.08130536967695068 0.04551834138984421 0 0 0 0 1
1685093631.455303192 -0.08963434649212286 0.07084307431832045 0 0 0 0 1
1685093631.488636494 -0.0983757099868395 0.09661363017919126 0 0 0 0 1
1685093631.521969795 -0.101519151439745 0.12132632560077196 0 0 0 0 1
1685093631.555303097 -0.10557202235802478 0.14900894260545747 0 0 0 0 1
1685093631.588636398 -0.10390499297204157 0.17129298729974188 0 0 0 0 1
1685093631.621969938 -0.09947451744082758 0.19927756622752632 0 0 0 0 1
1685093631.655303240 -0.09510876301094598 0.22727231501111173 0 0 0 0 1
1685093631.688636541 -0.09043037156392242 0.25717767684986703 0 0 0 0 1
1685093631.721969843 -0.08599069644586045 0.28807828872811203 0 0 0 0 1
1685093631.755303144 -0.08197485633310728 0.31903683452394493 0 0 0 0 1
1685093631.788636446 -0.07838360527829377 0.3500475011640734 0 0 0 0 1
1685093631.821969748 -0.07521761760913964 0.38110446578849605 0 0 0 0 1
1685093631.855303288 -0.07247748780183522 0.4122018968438581 0 0 0 0 1
1685093631.888636589 -0.07016373036941691 0.4433339551784399 0 0 0 0 1
1685093631.921969891 -0.07054102587479755 0.46796806976976746 0 0 0 0 1
1685093631.955303192 -0.07756108009945988 0.4915837593061718 0 0 0 0 1
1685093631.988636494 -0.09097507728503976 0.5192774539759096 0 0 0 0 1
1685093632.021969795 -0.10419333685284114 0.5470651069706056 0 0 0 0 1
1685093632.055303097 -0.1171087974931515 0.5739811530616847 0 0 0 0 1
1685093632.088636398 -0.13027057392759425 0.6006245033647063 0 0 0 0 1
1685093632.121969938 -0.14314959822134496 0.6270821839887571 0 0 0 0 1
1685093632.155303240 -0.15627784918059404 0.6527157477281096 0 0 0 0 1
1685093632.188636541 -0.16957540323421794 0.6782618945886328 0 0 0 0 1
1685093632.221969843 -0.18304167833107782 0.7037195063824395 0 0 0 0 1
