1685094145.173216343 -2.1364411491561486e-19 -5.1826310129230415e-19 0 0 0 0 1
1685094145.206549644 0.00012297027297586402 -0.013459441907328793 0 0 0 0 1
1685094145.239883184 0.0003667102744879182 -0.027668405520446096 0 0 0 0 1
1685094145.273216486 0.00040960181546181976 -0.0433336078591862 0 0 0 0 1
1685094145.306549788 -0.0017522001748897771 -0.05633238778748324 0 0 0 0 1
1685094145.339883089 -0.003941098480262692 -0.07739199453690103 0 0 0 0 1
1685094145.373216391 -0.005858118712316315 -0.09440961581022321 0 0 0 0 1
1685094145.406549692 -0.0076973172718058066 -0.11201459768201448 0 0 0 0 1
1685094145.439882994 -0.009211735906815025 -0.1302099778965133 0 0 0 0 1
1685094145.473216295 -0.010645919104013997 -0.1486887045909274 0 0 0 0 1
1685094145.506549835 -0.012177783545117674 -0.16757740147135536 0 0 0 0 1
1685094145.539883137 -0.014884585187194863 -0.18890306772503926 0 0 0 0 1
1685094145.573216438 -0.014830616836692626 -0.20957330272397373 0 0 0 0 1
1685094145.606549740 -0.014714684794269461 -0.2311890591165737 0 0 0 0 1
1685094145.639883041 -0.014693012255848122 -0.25286844956538007 0 0 0 0 1
1685094145.673216343 -0.014652068475993572 -0.2745478121837232 0 0 0 0 1
1685094145.706549644 -0.01439308253688326 -0.29736772917378956 0 0 0 0 1
1685094145.739883184 -0.014059581316789438 -0.32046757611258 0 0 0 0 1
1685094145.773216486 -0.014227185090571786 -0.34106802493883215 0 0 0 0 1
1685094145.806549788 -0.011691470799791603 -0.36408632382340905 0 0 0 0 1
1685094145.839883089 -0.006395419275498786 -0.3787679641119426 0 0 0 0 1
1685094145.873216391 -0.0040886745842906675 -0.4023267014930989 0 0 0 0 1
1685094145.906549692 -0.0017925773185559401 -0.42554040120811143 0 0 0 0 1
1685094145.939882994 0.0003833981131410873 -0.44873146795490887 0 0 0 0 1
1685094145.973216295 0.003112042008853312 -0.4720132987207629 0 0 0 0 1
1685094146.006549835 0.006002302826393536 -0.49550880766386485 0 0 0 0 1
1685094146.039883137 0.008864992340746093 -0.5191241529277361 0 0 0 0 1
1685094146.073216438 0.011851614140896059 -0.5427241447372747 0 0 0 0 1
1685094146.106549740 0.015030222687647622 -0.5665833315531313 0 0 0 0 1
1685094146.139883041 0.0182799760021074 -0.5904329322039301 0 0 0 0 1
1685094146.173216343 0.021600845177570157 -0.6142727345463761 0 0 0 0 1
1685094146.206549644 0.024979728050290455 -0.6391063283324319 0 0 0 0 1
1685094146.239883184 0.02853475468317501 -0.6643908098144098 0 0 0 0 1
1685094146.273216486 0.03202202072080726 -0.6896847259555648 0 0 0 0 1
1685094146.306549788 0.03485378762402331 -0.7144304243187775 0 0 0 0 1
1685094146.339883089 0.03031248783358631 -0.7389201178140138 0 0 0 0 1
1685094146.373216391 0.017916952023733355 -0.7620147536257815 0 0 0 0 1
1685094146.406549692 0.0054029121724399444 -0.7850453923032429 0 0 0 0 1
1685094146.439882994 -0.007018065693830637 -0.8084210893427984 0 0 0 0 1
1685094146.473216295 -0.019748832793187423 -0.8319324617568522 0 0 0 0 1
1685094146.506549835 -0.0325699478890607 -0.8497922283626993 0 0 0 0 1
1685094146.539883137 -0.04440970482744354 -0.8806020190301026 0 0 0 0 1
1685094146.573216438 -0.056808865615617134 -0.9041388316431667 0 0 0 0 1
1685094146.606549740 -0.06924179861430368 -0.9276578221249804 0 0 0 0 1
1685094146.639883041 -0.08170847820663944 -0.9511589420169242 0 0 0 0 1
1685094146.673216343 -0.09420887870622922 -0.9746421428971989 0 0 0 0 1
1685094146.706549644 -0.10680735105957705 -0.9987025343075835 0 0 0 0 1
1685094146.739883184 -0.12076522222269663 -0.9866961808484394 0 0 0 0 1
1685094146.773216486 -0.09354768494230503 -0.9909022852003344 0 0 0 0 1
1685094146.806549788 -0.06627091451616501 -0.9947076464603186 0 0 0 0 1
1685094146.839883089 -0.0391641260023897 -0.9985484740361028 0 0 0 0 1
1685094146.873216391 -0.012138403176006746 -1.0022472511544893 0 0 0 0 1
1685094146.906549692 0.014798818709151175 -1.0061322110630844 0 0 0 0 1
1685094146.939882994 0.042219170607424965 -1.0099776596763597 0 0 0 0 1
1685094146.973216295 0.06964640466343104 -1.0137737109536173 0 0 0 0 1
1685094147.006549835 0.09706735384879435 -1.017498230735765 0 0 0 0 1
1685094147.039883137 0.12449898671058353 -1.0211432301006336 0 0 0 0 1
1685094147.073216438 0.15194107264105441 -1.0247086784060417 0 0 0 0 1
1685094147.106549740 0.1793933809445877 -1.0281945456785644 0 0 0 0 1
1685094147.139883041 0.20685568083962827 -1.031600802613785 0 0 0 0 1
1685094147.173216343 0.23563956738519537 -1.0352669719761458 0 0 0 0 1
1685094147.206549644 0.2644401035789329 -1.0387999646756578 0 0 0 0 1
1685094147.239883184 0.29325667324528887 -1.0421997051254044 0 0 0 0 1
1685094147.273216486 0.32208865986568175 -1.0454661205893456 0 0 0 0 1
1685094147.306549788 0.35093544659169074 -1.048599141183874 0 0 0 0 1
1685094147.339883089 0.3797964162582528 -1.0515986998793108 0 0 0 0 1
1685094147.373216391 0.40757974301988503 -1.0539991596736091 0 0 0 0 1
1685094147.406549692 0.43524731064943184 -1.056322247541668 0 0 0 0 1
1685094147.439882994 0.46275169764758134 -1.0586465322338987 0 0 0 0 1
1685094147.473216295 0.4904180913975098 -1.0607663624176735 0 0 0 0 1
1685094147.506549835 0.5180776778794938 -1.0629732377607257 0 0 0 0 1
1685094147.539883137 0.5457301832291132 -1.0652671364122355 0 0 0 0 1
1685094147.573216438 0.573330493947333 -1.0680259132897665 0 0 0 0 1
1685094147.606549740 0.6006753944713035 -1.070815425322049 0 0 0 0 1
1685094147.639883041 0.6276825642553429 -1.0738708897891716 0 0 0 0 1
1685094147.673216343 0.6543156554575357 -1.076698951878512 0 0 0 0 1
1685094147.706549644 0.680900988533817 -1.0795542669554872 0 0 0 0 1
1685094147.739883184 0.7074796995762909 -1.0824705794021054 0 0 0 0 1
1685094147.773216486 0.7340516486328214 -1.0854478738623117 0 0 0 0 1
1685094147.806549788 0.7599632420509868 -1.0884748578916337 0 0 0 0 1
1685094147.839883089 0.7856479282740834 -1.0914819692044395 0 0 0 0 1
1685094147.873216391 0.7761569429824985 -1.0716113999456554 0 0 0 0 1
1685094147.906549692 0.7824459840475546 -1.0463842339465472 0 0 0 0 1
1685094147.939882994 0.7885937293965335 -1.0218582333792112 0 0 0 0 1
1685094147.973216295 0.7945194720453961 -0.9977602291602649 0 0 0 0 1
1685094148.006549835 0.8006644254969342 -0.9735213013951183 0 0 0 0 1
1685094148.039883137 0.8066457183549458 -0.9501623964293108 0 0 0 0 1
1685094148.073216438 0.812462000735092 -0.9275885818524758 0 0 0 0 1
1685094148.106549740 0.8135671303893988 -0.9146777237859552 0 0 0 0 1
1685094148.139883041 0.818250721331066 -0.8923675850083329 0 0 0 0 1
1685094148.173216343 0.8230519392125344 -0.8703493074321985 0 0 0 0 1
1685094148.206549644 0.8278318455028876 -0.8488400728799872 0 0 0 0 1
