1685094196.952191830 1.1382197789209882e-18 -7.033536313796789e-19 0 0 0 0 1
1685094196.985525131 0.00019806880654706509 -0.015211765334505205 0 0 0 0 1
1685094197.018858433 0.00031258145680276405 -0.031176419388363855 0 0 0 0 1
1685094197.052191734 0.0002882838951673741 -0.04775851218739657 0 0 0 0 1
1685094197.085525036 0.00024098592132495587 -0.06510232203708131 0 0 0 0 1
1685094197.118858337 4.9282233924849604e-05 -0.08295156910774021 0 0 0 0 1
1685094197.152191877 -0.0003255410961951711 -0.10162437605624214 0 0 0 0 1
1685094197.185525179 -0.0008313974019251428 -0.12102112528445458 0 0 0 0 1
1685094197.218858480 0.0036527486556405227 -0.13689228289026403 0 0 0 0 1
1685094197.252191782 0.005736615092638855 -0.15695477821180678 0 0 0 0 1
1685094197.285525084 0.007876321788314078 -0.17808638722986792 0 0 0 0 1
1685094197.318858385 0.012329169437124957 -0.19235826771990608 0 0 0 0 1
1685094197.352191687 0.024075206802772902 -0.2114179871916264 0 0 0 0 1
1685094197.385524988 0.039248379887683316 -0.23531630285284413 0 0 0 0 1
1685094197.418858528 0.039317815320753256 -0.23045413915263696 0 0 0 0 1
1685094197.452191830 0.06057992525336357 -0.22020541071452235 0 0 0 0 1
1685094197.485525131 0.08225516225969255 -0.20983432636845067 0 0 0 0 1
1685094197.518858433 0.10449387017062992 -0.19920105340902933 0 0 0 0 1
1685094197.552191734 0.12771701160936502 -0.18805078801317845 0 0 0 0 1
1685094197.585525036 0.15144575166482102 -0.17667765418652284 0 0 0 0 1
1685094197.618858337 0.150328145763454 -0.18060726378682374 0 0 0 0 1
1685094197.652191877 0.1333439449471127 -0.1594633538985573 0 0 0 0 1
1685094197.685525179 0.11629513459238797 -0.1383715055153178 0 0 0 0 1
1685094197.718858480 0.0983664359919891 -0.11651091913839584 0 0 0 0 1
1685094197.752191782 0.08481075773588428 -0.15947810511996063 0 0 0 0 1
1685094197.785525084 0.10997505068298767 -0.17321318347438178 0 0 0 0 1
1685094197.818858385 0.13535019713553087 -0.1865546961113249 0 0 0 0 1
1685094197.852191687 0.1609300422658835 -0.19949940700175825 0 0 0 0 1
1685094197.885524988 0.186578815013984 -0.21280513255204994 0 0 0 0 1
1685094197.918858528 0.2123124792770466 -0.2262446435960548 0 0 0 0 1
1685094197.952191830 0.24503066048504085 -0.2440623140407212 0 0 0 0 1
1685094197.985525131 0.27768943195456836 -0.26198864684291673 0 0 0 0 1
1685094198.018858433 0.31028843280170637 -0.28002344391419504 0 0 0 0 1
1685094198.052191734 0.3365123875756422 -0.2947386275646786 0 0 0 0 1
1685094198.085525036 0.36263138982553567 -0.30963930390244804 0 0 0 0 1
1685094198.118858337 0.3888502429978615 -0.3249018437397788 0 0 0 0 1
1685094198.152191877 0.4150239041024187 -0.3402417540505297 0 0 0 0 1
1685094198.185525179 0.4417801899701186 -0.35566929293812305 0 0 0 0 1
1685094198.218858480 0.4685111403568587 -0.3711406885113709 0 0 0 0 1
1685094198.252191782 0.49521668337646024 -0.3866558991638399 0 0 0 0 1
1685094198.285525084 0.521896747211071 -0.4022148831712668 0 0 0 0 1
1685094198.318858385 0.548551260111359 -0.41781759869167107 0 0 0 0 1
1685094198.352191687 0.5751801503967044 -0.433464003765467 0 0 0 0 1
1685094198.385524988 0.6017833464553937 -0.4491540563155772 0 0 0 0 1
1685094198.418858528 0.628360776744811 -0.4648877141475451 0 0 0 0 1
1685094198.452191830 0.6549123697916311 -0.4806649349496486 0 0 0 0 1
1685094198.485525131 0.6814380541920118 -0.49648567629301416 0 0 0 0 1
1685094198.518858433 0.7079377586117854 -0.5123498956317304 0 0 0 0 1
1685094198.552191734 0.7344114117866513 -0.5282575503029632 0 0 0 0 1
1685094198.585525036 0.7608589425223666 -0.5442085975270696 0 0 0 0 1
1685094198.618858337 0.7878366919624409 -0.5604012693488076 0 0 0 0 1
1685094198.652191877 0.8146535417545377 -0.5768590381163549 0 0 0 0 1
1685094198.685525179 0.8258830633575399 -0.5980033446513424 0 0 0 0 1
1685094198.718858480 0.8278193140619514 -0.6218661774146058 0 0 0 0 1
1685094198.752191782 0.8407530435517034 -0.6559268033630107 0 0 0 0 1
1685094198.785525084 0.8771102474236419 -0.6582850495599883 0 0 0 0 1
1685094198.818858385 0.8961187183269167 -0.6327497132100146 0 0 0 0 1
1685094198.852191687 0.914992530497916 -0.6071146867282496 0 0 0 0 1
1685094198.885524988 0.933731161120889 -0.5813806802200762 0 0 0 0 1
1685094198.918858528 0.9523340911246941 -0.5555484065326813 0 0 0 0 1
1685094198.952191830 0.970800805197177 -0.5296185812353118 0 0 0 0 1
1685094198.985525131 0.9891307917994454 -0.5035919225994513 0 0 0 0 1
1685094199.018858433 1.0073235431800383 -0.47746915157892444 0 0 0 0 1
1685094199.052191734 1.0253785553889916 -0.4512509917899253 0 0 0 0 1
1685094199.085525036 1.0432953282917974 -0.42493816949097335 0 0 0 0 1
1685094199.118858337 1.0612715437154472 -0.4000958318708677 0 0 0 0 1
1685094199.152191877 1.079040389963794 -0.37473568300020504 0 0 0 0 1
1685094199.185525179 1.097099070050687 -0.3495615119924651 0 0 0 0 1
1685094199.218858480 1.1151009155927232 -0.32434666776355164 0 0 0 0 1
1685094199.252191782 1.1323371389454964 -0.29944352531421525 0 0 0 0 1
1685094199.285525084 1.1492502967831728 -0.2743198513934594 0 0 0 0 1
1685094199.318858385 1.1658375678526127 -0.24897983683569816 0 0 0 0 1
1685094199.352191687 1.1814270468798558 -0.2245784433764402 0 0 0 0 1
1685094199.385524988 1.1960152330023999 -0.20182205929709682 0 0 0 0 1
1685094199.418858528 1.2107512587741414 -0.17643649058541458 0 0 0 0 1
1685094199.452191830 1.225441471464272 -0.15102438312696703 0 0 0 0 1
1685094199.485525131 1.2396607266255444 -0.12684566993313287 0 0 0 0 1
1685094199.518858433 1.2536272919642684 -0.10282525641733747 0 0 0 0 1
1685094199.552191734 1.2674612706649155 -0.07936751659820186 0 0 0 0 1
1685094199.585525036 1.2806768395089954 -0.05232928618513468 0 0 0 0 1
