1685094147.149554014 2.0648242726540237e-19 4.1677051037335004e-20 0 0 0 0 1
1685094147.182887316 -0.0024764133785224393 -0.00853874644995773 0 0 0 0 1
1685094147.216220617 -0.001589491768046486 -0.018758443536249437 0 0 0 0 1
1685094147.249553919 0.00160379661661526 -0.027233922995519893 0 0 0 0 1
1685094147.282887459 0.005621041385133503 -0.03758834493498307 0 0 0 0 1
1685094147.316220760 0.008917365334459545 -0.04712765979853853 0 0 0 0 1
1685094147.349554062 0.01410482448629688 -0.060567260501221645 0 0 0 0 1
1685094147.382887363 0.01469268216616634 -0.0747674139619111 0 0 0 0 1
1685094147.416220665 0.01749256884616393 -0.0874068085049401 0 0 0 0 1
1685094147.449553967 0.017972429776086943 -0.09953981925382362 0 0 0 0 1
1685094147.482887268 0.024039379995628198 -0.10998124253215938 0 0 0 0 1
1685094147.516220570 0.028802447110703656 -0.12227683794135798 0 0 0 0 1
1685094147.549554110 0.03841238378382941 -0.12714032041476142 0 0 0 0 1
1685094147.582887411 0.05098776028068077 -0.12907131539275618 0 0 0 0 1
1685094147.616220713 0.06095054344243687 -0.13564376686069757 0 0 0 0 1
1685094147.649554014 0.07440528326725473 -0.14185789079615616 0 0 0 0 1
1685094147.682887316 0.08542540483792221 -0.14194084216248012 0 0 0 0 1
1685094147.716220617 0.10168726040187434 -0.1455333498007854 0 0 0 0 1
1685094147.749553919 0.12078664318935659 -0.1488990270289417 0 0 0 0 1
1685094147.782887459 0.13586917902701467 -0.15325838278558002 0 0 0 0 1
1685094147.816220760 0.14374587505335135 -0.15391226630593266 0 0 0 0 1
1685094147.849554062 0.15342589687839792 -0.14585825039365238 0 0 0 0 1
1685094147.882887363 0.16544235921861003 -0.13077549955984777 0 0 0 0 1
1685094147.916220665 0.17462547794580505 -0.11844403338064048 0 0 0 0 1
1685094147.949553967 0.17766929954784344 -0.11195976253445991 0 0 0 0 1
1685094147.982887268 0.17643061452332695 -0.09413124786663625 0 0 0 0 1
1685094148.016220570 0.17318757584454877 -0.08284558344865911 0 0 0 0 1
1685094148.049554110 0.16663288497189163 -0.07024266010820548 0 0 0 0 1
1685094148.082887411 0.1640279917149427 -0.04662605097174132 0 0 0 0 1
1685094148.116220713 0.15600885715572932 -0.0328514954682899 0 0 0 0 1
1685094148.149554014 0.15632200617443479 -0.011533906532542952 0 0 0 0 1
1685094148.182887316 0.1541984361169189 0.009147415883954043 0 0 0 0 1
1685094148.216220617 0.15481403057094748 0.026987761875680714 0 0 0 0 1
1685094148.249553919 0.15018250646018544 0.04080887017317519 0 0 0 0 1
1685094148.282887459 0.14143230166817983 0.05556160013303225 0 0 0 0 1
1685094148.316220760 0.14417595003560865 0.06318251215233604 0 0 0 0 1
1685094148.349554062 0.1365569942135456 0.0788059721770873 0 0 0 0 1
1685094148.382887363 0.12845878530686053 0.09775264128614163 0 0 0 0 1
1685094148.416220665 0.12750295608228362 0.10879752131811372 0 0 0 0 1
