1685094354.660997629 2.7509641051465593e-20 2.366722341469348e-20 0 0 0 0 1
1685094354.694331169 -0.0006252324788464712 -0.013647151659869884 0 0 0 0 1
1685094354.727664471 -0.0013116034438314988 -0.027992499068410722 0 0 0 0 1
1685094354.760997772 -0.0018590223046562335 -0.04309685577095166 0 0 0 0 1
1685094354.794331074 -0.0024245375731383784 -0.05874526882153209 0 0 0 0 1
1685094354.827664375 -0.0028097687727165334 -0.0747532645838108 0 0 0 0 1
1685094354.860997677 -0.0033316401662714717 -0.09115645101735795 0 0 0 0 1
1685094354.894330978 -0.003760676726101922 -0.10814127995567434 0 0 0 0 1
1685094354.927664280 -0.004015824548297642 -0.1258316907345911 0 0 0 0 1
1685094354.960997820 -0.003976991292689466 -0.1441582982550934 0 0 0 0 1
1685094354.994331121 -0.003763843376318088 -0.16308863026511838 0 0 0 0 1
1685094355.027664423 -0.0034930195961800103 -0.18233300540303862 0 0 0 0 1
1685094355.060997725 -0.003239683158454896 -0.20185388688418665 0 0 0 0 1
1685094355.094331026 -0.0031495821353371765 -0.22227177756141572 0 0 0 0 1
1685094355.127664328 -0.002943680994799067 -0.2433469093398174 0 0 0 0 1
1685094355.160997629 -0.0026795461710356775 -0.2648718083462243 0 0 0 0 1
1685094355.194331169 0.0014037669073844652 -0.283356386179677 0 0 0 0 1
1685094355.227664471 0.009050085720832997 -0.3062415184569976 0 0 0 0 1
1685094355.260997772 0.016633504738151846 -0.3279451763000831 0 0 0 0 1
1685094355.294331074 0.024353297077258376 -0.35000176528654414 0 0 0 0 1
1685094355.327664375 0.03209780847992059 -0.3720496870618644 0 0 0 0 1
1685094355.360997677 0.04003620644494919 -0.39456668634763564 0 0 0 0 1
1685094355.394330978 0.04795601020832613 -0.4170902324147226 0 0 0 0 1
1685094355.427664280 0.05606016643362584 -0.43977319022304245 0 0 0 0 1
1685094355.460997820 0.06451754705111695 -0.46290873291363843 0 0 0 0 1
1685094355.494331121 0.08155248377878968 -0.4670343204251592 0 0 0 0 1
1685094355.527664423 0.08758230992602072 -0.45057677691875464 0 0 0 0 1
1685094355.560997725 0.07191427470123103 -0.44272042828686603 0 0 0 0 1
1685094355.594331026 0.06233266109395454 -0.4573970158436478 0 0 0 0 1
1685094355.627664328 0.05941282577294594 -0.48353633306540045 0 0 0 0 1
1685094355.660997629 0.05614374972724001 -0.5098326622685538 0 0 0 0 1
1685094355.694331169 0.052669286324721384 -0.536065121593978 0 0 0 0 1
1685094355.727664471 0.04940166207219069 -0.5626534359321709 0 0 0 0 1
1685094355.760997772 0.046330783356902175 -0.5895377113036714 0 0 0 0 1
1685094355.794331074 0.04310215774205739 -0.6160801844212024 0 0 0 0 1
1685094355.827664375 0.039832290506798915 -0.6426176083884882 0 0 0 0 1
1685094355.860997677 0.03652118954701776 -0.6691499191244539 0 0 0 0 1
1685094355.894330978 0.03316886285817384 -0.695677052560371 0 0 0 0 1
1685094355.927664280 0.02977531853527662 -0.722198944640014 0 0 0 0 1
1685094355.960997820 0.026340564772865616 -0.7487155313198129 0 0 0 0 1
1685094355.994331121 0.00879223127553345 -0.7499324899609527 0 0 0 0 1
1685094356.027664423 -0.018939450266952672 -0.7617583774588315 0 0 0 0 1
1685094356.060997725 -0.04659643642757746 -0.7737579146497968 0 0 0 0 1
1685094356.094331026 -0.05046289720398294 -0.7766773231520171 0 0 0 0 1
1685094356.127664328 -0.05049207636187697 -0.7815220742823707 0 0 0 0 1
1685094356.160997629 -0.046661061065279195 -0.7844878434466097 0 0 0 0 1
1685094356.194331169 -0.016508875180477032 -0.7840398287258105 0 0 0 0 1
1685094356.227664471 0.013533039154635336 -0.7835063195542592 0 0 0 0 1
1685094356.260997772 0.043573876315368285 -0.7829152597969713 0 0 0 0 1
1685094356.294331074 0.06939108140067402 -0.7857748023507071 0 0 0 0 1
1685094356.327664375 0.05002392038600858 -0.8030842834597809 0 0 0 0 1
1685094356.360997677 0.046029457976608575 -0.7730543398036664 0 0 0 0 1
1685094356.394330978 0.041881791380115725 -0.7428036634585218 0 0 0 0 1
1685094356.427664280 0.037675612284997384 -0.712561067423225 0 0 0 0 1
1685094356.460997820 0.03341093643218676 -0.682326664875716 0 0 0 0 1
1685094356.494331121 0.02908777978153159 -0.6521005689632721 0 0 0 0 1
1685094356.527664423 0.024706158511734366 -0.6218828928020842 0 0 0 0 1
1685094356.560997725 0.020266089020291807 -0.5916737494768338 0 0 0 0 1
1685094356.594331026 0.015767587923433465 -0.5614732520402694 0 0 0 0 1
1685094356.627664328 0.011147668630017144 -0.5316287543161646 0 0 0 0 1
1685094356.660997629 0.00642282992288297 -0.5018006870325918 0 0 0 0 1
1685094356.694331169 0.0016705821384942151 -0.4717583947078728 0 0 0 0 1
1685094356.727664471 -0.0034049885503920894 -0.44176903377253063 0 0 0 0 1
1685094356.760997772 -0.008803293239632935 -0.41183608380748005 0 0 0 0 1
1685094356.794331074 -0.014850701848188744 -0.38138654426548163 0 0 0 0 1
1685094356.827664375 -0.020673119597860112 -0.3512110597829097 0 0 0 0 1
1685094356.860997677 -0.026220662323459164 -0.32117513476112575 0 0 0 0 1
1685094356.894330978 -0.03168655625823355 -0.2911242441636681 0 0 0 0 1
1685094356.927664280 -0.03677895861081295 -0.26099537569857567 0 0 0 0 1
1685094356.960997820 -0.04170004441027911 -0.2308380516916003 0 0 0 0 1
1685094356.994331121 -0.04644965469937303 -0.20065324626222686 0 0 0 0 1
1685094357.027664423 -0.05102763605971028 -0.17044193441762462 0 0 0 0 1
1685094357.060997725 -0.055433840616736625 -0.14020509202115344 0 0 0 0 1
1685094357.094331026 -0.05966812604450457 -0.10994369576084201 0 0 0 0 1
1685094357.127664328 -0.0637303555702707 -0.07965872311783978 0 0 0 0 1
1685094357.160997629 -0.0676203979789135 -0.049351152334843024 0 0 0 0 1
1685094357.194331169 -0.07133812761717194 -0.019021962384496292 0 0 0 0 1
1685094357.227664471 -0.07498617295030655 0.008881771423007659 0 0 0 0 1
1685094357.260997772 -0.07931418710354665 0.036688153579663665 0 0 0 0 1
1685094357.294331074 -0.08431959141832483 0.06438061686479314 0 0 0 0 1
1685094357.327664375 -0.08999940364267461 0.09194266193131116 0 0 0 0 1
1685094357.360997677 -0.09585984142918405 0.11810881772504883 0 0 0 0 1
1685094357.394330978 -0.09940601158349122 0.1464697885982574 0 0 0 0 1
1685094357.427664280 -0.1076937365697596 0.17106630300487027 0 0 0 0 1
1685094357.460997820 -0.11115667440403705 0.18417944159710578 0 0 0 0 1
1685094357.494331121 -0.09778676448696004 0.2050971526288397 0 0 0 0 1
1685094357.527664423 -0.0846018639839072 0.22584935861397862 0 0 0 0 1
