1685094145.501245260 6.162634312974198e-20 -6.415942771733403e-20 0 0 0 0 1
1685094145.534578562 0.00029664765539117973 -0.015968168741435983 0 0 0 0 1
1685094145.567911863 0.0006825590594732331 -0.032223481640136276 0 0 0 0 1
1685094145.601245165 0.0004921286076745834 -0.04874692665946842 0 0 0 0 1
1685094145.634578466 0.0001548178996330155 -0.06457572788939155 0 0 0 0 1
1685094145.667911768 0.000955981850962544 -0.07793198178976317 0 0 0 0 1
1685094145.701245308 -0.0009675649354211427 -0.09564287831886686 0 0 0 0 1
1685094145.734578609 -0.002255630303827906 -0.11463937390983082 0 0 0 0 1
1685094145.767911911 -0.0034053467937913817 -0.13424196790478796 0 0 0 0 1
1685094145.801245213 -0.004408348144302185 -0.15106672091022927 0 0 0 0 1
1685094145.834578514 0.0005170386176000583 -0.17624116236013732 0 0 0 0 1
1685094145.867911816 0.007859451161394842 -0.18744225133682707 0 0 0 0 1
1685094145.901245117 0.023944655770337962 -0.2055849959489782 0 0 0 0 1
1685094145.934578657 0.0377933968433249 -0.23087661897002223 0 0 0 0 1
1685094145.967911959 0.04584372801173311 -0.2436074421526542 0 0 0 0 1
1685094146.001245260 0.05091005206875645 -0.2678075327337813 0 0 0 0 1
1685094146.034578562 0.05585797206270339 -0.29186072881814223 0 0 0 0 1
1685094146.067911863 0.06079184314795855 -0.31611595324137937 0 0 0 0 1
1685094146.101245165 0.06485214489253177 -0.3414549439636681 0 0 0 0 1
1685094146.134578466 0.07363004037001208 -0.3758530201648552 0 0 0 0 1
1685094146.167911768 0.07871149409723857 -0.40149004454139875 0 0 0 0 1
1685094146.201245308 0.08368349868866977 -0.4273534883665661 0 0 0 0 1
1685094146.234578609 0.08778529106845566 -0.4479657859170892 0 0 0 0 1
1685094146.267911911 0.08514417478594372 -0.472060680161315 0 0 0 0 1
1685094146.301245213 0.07239685010254128 -0.49677420393536154 0 0 0 0 1
1685094146.334578514 0.05993643844045212 -0.5216336223743702 0 0 0 0 1
1685094146.367911816 0.047764609309431 -0.5466356046861722 0 0 0 0 1
1685094146.401245117 0.0401035580550587 -0.5419618051508187 0 0 0 0 1
1685094146.434578657 0.060523502764888305 -0.5615861468719955 0 0 0 0 1
1685094146.467911959 0.08075847847051798 -0.5814011585584568 0 0 0 0 1
1685094146.501245260 0.10080670487900345 -0.6014050968661031 0 0 0 0 1
1685094146.534578562 0.12066641812778618 -0.6215962018288865 0 0 0 0 1
1685094146.567911863 0.14080212754292726 -0.6427662057874154 0 0 0 0 1
1685094146.601245165 0.16091240420233976 -0.6639786048593123 0 0 0 0 1
1685094146.634578466 0.18177919147926785 -0.6858633815495064 0 0 0 0 1
1685094146.667911768 0.2024241810552906 -0.7079690114036616 0 0 0 0 1
1685094146.701245308 0.2242252673768969 -0.7286460765179346 0 0 0 0 1
1685094146.734578609 0.2491918212737893 -0.7453643172464194 0 0 0 0 1
1685094146.767911911 0.2763621783470924 -0.7595570108326952 0 0 0 0 1
1685094146.801245213 0.3030992076960876 -0.7745500797752326 0 0 0 0 1
1685094146.834578514 0.3293793388486406 -0.7903303066851768 0 0 0 0 1
1685094146.867911816 0.3551794041188076 -0.8068837802414981 0 0 0 0 1
1685094146.901245117 0.38151884733554675 -0.8235675481579497 0 0 0 0 1
1685094146.934578657 0.4078137669597457 -0.8403214009332 0 0 0 0 1
1685094146.967911959 0.40798071633603594 -0.8443232350060523 0 0 0 0 1
1685094147.001245260 0.434991981450072 -0.8594107358380398 0 0 0 0 1
1685094147.034578562 0.4381005365738427 -0.8778041610617676 0 0 0 0 1
1685094147.067911863 0.46185392009767556 -0.8551713480703946 0 0 0 0 1
1685094147.101245165 0.4854555241533378 -0.8323803029269066 0 0 0 0 1
1685094147.134578466 0.5089042947066877 -0.8094320434663481 0 0 0 0 1
1685094147.167911768 0.5321991845490405 -0.786327594544865 0 0 0 0 1
1685094147.201245308 0.5351313943751125 -0.8012510119301598 0 0 0 0 1
1685094147.234578609 0.5473314458852939 -0.7921699886360178 0 0 0 0 1
1685094147.267911911 0.5500423381378502 -0.8251547745725161 0 0 0 0 1
1685094147.301245213 0.5525052937373953 -0.858158999904983 0 0 0 0 1
1685094147.334578514 0.5536732463591411 -0.8908290435220213 0 0 0 0 1
1685094147.367911816 0.5536062254033898 -0.9248807137360299 0 0 0 0 1
1685094147.401245117 0.5464271265233618 -0.9161334684690076 0 0 0 0 1
1685094147.434578657 0.5572219762336391 -0.9195283145955924 0 0 0 0 1
1685094147.467911959 0.5878109349677476 -0.9326399359540376 0 0 0 0 1
1685094147.501245260 0.6185530260693083 -0.9453883807920394 0 0 0 0 1
1685094147.534578562 0.6494439377950186 -0.9577718610717748 0 0 0 0 1
1685094147.567911863 0.680479337528685 -0.969788639943659 0 0 0 0 1
1685094147.601245165 0.7116548723888949 -0.9814370319899489 0 0 0 0 1
1685094147.634578466 0.7429661698395319 -0.9927154034611303 0 0 0 0 1
1685094147.667911768 0.7750090672933626 -1.0048364525066726 0 0 0 0 1
1685094147.701245308 0.807824951043198 -1.0169500536615765 0 0 0 0 1
1685094147.734578609 0.8406856601877511 -1.0289415237023964 0 0 0 0 1
1685094147.767911911 0.8721388134429758 -1.0406504592432977 0 0 0 0 1
1685094147.801245213 0.8811484765507214 -1.0445235526037133 0 0 0 0 1
1685094147.834578514 0.8901748560373305 -1.0483575263721796 0 0 0 0 1
1685094147.867911816 0.8992177820480661 -1.0521523084025382 0 0 0 0 1
1685094147.901245117 0.9097138701874713 -1.0451920173743838 0 0 0 0 1
1685094147.934578657 0.9116424889135557 -1.0327463776866794 0 0 0 0 1
1685094147.967911959 0.903745272118676 -1.0229357974631945 0 0 0 0 1
1685094148.001245260 0.9140380569207884 -1.0050949284088684 0 0 0 0 1
1685094148.034578562 0.9500986377236024 -1.003215496732407 0 0 0 0 1
1685094148.067911863 0.9860311830610746 -1.0067862021015552 0 0 0 0 1
1685094148.101245165 1.021016664640101 -1.015725655661274 0 0 0 0 1
1685094148.134578466 1.0542576410606366 -1.029830096021393 0 0 0 0 1
1685094148.167911768 1.0858736991071298 -1.0442067843621905 0 0 0 0 1
1685094148.201245308 1.116764846082864 -1.059479919068256 0 0 0 0 1
1685094148.234578609 1.1470533478723428 -1.0735697456599191 0 0 0 0 1
1685094148.267911911 1.1267478194569962 -1.0661775205053274 0 0 0 0 1
1685094148.301245213 1.1458342033924291 -1.0763101127319927 0 0 0 0 1
1685094148.334578514 1.1283346611054452 -1.0636323567511936 0 0 0 0 1
1685094148.367911816 1.1439102349120276 -1.0786110408575607 0 0 0 0 1
1685094148.401245117 1.160839548415124 -1.1027239530196762 0 0 0 0 1
1685094148.434578657 1.18077462110658 -1.1244178937730382 0 0 0 0 1
1685094148.467911959 1.2033735842964788 -1.1433208314115542 0 0 0 0 1
1685094148.501245260 1.217739689834396 -1.1415693443116297 0 0 0 0 1
1685094148.534578562 1.2273185149989003 -1.1524182522684534 0 0 0 0 1
1685094148.567911863 1.2001505333288052 -1.1719156803022008 0 0 0 0 1
1685094148.601245165 1.1730465528054717 -1.1915019808142564 0 0 0 0 1
1685094148.634578466 1.1460068641492538 -1.2111769437197513 0 0 0 0 1
1685094148.667911768 1.1240966420932135 -1.2275151650656024 0 0 0 0 1
1685094148.701245308 1.1083187048320546 -1.2443499544572725 0 0 0 0 1
1685094148.734578609 1.089151557118036 -1.2737444191421345 0 0 0 0 1
1685094148.767911911 1.0699158382085738 -1.3019465640009538 0 0 0 0 1
1685094148.801245213 1.0522732407892836 -1.2923671383863702 0 0 0 0 1
1685094148.834578514 1.0836976494922441 -1.2777183151009703 0 0 0 0 1
1685094148.867911816 1.1141567521070828 -1.2629552890578084 0 0 0 0 1
1685094148.901245117 1.144596008646881 -1.2481513864859624 0 0 0 0 1
1685094148.934578657 1.1753510576639923 -1.2334748916395937 0 0 0 0 1
1685094148.967911959 1.206237565785224 -1.2190771085776952 0 0 0 0 1
1685094149.001245260 1.2372530073011416 -1.2049592146627697 0 0 0 0 1
1685094149.034578562 1.2683948459589278 -1.1911223643697002 0 0 0 0 1
1685094149.067911863 1.270527159348585 -1.195593305302761 0 0 0 0 1
1685094149.101245165 1.2672652788363516 -1.2051740233335055 0 0 0 0 1
1685094149.134578466 1.2770872670470022 -1.2027330050929839 0 0 0 0 1
1685094149.167911768 1.243736664674278 -1.1954608950102885 0 0 0 0 1
1685094149.201245308 1.2104878418076672 -1.1877367742407026 0 0 0 0 1
1685094149.234578609 1.1773469243866859 -1.1795620659172148 0 0 0 0 1
1685094149.267911911 1.144320018469778 -1.1709382761914549 0 0 0 0 1
1685094149.301245213 1.1114132091093032 -1.161866993956192 0 0 0 0 1
1685094149.334578514 1.0787015064691732 -1.1521493907570524 0 0 0 0 1
1685094149.367911816 1.081449652752084 -1.161103370236297 0 0 0 0 1
1685094149.401245117 1.0792239173113591 -1.1520054496906496 0 0 0 0 1
1685094149.434578657 1.0622534391395484 -1.1224630411983711 0 0 0 0 1
1685094149.467911959 1.0952321155844953 -1.1139098003597145 0 0 0 0 1
1685094149.501245260 1.0947590373496836 -1.1479763121548527 0 0 0 0 1
1685094149.534578562 1.0620305882565668 -1.138510603049676 0 0 0 0 1
1685094149.567911863 1.059829193426663 -1.1048740370067647 0 0 0 0 1
1685094149.601245165 1.059844886443291 -1.071165514818963 0 0 0 0 1
1685094149.634578466 1.0620775993469878 -1.0375310130767645 0 0 0 0 1
1685094149.667911768 1.0665176632529705 -1.004116187821093 0 0 0 0 1
1685094149.701245308 1.0685072694836264 -0.9818140427178205 0 0 0 0 1
1685094149.734578609 1.0522621294900818 -0.9512998158721122 0 0 0 0 1
1685094149.767911911 1.0364420774717635 -0.9210281496442857 0 0 0 0 1
1685094149.801245213 1.015431341447179 -0.9133316775074222 0 0 0 0 1
1685094149.834578514 1.014154306046452 -0.8938581161934896 0 0 0 0 1
1685094149.867911816 0.9951472798511386 -0.876598844916587 0 0 0 0 1
1685094149.901245117 0.9981296122871964 -0.880952517202599 0 0 0 0 1
1685094149.934578657 1.0317905653279842 -0.8801907127851663 0 0 0 0 1
1685094149.967911959 0.9884944000586694 -0.8889931686422988 0 0 0 0 1
1685094150.001245260 1.0121954000041553 -0.9262799458928025 0 0 0 0 1
1685094150.034578562 0.9881247846480085 -0.9491828964554255 0 0 0 0 1
1685094150.067911863 0.9828528606344795 -0.9680836370169877 0 0 0 0 1
1685094150.101245165 0.9686385980923929 -0.9844883633781506 0 0 0 0 1
1685094150.134578466 0.9781894902179732 -0.9649962940625152 0 0 0 0 1
1685094150.167911768 0.9840866997816637 -1.0012238421276558 0 0 0 0 1
1685094150.201245308 1.0200580451961512 -0.9939248950445626 0 0 0 0 1
1685094150.234578609 1.0113683615096147 -0.9582639680112099 0 0 0 0 1
1685094150.267911911 0.9760716007277218 -0.9683312912778981 0 0 0 0 1
1685094150.301245213 0.974230035808678 -1.002012865348858 0 0 0 0 1
1685094150.334578514 0.9731072649023081 -1.0357260553305319 0 0 0 0 1
1685094150.367911816 0.9727037988173652 -1.0694555232831537 0 0 0 0 1
1685094150.401245117 0.9721747892434622 -1.1023486751108449 0 0 0 0 1
1685094150.434578657 0.9716667582612871 -1.1346126840616964 0 0 0 0 1
1685094150.467911959 0.9714264722112879 -1.1663419994919988 0 0 0 0 1
1685094150.501245260 0.9715443887447502 -1.1980720056494611 0 0 0 0 1
1685094150.534578562 0.9720204928341502 -1.2297986587972094 0 0 0 0 1
1685094150.567911863 0.9728727075032143 -1.2624337756312864 0 0 0 0 1
1685094150.601245165 0.9736657969651872 -1.295070382834262 0 0 0 0 1
1685094150.634578466 0.9743639361774815 -1.327412771595879 0 0 0 0 1
1685094150.667911768 0.9665911171163063 -1.3530962767034387 0 0 0 0 1
1685094150.701245308 0.9462686375004834 -1.3706192893734184 0 0 0 0 1
1685094150.734578609 0.9166028484882935 -1.3842493740454789 0 0 0 0 1
1685094150.767911911 0.9004052532683802 -1.391501769404186 0 0 0 0 1
1685094150.801245213 0.8828763873094378 -1.3942763301875531 0 0 0 0 1
1685094150.834578514 0.8508522105265979 -1.3906795647627965 0 0 0 0 1
1685094150.867911816 0.8188314360988878 -1.3870526342163139 0 0 0 0 1
1685094150.901245117 0.7868140924402888 -1.3833955417665011 0 0 0 0 1
1685094150.934578657 0.7551457134090347 -1.3799965720845213 0 0 0 0 1
1685094150.967911959 0.7234895125368003 -1.3764859921177734 0 0 0 0 1
1685094151.001245260 0.6908705813894238 -1.3771054763713748 0 0 0 0 1
1685094151.034578562 0.6591401548047016 -1.3695187472547325 0 0 0 0 1
1685094151.067911863 0.630329312739181 -1.354211434968985 0 0 0 0 1
1685094151.101245165 0.6096821989049038 -1.3301152886911911 0 0 0 0 1
1685094151.134578466 0.6029228268835751 -1.3239628969153197 0 0 0 0 1
1685094151.167911768 0.5878260297100839 -1.2966043976517534 0 0 0 0 1
1685094151.201245308 0.572224847430187 -1.2695303532859494 0 0 0 0 1
1685094151.234578609 0.5561246378557989 -1.242750061679754 0 0 0 0 1
1685094151.267911911 0.5395309301765112 -1.2162727198134253 0 0 0 0 1
1685094151.301245213 0.5223527490024606 -1.189715451687183 0 0 0 0 1
1685094151.334578514 0.505054099002432 -1.1632364957607473 0 0 0 0 1
1685094151.367911816 0.4904210686122269 -1.1372632148048278 0 0 0 0 1
1685094151.401245117 0.4803461638011725 -1.1092055385813062 0 0 0 0 1
1685094151.434578657 0.47511416381424604 -1.0798565508959945 0 0 0 0 1
1685094151.467911959 0.4748729573942138 -1.0500458360189786 0 0 0 0 1
1685094151.501245260 0.4793870408400023 -1.0218258930180424 0 0 0 0 1
1685094151.534578562 0.4848881432900632 -0.9937816421960721 0 0 0 0 1
1685094151.567911863 0.4913694951457236 -0.965947594512439 0 0 0 0 1
1685094151.601245165 0.49763774279839773 -0.937168403903894 0 0 0 0 1
1685094151.634578466 0.5032859387911449 -0.9082611276097543 0 0 0 0 1
1685094151.667911768 0.5083114732024683 -0.8792391231200777 0 0 0 0 1
1685094151.701245308 0.5122428537535881 -0.8525879310028676 0 0 0 0 1
