1685093633.367483616 5.1894090600259615e-21 8.390888873539438e-21 0 0 0 0 1
1685093633.400816917 0.0004054154576965076 -0.020140891394513246 0 0 0 0 1
1685093633.434150219 0.0008023798689593858 -0.0417052976368013 0 0 0 0 1
1685093633.467483521 -0.0026237750910749745 -0.06210642341432956 0 0 0 0 1
1685093633.500816822 0.002228927383007263 -0.07938817165838423 0 0 0 0 1
1685093633.534150124 0.004748477209796662 -0.09999351166394252 0 0 0 0 1
1685093633.567483425 0.011244496404810088 -0.11179437585946592 0 0 0 0 1
1685093633.600816727 0.01236350606859571 -0.13075975673783308 0 0 0 0 1
1685093633.634150267 0.02069690344412224 -0.15372323318666475 0 0 0 0 1
1685093633.667483568 -0.005836495066935775 -0.1656782333581107 0 0 0 0 1
1685093633.700816870 -0.029181840143002714 -0.17937089658466632 0 0 0 0 1
1685093633.734150171 -0.04910517072824206 -0.19752294397867992 0 0 0 0 1
1685093633.767483473 -0.038521326203774825 -0.22146023569379408 0 0 0 0 1
1685093633.800816774 -0.0278432335556456 -0.2461873040091595 0 0 0 0 1
1685093633.834150076 -0.01995517399548724 -0.260717178143664 0 0 0 0 1
1685093633.867483616 -0.014094455010779855 -0.2761765021577159 0 0 0 0 1
1685093633.900816917 -0.010367725007363228 -0.29228396035169496 0 0 0 0 1
1685093633.934150219 -0.008842799864977859 -0.3087464428285048 0 0 0 0 1
1685093633.967483521 -0.012375080236011327 -0.3370443200078052 0 0 0 0 1
1685093634.000816822 -0.015927601192487352 -0.36544263387224013 0 0 0 0 1
1685093634.034150124 -0.019635340561792874 -0.3937167483586658 0 0 0 0 1
1685093634.067483425 -0.023454108813315767 -0.42197608115799723 0 0 0 0 1
1685093634.100816727 -0.026990609379576844 -0.450439753415648 0 0 0 0 1
1685093634.134150267 -0.03031751274309207 -0.478928684400435 0 0 0 0 1
1685093634.167483568 -0.03285900088616033 -0.5074286060932586 0 0 0 0 1
1685093634.200816870 -0.03514721693130314 -0.5363856760982831 0 0 0 0 1
1685093634.234150171 -0.037139693247499814 -0.5653645973010221 0 0 0 0 1
1685093634.267483473 -0.03883622216927485 -0.5943623493787735 0 0 0 0 1
1685093634.300816774 -0.04110524146703892 -0.6243515765521186 0 0 0 0 1
1685093634.334150076 -0.04389105330214761 -0.6544463501671601 0 0 0 0 1
1685093634.367483616 -0.04725567556570208 -0.6799940407000192 0 0 0 0 1
1685093634.400816917 -0.03834615475394674 -0.7030592559974818 0 0 0 0 1
1685093634.434150219 -0.03454372559843397 -0.7321052707302349 0 0 0 0 1
1685093634.467483521 -0.030917127123381807 -0.7611737626560083 0 0 0 0 1
