1685094138.883852005 6.041167203800185e-19 -5.550001710019085e-18 0 0 0 0 1
1685094138.917185307 0.00027495773154212504 -0.01934727748307027 0 0 0 0 1
1685094138.950518608 -0.0003189602099660652 -0.038173444996938435 0 0 0 0 1
1685094138.983851910 -0.0010248364214258195 -0.0578339076485745 0 0 0 0 1
1685094139.017185211 -0.0018308575064602856 -0.07971343385036589 0 0 0 0 1
1685094139.050518513 -0.002667877683993457 -0.10203587482681378 0 0 0 0 1
1685094139.083851814 -0.0038174941071598243 -0.12497300239155945 0 0 0 0 1
1685094139.117185116 -0.005048468973134478 -0.14867412146335068 0 0 0 0 1
1685094139.150518656 -0.006595471171572517 -0.17258503343296083 0 0 0 0 1
1685094139.183851957 -0.008577139462278017 -0.19488529950512706 0 0 0 0 1
1685094139.217185259 -0.011793828992757294 -0.2181682633930505 0 0 0 0 1
1685094139.250518560 -0.015127444360238069 -0.24318830517524323 0 0 0 0 1
1685094139.283851862 -0.018842693202749228 -0.2683969422763757 0 0 0 0 1
1685094139.317185163 -0.022956430320353476 -0.29360726195163145 0 0 0 0 1
1685094139.350518465 -0.026864930309478494 -0.31892669456820644 0 0 0 0 1
1685094139.383852005 -0.03066927455057993 -0.34453226926647557 0 0 0 0 1
1685094139.417185307 -0.031035277101349384 -0.3627153485096007 0 0 0 0 1
1685094139.450518608 -0.026361131882717954 -0.38850084859328915 0 0 0 0 1
1685094139.483851910 -0.02150741893431723 -0.4142935942856937 0 0 0 0 1
1685094139.517185211 -0.01671466492422239 -0.440128066368269 0 0 0 0 1
1685094139.550518513 -0.01167343811575249 -0.4662072275201574 0 0 0 0 1
1685094139.583851814 -0.0060478178079233095 -0.4920858228593799 0 0 0 0 1
1685094139.617185116 -0.00027304600875785494 -0.5178064238570139 0 0 0 0 1
1685094139.650518656 0.00534866466993808 -0.5435229714776718 0 0 0 0 1
1685094139.683851957 0.01086134776251371 -0.5692958352387868 0 0 0 0 1
1685094139.717185259 0.016739025384646868 -0.5950764688446213 0 0 0 0 1
1685094139.750518560 0.021789650420933122 -0.6199804159626753 0 0 0 0 1
1685094139.783851862 0.027174186666961603 -0.6461482722114724 0 0 0 0 1
1685094139.817185163 0.03284112459703858 -0.67283721984506 0 0 0 0 1
1685094139.850518465 0.038616255079387006 -0.6999254199543995 0 0 0 0 1
1685094139.883852005 0.044796224920830886 -0.7271901830242002 0 0 0 0 1
1685094139.917185307 0.05103485263227198 -0.754413993991496 0 0 0 0 1
1685094139.950518608 0.05735390146767086 -0.7816730528972533 0 0 0 0 1
1685094139.983851910 0.06385684932520402 -0.8091570893249058 0 0 0 0 1
1685094140.017185211 0.07006678080095535 -0.8367172134062166 0 0 0 0 1
1685094140.050518513 0.07616214154051561 -0.8640947910123707 0 0 0 0 1
1685094140.083851814 0.08220406522381192 -0.8916647085704839 0 0 0 0 1
1685094140.117185116 0.08837637713105033 -0.9196589185763262 0 0 0 0 1
1685094140.150518656 0.09432390295271842 -0.947705298714236 0 0 0 0 1
1685094140.183851957 0.099792375425837 -0.9756876854961188 0 0 0 0 1
1685094140.217185259 0.1050479200220709 -1.0037312264228602 0 0 0 0 1
1685094140.250518560 0.10933239761535969 -1.030052313098784 0 0 0 0 1
1685094140.283851862 0.11525150348677214 -1.0584675965279358 0 0 0 0 1
1685094140.317185163 0.12106794787466962 -1.0870461865994938 0 0 0 0 1
1685094140.350518465 0.12691715652154892 -1.1157210623818117 0 0 0 0 1
1685094140.383852005 0.13330524382898232 -1.1444407165657582 0 0 0 0 1
1685094140.417185307 0.13999371428747379 -1.173040078680298 0 0 0 0 1
1685094140.450518608 0.1467488631721883 -1.2014527723007815 0 0 0 0 1
1685094140.483851910 0.15369420126786826 -1.229862798897137 0 0 0 0 1
1685094140.517185211 0.1610719876050605 -1.2583116035543878 0 0 0 0 1
1685094140.550518513 0.16861595014675093 -1.286601287432315 0 0 0 0 1
1685094140.583851814 0.17625315885537696 -1.3146949765782505 0 0 0 0 1
1685094140.617185116 0.18423028413177714 -1.3430617161348715 0 0 0 0 1
1685094140.650518656 0.1921126644095885 -1.3718080948132532 0 0 0 0 1
1685094140.683851957 0.2002557275597506 -1.4006708714045608 0 0 0 0 1
1685094140.717185259 0.20835814045294118 -1.428864505108817 0 0 0 0 1
1685094140.750518560 0.2161501699089985 -1.4570561738177787 0 0 0 0 1
1685094140.783851862 0.2238109989593361 -1.485547843102441 0 0 0 0 1
1685094140.817185163 0.23134447204913086 -1.5137608308125519 0 0 0 0 1
1685094140.850518465 0.23851402613199874 -1.5417849834462185 0 0 0 0 1
1685094140.883852005 0.2458202755720789 -1.5698737503915017 0 0 0 0 1
1685094140.917185307 0.25300368457533184 -1.597878065528006 0 0 0 0 1
1685094140.950518608 0.25974886127697683 -1.625738855486842 0 0 0 0 1
1685094140.983851910 0.2646330825040583 -1.6507180578819056 0 0 0 0 1
1685094141.017185211 0.2697812036616708 -1.6791764281776727 0 0 0 0 1
1685094141.050518513 0.2749854921551878 -1.7078592954114242 0 0 0 0 1
1685094141.083851814 0.2803589912700962 -1.736681685073602 0 0 0 0 1
1685094141.117185116 0.2856067339720444 -1.7656770366420256 0 0 0 0 1
1685094141.150518656 0.29093337515204565 -1.794971733290255 0 0 0 0 1
1685094141.183851957 0.2962257171253613 -1.8245916430154483 0 0 0 0 1
1685094141.217185259 0.30099609731863264 -1.853568149114304 0 0 0 0 1
1685094141.250518560 0.30543389726517806 -1.8827052144791805 0 0 0 0 1
1685094141.283851862 0.31004767818726553 -1.9119778803263154 0 0 0 0 1
1685094141.317185163 0.31470362618028186 -1.9411556175106484 0 0 0 0 1
1685094141.350518465 0.320613608735691 -1.9776020050947412 0 0 0 0 1
1685094141.383852005 0.325541398128918 -2.0071117176747575 0 0 0 0 1
1685094141.417185307 0.3263536960463163 -2.032071881472705 0 0 0 0 1
1685094141.450518608 0.3253944321752321 -2.0624785055618347 0 0 0 0 1
1685094141.483851910 0.32492832980110586 -2.092581534917388 0 0 0 0 1
1685094141.517185211 0.3248198962897182 -2.1226050980265736 0 0 0 0 1
1685094141.550518513 0.327192412615189 -2.155829879950935 0 0 0 0 1
1685094141.583851814 0.33227710773112684 -2.184839512537615 0 0 0 0 1
1685094141.617185116 0.3373305570626792 -2.2138393302643578 0 0 0 0 1
1685094141.650518656 0.34266605499917946 -2.242775117354105 0 0 0 0 1
1685094141.683851957 0.3476577023502976 -2.271717135575659 0 0 0 0 1
1685094141.717185259 0.3522882695730167 -2.300685626462249 0 0 0 0 1
1685094141.750518560 0.35694844533601794 -2.329845789178714 0 0 0 0 1
1685094141.783851862 0.3614840037884065 -2.3597390984368793 0 0 0 0 1
1685094141.817185163 0.3664760624137689 -2.389585215807197 0 0 0 0 1
1685094141.850518465 0.37126255904874145 -2.4193783281968666 0 0 0 0 1
1685094141.883852005 0.37575475803837455 -2.4490678507127104 0 0 0 0 1
1685094141.917185307 0.37932322462878376 -2.4794767244176423 0 0 0 0 1
1685094141.950518608 0.38361787396099395 -2.5090041544388737 0 0 0 0 1
1685094141.983851910 0.3875617316919085 -2.537880076448501 0 0 0 0 1
1685094142.017185211 0.39186438005863744 -2.566302965553083 0 0 0 0 1
1685094142.050518513 0.3965886067543271 -2.5941876365239835 0 0 0 0 1
1685094142.083851814 0.4013549983663571 -2.6217237424233524 0 0 0 0 1
1685094142.117185116 0.40620907722190946 -2.6492076612625546 0 0 0 0 1
1685094142.150518656 0.4113516967738357 -2.676718608732665 0 0 0 0 1
1685094142.183851957 0.41636161541897626 -2.704433148562246 0 0 0 0 1
1685094142.217185259 0.42064120292627316 -2.7314062211545904 0 0 0 0 1
1685094142.250518560 0.42664055815888924 -2.759099698777347 0 0 0 0 1
1685094142.283851862 0.43245104449014843 -2.7863812445978673 0 0 0 0 1
1685094142.317185163 0.4382136553859863 -2.813650198273179 0 0 0 0 1
1685094142.350518465 0.4436738450846093 -2.8403306954229235 0 0 0 0 1
