1685094338.182350397 8.75028714879228e-20 3.2976321411101266e-19 0 0 0 0 1
1685094338.215683699 4.641265695516971e-06 -0.017375493383869928 0 0 0 0 1
1685094338.249017000 0.0001193570169035911 -0.03376363559254765 0 0 0 0 1
1685094338.282350302 -9.38209203592925e-05 -0.04925222391746341 0 0 0 0 1
1685094338.315683603 -0.0004954824078206153 -0.06434460789670014 0 0 0 0 1
1685094338.349016905 -0.0007072314753185389 -0.0799483390324544 0 0 0 0 1
1685094338.382350445 -0.0001320360747379179 -0.09599807774851407 0 0 0 0 1
1685094338.415683746 0.0010444671103101055 -0.11385410221195447 0 0 0 0 1
1685094338.449017048 0.0003732602271206968 -0.13113206688153684 0 0 0 0 1
1685094338.482350349 0.003212844548365643 -0.1503777041733769 0 0 0 0 1
1685094338.515683651 0.0023020269061039197 -0.15828099829055198 0 0 0 0 1
1685094338.549016953 0.007201113545210196 -0.1808342106643674 0 0 0 0 1
1685094338.582350254 0.010642591780296666 -0.20053515645738618 0 0 0 0 1
1685094338.615683794 0.008726201036688551 -0.21521316740064272 0 0 0 0 1
1685094338.649017096 0.010821360704295329 -0.23617907385419973 0 0 0 0 1
1685094338.682350397 0.012376546211467826 -0.25714676126126274 0 0 0 0 1
1685094338.715683699 0.01396585560350004 -0.27889266629727183 0 0 0 0 1
1685094338.749017000 0.01708999283533074 -0.2984347149274224 0 0 0 0 1
1685094338.782350302 0.016141251775960427 -0.32179029208541965 0 0 0 0 1
1685094338.815683603 0.015478486559286174 -0.34495363515275157 0 0 0 0 1
1685094338.849016905 0.014724832219334325 -0.3332951386984343 0 0 0 0 1
1685094338.882350445 -0.009627276040905446 -0.32732442297458675 0 0 0 0 1
1685094338.915683746 -0.026151692746755207 -0.31138620136592554 0 0 0 0 1
1685094338.949017048 -0.026691263794297024 -0.2905513252691878 0 0 0 0 1
1685094338.982350349 -0.03132190947501818 -0.27023039223299644 0 0 0 0 1
1685094339.015683651 -0.024461752924397697 -0.25658581542726694 0 0 0 0 1
1685094339.049016953 -0.039322642190092405 -0.27899905699381766 0 0 0 0 1
1685094339.082350254 -0.05427478520265878 -0.3013515254619658 0 0 0 0 1
1685094339.115683794 -0.07011009269347875 -0.3247488237477674 0 0 0 0 1
1685094339.149017096 -0.0857905200885019 -0.34825020088003356 0 0 0 0 1
1685094339.182350397 -0.10126051672182554 -0.3718939644983697 0 0 0 0 1
1685094339.215683699 -0.1112310935223327 -0.37452285495898635 0 0 0 0 1
1685094339.249017000 -0.11738620240793884 -0.4152603077136217 0 0 0 0 1
1685094339.282350302 -0.14425599372034784 -0.4313290599112201 0 0 0 0 1
1685094339.315683603 -0.17072575152113637 -0.44511995428922524 0 0 0 0 1
1685094339.349016905 -0.19866582155303214 -0.45959763505884843 0 0 0 0 1
1685094339.382350445 -0.17018281193758475 -0.44808808463779515 0 0 0 0 1
1685094339.415683746 -0.13776417688031098 -0.46953517200447015 0 0 0 0 1
1685094339.449017048 -0.11458573970617789 -0.4908735739754501 0 0 0 0 1
1685094339.482350349 -0.09121653605314922 -0.512002882273017 0 0 0 0 1
1685094339.515683651 -0.06765845209445717 -0.5329213915101871 0 0 0 0 1
1685094339.549016953 -0.044466373280151704 -0.553252489549062 0 0 0 0 1
1685094339.582350254 -0.02141054919028172 -0.5736646544497915 0 0 0 0 1
1685094339.615683794 -0.008819800995184516 -0.5893339242408842 0 0 0 0 1
1685094339.649017096 0.018053198760271963 -0.5743162352128348 0 0 0 0 1
1685094339.682350397 0.03543655633573069 -0.573660762178504 0 0 0 0 1
1685094339.715683699 0.026360551522321224 -0.5908842554202723 0 0 0 0 1
1685094339.749017000 0.018927552030603662 -0.5728905592636069 0 0 0 0 1
1685094339.782350302 0.02404823014448541 -0.5876562630007147 0 0 0 0 1
1685094339.815683603 0.028358207262804625 -0.5726338980591488 0 0 0 0 1
1685094339.849016905 0.0599965536547069 -0.5789013630468401 0 0 0 0 1
1685094339.882350445 0.09161792898978274 -0.5852538981080729 0 0 0 0 1
1685094339.915683746 0.1116904161106217 -0.5833813801275478 0 0 0 0 1
1685094339.949017048 0.14188137027963574 -0.5712700397013312 0 0 0 0 1
1685094339.982350349 0.1474235893610705 -0.568801453211375 0 0 0 0 1
1685094340.015683651 0.15585770199435314 -0.5937507439530119 0 0 0 0 1
1685094340.049016953 0.13144026987403887 -0.583882087860541 0 0 0 0 1
1685094340.082350254 0.11362172131755532 -0.5566207125312703 0 0 0 0 1
1685094340.115683794 0.09552603014883328 -0.5295425069291747 0 0 0 0 1
1685094340.149017096 0.0771550791406618 -0.5026502884160343 0 0 0 0 1
1685094340.182350397 0.05851077970534051 -0.47594685500253475 0 0 0 0 1
1685094340.215683699 0.04006000776303411 -0.450347095281883 0 0 0 0 1
1685094340.249017000 0.026080421966175486 -0.42205663993082204 0 0 0 0 1
1685094340.282350302 0.016954319083643605 -0.3918491420337842 0 0 0 0 1
1685094340.315683603 0.012931268716079476 -0.36055067963126114 0 0 0 0 1
1685094340.349016905 0.014704375035638054 -0.32769963970711946 0 0 0 0 1
1685094340.382350445 0.021709444937734475 -0.33778937874287834 0 0 0 0 1
1685094340.415683746 0.026042811018894274 -0.32629608606629396 0 0 0 0 1
1685094340.449017048 0.014120066353284192 -0.32924938892608346 0 0 0 0 1
1685094340.482350349 0.02331710122504724 -0.33739115702094774 0 0 0 0 1
1685094340.515683651 0.0248026879305527 -0.32519825456569124 0 0 0 0 1
1685094340.549016953 0.05616317839236185 -0.35634204212099685 0 0 0 0 1
1685094340.582350254 0.013763737830421806 -0.3438639290693474 0 0 0 0 1
1685094340.615683794 0.05699487656687877 -0.33467238356032436 0 0 0 0 1
1685094340.649017096 0.023339514808072177 -0.36332081266523497 0 0 0 0 1
1685094340.682350397 0.014509947771406649 -0.3552046596850513 0 0 0 0 1
1685094340.715683699 0.0067464797196411215 -0.34606344767230757 0 0 0 0 1
1685094340.749017000 0.00016717196200347685 -0.33603618968804266 0 0 0 0 1
1685094340.782350302 -0.017180233433654126 -0.3530125128077842 0 0 0 0 1
1685094340.815683603 0.016303205788592394 -0.35126607880016913 0 0 0 0 1
1685094340.849016905 0.049149505542275415 -0.35257427346737075 0 0 0 0 1
1685094340.882350445 0.08183685821475402 -0.3560567662614907 0 0 0 0 1
1685094340.915683746 0.06964530926531773 -0.3597391963115621 0 0 0 0 1
1685094340.949017048 0.0745523594020351 -0.37149143081466457 0 0 0 0 1
1685094340.982350349 0.09104577836077567 -0.37850065319462023 0 0 0 0 1
1685094341.015683651 0.08737092009236525 -0.3609604854637429 0 0 0 0 1
1685094341.049016953 0.07507808821668835 -0.3740007443490778 0 0 0 0 1
1685094341.082350254 0.09280440290047162 -0.37663510101659725 0 0 0 0 1
1685094341.115683794 0.08483497619298139 -0.3605836118248072 0 0 0 0 1
1685094341.149017096 0.07621820218854147 -0.37629708607707313 0 0 0 0 1
1685094341.182350397 0.09403712700916184 -0.3743871160361314 0 0 0 0 1
1685094341.215683699 0.12648454134318393 -0.3852160636532905 0 0 0 0 1
1685094341.249017000 0.15902537185597113 -0.3957609748903249 0 0 0 0 1
1685094341.282350302 0.19181885111344008 -0.40625276290060086 0 0 0 0 1
1685094341.315683603 0.18268903556535462 -0.42106905282085255 0 0 0 0 1
1685094341.349016905 0.1524408719224704 -0.43583002109585006 0 0 0 0 1
1685094341.382350445 0.12814522363664174 -0.4480928098764355 0 0 0 0 1
1685094341.415683746 0.102489450015339 -0.4390133939151301 0 0 0 0 1
1685094341.449017048 0.09131548836173847 -0.4141981345920885 0 0 0 0 1
1685094341.482350349 0.10152304096341622 -0.38896996810718665 0 0 0 0 1
1685094341.515683651 0.1268091441786763 -0.378906792738887 0 0 0 0 1
1685094341.549016953 0.15156012493374396 -0.3902224220173766 0 0 0 0 1
1685094341.582350254 0.1604927377844697 -0.4159296766736986 0 0 0 0 1
1685094341.615683794 0.1451461973452118 -0.4455999629139036 0 0 0 0 1
1685094341.649017096 0.12990519958270527 -0.4753246021250487 0 0 0 0 1
1685094341.682350397 0.12517680954749744 -0.47259044402332767 0 0 0 0 1
1685094341.715683699 0.12137132538407627 -0.4765085536609221 0 0 0 0 1
1685094341.749017000 0.12424219046556176 -0.4811552112267608 0 0 0 0 1
1685094341.782350302 0.12944899527535117 -0.4795052183410146 0 0 0 0 1
1685094341.815683603 0.09523588624142934 -0.48375882797015674 0 0 0 0 1
1685094341.849016905 0.10226480131231332 -0.4793878658604761 0 0 0 0 1
1685094341.882350445 0.10626696843847755 -0.486633113622438 0 0 0 0 1
1685094341.915683746 0.0988247206690181 -0.49025580667815494 0 0 0 0 1
1685094341.949017048 0.0965445075734779 -0.5257642674249986 0 0 0 0 1
1685094341.982350349 0.09275569200223804 -0.5601030780448162 0 0 0 0 1
1685094342.015683651 0.08848745029192893 -0.5943855976564045 0 0 0 0 1
1685094342.049016953 0.08374061576474895 -0.628605133015438 0 0 0 0 1
1685094342.082350254 0.07057944813867116 -0.6182751948147617 0 0 0 0 1
1685094342.115683794 0.06643459732358825 -0.6344845800045896 0 0 0 0 1
1685094342.149017096 0.04919716590801037 -0.6227105439479329 0 0 0 0 1
1685094342.182350397 0.028329016521613352 -0.6232371444200413 0 0 0 0 1
1685094342.215683699 0.011707373533088162 -0.6358656024111112 0 0 0 0 1
1685094342.249017000 -0.007116449376797928 -0.6641735227491808 0 0 0 0 1
1685094342.282350302 -0.026022999160163176 -0.6923791098523738 0 0 0 0 1
1685094342.315683603 -0.04486919785780538 -0.7206250575829007 0 0 0 0 1
1685094342.349016905 -0.06246653799133481 -0.7481509419050463 0 0 0 0 1
1685094342.382350445 -0.07982314496528989 -0.7758292525804273 0 0 0 0 1
1685094342.415683746 -0.055966736783910884 -0.7538919137059592 0 0 0 0 1
1685094342.449017048 -0.044223180390368884 -0.7236848957889003 0 0 0 0 1
1685094342.482350349 -0.054314218003515935 -0.7523738333885077 0 0 0 0 1
1685094342.515683651 -0.038579726487412945 -0.7783990126853693 0 0 0 0 1
1685094342.549016953 -0.008486968761337392 -0.7827933400677836 0 0 0 0 1
1685094342.582350254 -0.009799400131127288 -0.7814446060098917 0 0 0 0 1
1685094342.615683794 0.005625829604207021 -0.7901798392884872 0 0 0 0 1
1685094342.649017096 0.004952838809396188 -0.7724657461361573 0 0 0 0 1
1685094342.682350397 -0.009765147863740924 -0.7823461753327398 0 0 0 0 1
1685094342.715683699 0.006374910303087838 -0.7896769689589925 0 0 0 0 1
1685094342.749017000 0.004131380934750123 -0.7720926410277713 0 0 0 0 1
1685094342.782350302 -0.00965096210012273 -0.7832411401773616 0 0 0 0 1
1685094342.815683603 -0.008191860355682808 -0.750202313579049 0 0 0 0 1
1685094342.849016905 -0.0064283156945965005 -0.7177249370235884 0 0 0 0 1
1685094342.882350445 -0.003386078582436582 -0.6849673109109412 0 0 0 0 1
1685094342.915683746 3.104814021269809e-05 -0.6522466672720404 0 0 0 0 1
1685094342.949017048 0.017350873204495125 -0.6485558068188146 0 0 0 0 1
1685094342.982350349 0.035056386827045906 -0.6488928209197075 0 0 0 0 1
1685094343.015683651 0.05210029827283167 -0.6206142783910822 0 0 0 0 1
1685094343.049016953 0.06865208844117703 -0.5920449044543276 0 0 0 0 1
1685094343.082350254 0.08470679612220308 -0.5631932624526692 0 0 0 0 1
1685094343.115683794 0.10020020737885642 -0.5346344909484653 0 0 0 0 1
1685094343.149017096 0.11573930229913906 -0.5061005506097114 0 0 0 0 1
1685094343.182350397 0.13132404108645387 -0.47759151451361914 0 0 0 0 1
1685094343.215683699 0.1469543838273069 -0.44910745567361904 0 0 0 0 1
1685094343.249017000 0.16263029049140948 -0.42064844703917315 0 0 0 0 1
1685094343.282350302 0.17741819937036404 -0.39368786320280447 0 0 0 0 1
1685094343.315683603 0.19207572188802496 -0.3666561713679527 0 0 0 0 1
1685094343.349016905 0.2066025161286515 -0.33955400210236386 0 0 0 0 1
1685094343.382350445 0.221475737408081 -0.31214171874158625 0 0 0 0 1
1685094343.415683746 0.2329815962618074 -0.28489983548524594 0 0 0 0 1
1685094343.449017048 0.24717542174012708 -0.25973410287489035 0 0 0 0 1
1685094343.482350349 0.25427782208716276 -0.22927105709789217 0 0 0 0 1
1685094343.515683651 0.26121758184993876 -0.19877054918185874 0 0 0 0 1
1685094343.549016953 0.252085352613906 -0.21068904778874833 0 0 0 0 1
1685094343.582350254 0.25955161386490183 -0.2195375289580255 0 0 0 0 1
1685094343.615683794 0.26861422550050923 -0.21233268708513703 0 0 0 0 1
1685094343.649017096 0.28802056812876076 -0.20564435692482572 0 0 0 0 1
1685094343.682350397 0.3023803374950506 -0.1909768104945128 0 0 0 0 1
1685094343.715683699 0.3125885946187792 -0.18617749243011394 0 0 0 0 1
1685094343.749017000 0.2992305055815065 -0.16324674416821414 0 0 0 0 1
1685094343.782350302 0.28737739758481373 -0.13950307997337963 0 0 0 0 1
1685094343.815683603 0.27707851371601727 -0.11504514159674264 0 0 0 0 1
1685094343.849016905 0.2683766401235055 -0.08997453820236313 0 0 0 0 1
1685094343.882350445 0.2613079282640314 -0.06439542423752734 0 0 0 0 1
1685094343.915683746 0.26645724278346694 -0.04415875728196145 0 0 0 0 1
1685094343.949017048 0.27589678578503446 -0.0255326155072374 0 0 0 0 1
1685094343.982350349 0.2891719433472365 -0.009414044814112248 0 0 0 0 1
1685094344.015683651 0.2848237615248584 -0.0023422384670721682 0 0 0 0 1
1685094344.049016953 0.2583266230918466 0.012717337688709456 0 0 0 0 1
1685094344.082350254 0.2316717630996692 0.02781942805460803 0 0 0 0 1
1685094344.115683794 0.20582030676190577 0.04240167935940288 0 0 0 0 1
1685094344.149017096 0.1799278334806998 0.056955836278277994 0 0 0 0 1
1685094344.182350397 0.15244065221220487 0.07171003259387132 0 0 0 0 1
1685094344.215683699 0.12459967663260414 0.08578524206947925 0 0 0 0 1
1685094344.249017000 0.09745402598937401 0.09918699821668395 0 0 0 0 1
1685094344.282350302 0.07042892379013244 0.11283021146701426 0 0 0 0 1
1685094344.315683603 0.04352651771173578 0.12671379759835968 0 0 0 0 1
1685094344.349016905 0.016748945680416034 0.14083665328624811 0 0 0 0 1
1685094344.382350445 -0.009901664298119514 0.15519765619152673 0 0 0 0 1
1685094344.415683746 -0.03642319430780024 0.16979566504955407 0 0 0 0 1
1685094344.449017048 -0.06281353669050238 0.18462951976089584 0 0 0 0 1
1685094344.482350349 -0.06828210138890119 0.21540156632645738 0 0 0 0 1
1685094344.515683651 -0.05114869528279055 0.24154100864829645 0 0 0 0 1
1685094344.549016953 -0.03906518005740405 0.26477075265831834 0 0 0 0 1
1685094344.582350254 -0.027428192784114677 0.28791312531169994 0 0 0 0 1
