1685094217.717425823 -1.371595323473485e-21 -8.3077138600754e-20 0 0 0 0 1
1685094217.750759125 -0.00013202701296435347 -0.01856125529188491 0 0 0 0 1
1685094217.784092426 -0.001075578103425752 -0.036293608004309245 0 0 0 0 1
1685094217.817425728 -0.0025319234214904855 -0.055129113433751646 0 0 0 0 1
1685094217.850759268 -0.0037860310773551037 -0.07558518713044172 0 0 0 0 1
1685094217.884092569 -0.005176963575972831 -0.09672854090404069 0 0 0 0 1
1685094217.917425871 -0.006593857552354102 -0.11838275569246426 0 0 0 0 1
1685094217.950759172 -0.007220954980005068 -0.14014939942047847 0 0 0 0 1
1685094217.984092474 -0.008198462393938424 -0.16216801398877936 0 0 0 0 1
1685094218.017425776 -0.008960562962986422 -0.18447971874869382 0 0 0 0 1
1685094218.050759077 -0.00981649425010412 -0.20703289876649855 0 0 0 0 1
1685094218.084092379 -0.010659652511748574 -0.22990584997039026 0 0 0 0 1
1685094218.117425919 -0.011577884581540885 -0.2530372839399989 0 0 0 0 1
1685094218.150759220 -0.012433311412974324 -0.2765332091634531 0 0 0 0 1
1685094218.184092522 -0.013014427763520374 -0.3005918547926665 0 0 0 0 1
1685094218.217425823 -0.013405155953613622 -0.325047418491551 0 0 0 0 1
1685094218.250759125 -0.01354136834464587 -0.3496021576410873 0 0 0 0 1
1685094218.284092426 -0.013497709405343908 -0.37470667475792485 0 0 0 0 1
1685094218.317425728 -0.013523601010273488 -0.4071220256045164 0 0 0 0 1
1685094218.350759268 -0.01350699055573345 -0.4337020986082749 0 0 0 0 1
1685094218.384092569 -0.013330626055436801 -0.46046867180471324 0 0 0 0 1
1685094218.417425871 -0.013291434876691797 -0.4875066992400404 0 0 0 0 1
1685094218.450759172 -0.01322107172723999 -0.514697924336119 0 0 0 0 1
1685094218.484092474 -0.013193228075115214 -0.542143001694453 0 0 0 0 1
1685094218.517425776 -0.013296631375125849 -0.5698061771095344 0 0 0 0 1
1685094218.550759077 -0.01362406430336934 -0.5970942289691744 0 0 0 0 1
1685094218.584092379 -0.01246442293645072 -0.622512171393928 0 0 0 0 1
1685094218.617425919 -0.012616270678851689 -0.648998074023236 0 0 0 0 1
1685094218.650759220 -0.012362508767268628 -0.6764877766549303 0 0 0 0 1
1685094218.684092522 -0.013257141308522123 -0.7030442147600444 0 0 0 0 1
1685094218.717425823 -0.013489170617150706 -0.7311802701305442 0 0 0 0 1
1685094218.750759125 -0.013795981198323924 -0.7598179525466554 0 0 0 0 1
1685094218.784092426 -0.014100453207774671 -0.7888017906465992 0 0 0 0 1
1685094218.817425728 -0.01453699409679794 -0.8178101448783167 0 0 0 0 1
1685094218.850759268 -0.015119077362231882 -0.8466511097032856 0 0 0 0 1
1685094218.884092569 -0.015134632104090882 -0.8828168211902715 0 0 0 0 1
1685094218.917425871 -0.014915798933525652 -0.9121133020667319 0 0 0 0 1
1685094218.950759172 -0.014942035046849272 -0.9414970772111492 0 0 0 0 1
1685094218.984092474 -0.0146309391236781 -0.9709537091975006 0 0 0 0 1
1685094219.017425776 -0.014023071324094005 -1.0007639011793277 0 0 0 0 1
1685094219.050759077 -0.013113921866489143 -1.0306967012317492 0 0 0 0 1
1685094219.084092379 -0.012065461102559814 -1.0605493648506674 0 0 0 0 1
1685094219.117425919 -0.01184203419969484 -1.0887774377061323 0 0 0 0 1
1685094219.150759220 -0.011377486326820457 -1.1189651162854521 0 0 0 0 1
1685094219.184092522 -0.010640968806073191 -1.1488863228402177 0 0 0 0 1
1685094219.217425823 -0.010013600011444397 -1.1785886234400313 0 0 0 0 1
1685094219.250759125 -0.009467293557568016 -1.2085752485809578 0 0 0 0 1
1685094219.284092426 -0.00927966605786202 -1.2390256854742279 0 0 0 0 1
1685094219.317425728 -0.00951164965964467 -1.269554648272972 0 0 0 0 1
1685094219.350759268 -0.01005327018896078 -1.299910824365026 0 0 0 0 1
1685094219.384092569 -0.010905294052748756 -1.3381391220723662 0 0 0 0 1
1685094219.417425871 -0.01170910886585864 -1.3686674448374867 0 0 0 0 1
1685094219.450759172 -0.012423659796254672 -1.3994589905489767 0 0 0 0 1
1685094219.484092474 -0.012853909235716353 -1.4305548133587889 0 0 0 0 1
1685094219.517425776 -0.01334922639113649 -1.461938212213287 0 0 0 0 1
1685094219.550759077 -0.013948555053761259 -1.4931578172990585 0 0 0 0 1
1685094219.584092379 -0.014367062046419962 -1.5241754491772248 0 0 0 0 1
1685094219.617425919 -0.014316977682572528 -1.5552055313364013 0 0 0 0 1
1685094219.650759220 -0.013830436524438617 -1.5863031227952509 0 0 0 0 1
1685094219.684092522 -0.014508456854116157 -1.6137156790555838 0 0 0 0 1
1685094219.717425823 -0.014777297977844857 -1.6442774873576937 0 0 0 0 1
1685094219.750759125 -0.014989314550149175 -1.6751204000474478 0 0 0 0 1
1685094219.784092426 -0.015275810139326816 -1.7060124604711298 0 0 0 0 1
1685094219.817425728 -0.01563242827864092 -1.7371137316738183 0 0 0 0 1
1685094219.850759268 -0.014464757462595377 -1.7681492573079747 0 0 0 0 1
1685094219.884092569 -0.013828555149270144 -1.7999811321061054 0 0 0 0 1
1685094219.917425871 -0.013078158977833819 -1.8317153406597586 0 0 0 0 1
1685094219.950759172 -0.012479569239975452 -1.8630331218538478 0 0 0 0 1
1685094219.984092474 -0.011780048353892464 -1.894306812850335 0 0 0 0 1
1685094220.017425776 -0.011257484611933016 -1.9259796053673905 0 0 0 0 1
1685094220.050759077 -0.010817558038932898 -1.9575979653580033 0 0 0 0 1
1685094220.084092379 -0.009970610184985237 -1.9887796904119586 0 0 0 0 1
1685094220.117425919 -0.009105139512540304 -2.019992651368147 0 0 0 0 1
1685094220.150759220 -0.008260891495496624 -2.051310021891428 0 0 0 0 1
1685094220.184092522 -0.00750764819713907 -2.0826061482851523 0 0 0 0 1
1685094220.217425823 -0.007227704246656766 -2.113215014358037 0 0 0 0 1
1685094220.250759125 -0.006955267789890225 -2.152454381561518 0 0 0 0 1
1685094220.284092426 -0.006692368048295149 -2.1914807379404406 0 0 0 0 1
1685094220.317425728 -0.00652395284127087 -2.2225137449434618 0 0 0 0 1
1685094220.350759268 -0.006363441696506767 -2.2536928546582575 0 0 0 0 1
1685094220.384092569 -0.006407133961636336 -2.2849883117024685 0 0 0 0 1
1685094220.417425871 -0.006889798065770423 -2.3161311908624342 0 0 0 0 1
1685094220.450759172 -0.00725388411637975 -2.3471835610484058 0 0 0 0 1
1685094220.484092474 -0.0073589812413310625 -2.378119971020148 0 0 0 0 1
1685094220.517425776 -0.007479285217181358 -2.4090237427184023 0 0 0 0 1
1685094220.550759077 -0.007437496783878543 -2.4401703216701196 0 0 0 0 1
1685094220.584092379 -0.007230924544055221 -2.4717055286863974 0 0 0 0 1
1685094220.617425919 -0.007197470260122004 -2.5039602134475873 0 0 0 0 1
1685094220.650759220 -0.006565597473550782 -2.535570509895625 0 0 0 0 1
1685094220.684092522 -0.005957202697379427 -2.5666974173293458 0 0 0 0 1
1685094220.717425823 -0.005337543227734752 -2.5978135631231285 0 0 0 0 1
1685094220.750759125 -0.004307979180614486 -2.6285708716902065 0 0 0 0 1
1685094220.784092426 -0.0029497590744901295 -2.65872020195557 0 0 0 0 1
1685094220.817425728 -0.0010809952684816106 -2.6885664488318053 0 0 0 0 1
1685094220.850759268 -0.0015813997466168522 -2.716432111775312 0 0 0 0 1
1685094220.884092569 -0.0032676013582953753 -2.7440743142082216 0 0 0 0 1
1685094220.917425871 -0.0051330952843889385 -2.7729372862951807 0 0 0 0 1
1685094220.950759172 -0.006968776536498674 -2.8019400220174475 0 0 0 0 1
1685094220.984092474 -0.009163037076911603 -2.830658500756854 0 0 0 0 1
1685094221.017425776 -0.011798552821515698 -2.858910447618442 0 0 0 0 1
1685094221.050759077 -0.014873306640774587 -2.886465788968715 0 0 0 0 1
1685094221.084092379 -0.017850891714810805 -2.913770072520502 0 0 0 0 1
