1685094125.541559935 1.1321513705649176e-19 -5.3067353966181273e-20 0 0 0 0 1
1685094125.574893236 -0.0003453660901127232 -0.013966838087839252 0 0 0 0 1
1685094125.608226776 -0.0005603890815826845 -0.022461577466648945 0 0 0 0 1
1685094125.641560078 0.00011068538823302798 -0.03595860419576744 0 0 0 0 1
1685094125.674893379 0.00036772995630789313 -0.052214449526795305 0 0 0 0 1
1685094125.708226681 0.00402687845286628 -0.06270539669265247 0 0 0 0 1
1685094125.741559982 0.007237320797048408 -0.07522609959261344 0 0 0 0 1
1685094125.774893284 0.012738944559493676 -0.08865274467212207 0 0 0 0 1
1685094125.808226585 0.01584892962937566 -0.10014472778736316 0 0 0 0 1
1685094125.841559887 0.021987550309311658 -0.1127701608660502 0 0 0 0 1
1685094125.874893427 0.017380652151264712 -0.12013721867174167 0 0 0 0 1
1685094125.908226728 0.014005087640575195 -0.12973031750662545 0 0 0 0 1
1685094125.941560030 0.0123305164772837 -0.13139098581843744 0 0 0 0 1
1685094125.974893332 0.016288117084956623 -0.14499966998613073 0 0 0 0 1
1685094126.008226633 0.02294990598022073 -0.16070438380638777 0 0 0 0 1
1685094126.041559935 0.02113847902805845 -0.1736933135912246 0 0 0 0 1
1685094126.074893236 0.01861020276804855 -0.18548163796652278 0 0 0 0 1
1685094126.108226776 0.02147545960458924 -0.1925143475574538 0 0 0 0 1
1685094126.141560078 0.02220428477005449 -0.20389563245944667 0 0 0 0 1
1685094126.174893379 0.02083204646000892 -0.2201572262792947 0 0 0 0 1
1685094126.208226681 0.028448282000514653 -0.22559009066434155 0 0 0 0 1
1685094126.241559982 0.03533608755424859 -0.24248601975449477 0 0 0 0 1
1685094126.274893284 0.04076636905612727 -0.2511659136874607 0 0 0 0 1
1685094126.308226585 0.047804736577773524 -0.2596675886772848 0 0 0 0 1
1685094126.341559887 0.058167395355723704 -0.27350056921813576 0 0 0 0 1
1685094126.374893427 0.06695004398086582 -0.2707479832655188 0 0 0 0 1
1685094126.408226728 0.05859633889382962 -0.27806051015578215 0 0 0 0 1
1685094126.441560030 0.04318890808190706 -0.2769722435296969 0 0 0 0 1
1685094126.474893332 0.022697692474388714 -0.2794726224885385 0 0 0 0 1
1685094126.508226633 0.004175270929195599 -0.28258747224768993 0 0 0 0 1
1685094126.541559935 -0.009798694794915682 -0.28395384785411276 0 0 0 0 1
1685094126.574893236 -0.025818816136671113 -0.2858368806062831 0 0 0 0 1
1685094126.608226776 -0.04162452608740511 -0.2861232921788415 0 0 0 0 1
1685094126.641560078 -0.05477000108040404 -0.28454862245857154 0 0 0 0 1
1685094126.674893379 -0.0583123505614047 -0.2761147734122462 0 0 0 0 1
1685094126.708226681 -0.06322766074697687 -0.25930202245761447 0 0 0 0 1
1685094126.741559982 -0.06641476656740969 -0.24382309089821744 0 0 0 0 1
1685094126.774893284 -0.06961286831615865 -0.22808797449458768 0 0 0 0 1
