1685094203.765344143 1.9858182483280433e-17 1.7660786482444397e-16 0 0 0 0 1
1685094203.798677444 0.00012666734222585447 -0.01949924083397395 0 0 0 0 1
1685094203.832010746 0.00013553537941923274 -0.0396798892471456 0 0 0 0 1
1685094203.865344048 0.00015228435293859185 -0.06079124128815332 0 0 0 0 1
1685094203.898677349 -3.6900525047340575e-05 -0.0821282222958563 0 0 0 0 1
1685094203.932010651 -0.00010348387433775936 -0.10376643708248069 0 0 0 0 1
1685094203.965343952 -0.0009731591662064145 -0.1238033598672633 0 0 0 0 1
1685094203.998677492 -0.0024461715267680172 -0.14593628708683176 0 0 0 0 1
1685094204.032010794 -0.004124567558025342 -0.1681645797953153 0 0 0 0 1
1685094204.065344095 -0.0057097925904412905 -0.19080268607757006 0 0 0 0 1
1685094204.098677397 -0.006938591012301653 -0.2126123026130214 0 0 0 0 1
1685094204.132010698 -0.009659010093017836 -0.235707211557297 0 0 0 0 1
1685094204.165344000 -0.011988186823964145 -0.2590631473623805 0 0 0 0 1
1685094204.198677301 -0.013969428994462681 -0.28334490650808136 0 0 0 0 1
1685094204.232010841 -0.01601702870451884 -0.3145174898164988 0 0 0 0 1
1685094204.265344143 -0.017235334031283415 -0.33982500314672487 0 0 0 0 1
1685094204.298677444 -0.018377992091406427 -0.36538907251475133 0 0 0 0 1
1685094204.332010746 -0.01943582898537041 -0.3915566127877334 0 0 0 0 1
1685094204.365344048 -0.02055051563375793 -0.41777133379060877 0 0 0 0 1
1685094204.398677349 -0.022095077601159033 -0.44272694742372126 0 0 0 0 1
1685094204.432010651 -0.024585169486615988 -0.46867875981349144 0 0 0 0 1
1685094204.465343952 -0.02739196275306516 -0.4951958334399434 0 0 0 0 1
1685094204.498677492 -0.03046143657990803 -0.5220202670550428 0 0 0 0 1
1685094204.532010794 -0.033670198763060655 -0.5487693577800256 0 0 0 0 1
1685094204.565344095 -0.03698034923731314 -0.5751917176945694 0 0 0 0 1
1685094204.598677397 -0.04030459816557664 -0.6015485612427172 0 0 0 0 1
1685094204.632010698 -0.044959423114847887 -0.6264505379008697 0 0 0 0 1
1685094204.665344000 -0.04997906846773208 -0.6531800695135977 0 0 0 0 1
1685094204.698677301 -0.05510571640131444 -0.6799032793505673 0 0 0 0 1
1685094204.732010841 -0.06027905397069752 -0.7069484186560581 0 0 0 0 1
1685094204.765344143 -0.06539594746325851 -0.7346477390101599 0 0 0 0 1
1685094204.798677444 -0.07076194676672498 -0.7625976145967454 0 0 0 0 1
1685094204.832010746 -0.0718724258858915 -0.7880588315024748 0 0 0 0 1
1685094204.865344048 -0.07241739742037828 -0.8159874284492101 0 0 0 0 1
1685094204.898677349 -0.07249924939324143 -0.8439585110993248 0 0 0 0 1
1685094204.932010651 -0.07241403193203788 -0.8722084923007027 0 0 0 0 1
1685094204.965343952 -0.0724140801906522 -0.9005951736580734 0 0 0 0 1
1685094204.998677492 -0.07225249265542041 -0.9288667155807923 0 0 0 0 1
1685094205.032010794 -0.07199639495349665 -0.9573280194536504 0 0 0 0 1
1685094205.065344095 -0.07160347840800858 -0.9862779076185428 0 0 0 0 1
1685094205.098677397 -0.07129136270675675 -1.0152891003912254 0 0 0 0 1
1685094205.132010698 -0.0725304336700739 -1.0424760459658489 0 0 0 0 1
1685094205.165344000 -0.07376693832088915 -1.0717643301281836 0 0 0 0 1
1685094205.198677301 -0.07505012466681665 -1.1009841869860975 0 0 0 0 1
1685094205.232010841 -0.07648490733847306 -1.1301033526582915 0 0 0 0 1
1685094205.265344143 -0.07838843208235843 -1.158334177150208 0 0 0 0 1
1685094205.298677444 -0.08028340981507917 -1.1877449456255613 0 0 0 0 1
1685094205.332010746 -0.08215848626121396 -1.2174338366828334 0 0 0 0 1
1685094205.365344048 -0.08398927550492681 -1.2468432924537725 0 0 0 0 1
1685094205.398677349 -0.0858968229388692 -1.2761159511879354 0 0 0 0 1
1685094205.432010651 -0.08804444389926606 -1.3055682809676947 0 0 0 0 1
1685094205.465343952 -0.09012718977936154 -1.3353642410564899 0 0 0 0 1
1685094205.498677492 -0.09206129686883147 -1.365029689162542 0 0 0 0 1
1685094205.532010794 -0.09397767021564667 -1.3946552248105284 0 0 0 0 1
1685094205.565344095 -0.09585841941213159 -1.4247496056198536 0 0 0 0 1
1685094205.598677397 -0.09795369221411093 -1.4545112967081328 0 0 0 0 1
1685094205.632010698 -0.1003572021199707 -1.4836499311447637 0 0 0 0 1
1685094205.665344000 -0.10267471256809615 -1.5129457268543296 0 0 0 0 1
1685094205.698677301 -0.10485791383145687 -1.5422037701643134 0 0 0 0 1
1685094205.732010841 -0.1072128886454159 -1.5713422262757815 0 0 0 0 1
1685094205.765344143 -0.10957406198376682 -1.6001140885429002 0 0 0 0 1
1685094205.798677444 -0.11175283711599107 -1.6288299865608442 0 0 0 0 1
1685094205.832010746 -0.11401039043751132 -1.6580281029742487 0 0 0 0 1
1685094205.865344048 -0.11637628539950141 -1.6875511690291016 0 0 0 0 1
1685094205.898677349 -0.11896020083330876 -1.7170579677450306 0 0 0 0 1
1685094205.932010651 -0.12122183431960795 -1.7470300519277486 0 0 0 0 1
1685094205.965343952 -0.12337318287800926 -1.777176223759213 0 0 0 0 1
1685094205.998677492 -0.12492851578596517 -1.8037193589190699 0 0 0 0 1
1685094206.032010794 -0.1291289988049363 -1.833013582874059 0 0 0 0 1
1685094206.065344095 -0.1330445051878079 -1.8624142606782557 0 0 0 0 1
1685094206.098677397 -0.13695348205910188 -1.8919803319569621 0 0 0 0 1
1685094206.132010698 -0.14085934190711757 -1.9210650808509209 0 0 0 0 1
1685094206.165344000 -0.14452737852252884 -1.9499700386114485 0 0 0 0 1
1685094206.198677301 -0.14819531063234817 -1.978979761563153 0 0 0 0 1
1685094206.232010841 -0.15161011864602109 -2.0083890082324003 0 0 0 0 1
1685094206.265344143 -0.15501325038912322 -2.037963821247191 0 0 0 0 1
1685094206.298677444 -0.15849028744289617 -2.0677003494467265 0 0 0 0 1
1685094206.332010746 -0.16210038588979836 -2.0980913584660703 0 0 0 0 1
1685094206.365344048 -0.16788273996428432 -2.1280769900614382 0 0 0 0 1
1685094206.398677349 -0.1740050212213109 -2.158327558699294 0 0 0 0 1
1685094206.432010651 -0.17962144338451913 -2.188028900664849 0 0 0 0 1
1685094206.465343952 -0.1848752575446441 -2.2184585130860954 0 0 0 0 1
1685094206.498677492 -0.1899927077794472 -2.248968386568655 0 0 0 0 1
1685094206.532010794 -0.1946030561803381 -2.27902408777264 0 0 0 0 1
1685094206.565344095 -0.1994540300062597 -2.3075982352753384 0 0 0 0 1
1685094206.598677397 -0.20570686572954563 -2.338084175299668 0 0 0 0 1
1685094206.632010698 -0.2120225372041924 -2.3688669774208946 0 0 0 0 1
1685094206.665344000 -0.21841359321562645 -2.3995108883690124 0 0 0 0 1
1685094206.698677301 -0.22482940494046552 -2.4305165475426236 0 0 0 0 1
1685094206.732010841 -0.23137026454441112 -2.4612496436633386 0 0 0 0 1
1685094206.765344143 -0.23792497755699946 -2.491043624323968 0 0 0 0 1
1685094206.798677444 -0.2454936871052146 -2.5203953248708695 0 0 0 0 1
1685094206.832010746 -0.2512158300083304 -2.5489157650725107 0 0 0 0 1
1685094206.865344048 -0.2565535970975683 -2.5783121019709534 0 0 0 0 1
1685094206.898677349 -0.26178775670985416 -2.6071570481757647 0 0 0 0 1
1685094206.932010651 -0.26682835750860456 -2.6359654457932273 0 0 0 0 1
1685094206.965343952 -0.27187053157083885 -2.665083948130608 0 0 0 0 1
1685094206.998677492 -0.27645308061717844 -2.692845879584285 0 0 0 0 1
1685094207.032010794 -0.28276504211364367 -2.7209223611216875 0 0 0 0 1
1685094207.065344095 -0.28865757233798656 -2.7491095456871277 0 0 0 0 1
1685094207.098677397 -0.29448681114274894 -2.77753805852616 0 0 0 0 1
1685094207.132010698 -0.2983825873965718 -2.804655233898348 0 0 0 0 1
1685094207.165344000 -0.30267952703139844 -2.8326040233059473 0 0 0 0 1
1685094207.198677301 -0.30708035927296795 -2.8605425363611983 0 0 0 0 1
