1685093657.856144905 9.448944053725414e-21 3.2947552858161366e-18 0 0 0 0 1
1685093657.889478207 -5.772124645054906e-05 -0.009626043793789478 0 0 0 0 1
1685093657.922811508 -0.00015804942052428028 -0.019693332298996436 0 0 0 0 1
1685093657.956144810 -0.00021650455571660724 -0.030153169831131612 0 0 0 0 1
1685093657.989478111 -0.00021364549869959222 -0.040875589744788283 0 0 0 0 1
1685093658.022811413 -0.00020070151631407384 -0.051744470511062256 0 0 0 0 1
1685093658.056144953 -0.0007393235403285847 -0.06313621471092998 0 0 0 0 1
1685093658.089478254 -0.0002367535788240559 -0.07500938701385577 0 0 0 0 1
1685093658.122811556 0.00046491080755426393 -0.087471093240525 0 0 0 0 1
1685093658.156144857 0.0012922321540364099 -0.10038607606900551 0 0 0 0 1
1685093658.189478159 0.002268975744777255 -0.11398300476915489 0 0 0 0 1
1685093658.222811460 0.003354188763311275 -0.12825779497238757 0 0 0 0 1
1685093658.256144762 0.0045485897381284295 -0.14304313974055366 0 0 0 0 1
1685093658.289478302 0.005928364695696883 -0.15821191606959883 0 0 0 0 1
1685093658.322811604 0.0072108053841383095 -0.17355683899008317 0 0 0 0 1
1685093658.356144905 0.00843399322634212 -0.18924855534337665 0 0 0 0 1
1685093658.389478207 0.009523295246174774 -0.20533145246716555 0 0 0 0 1
1685093658.422811508 0.010531226926453623 -0.22200153894879973 0 0 0 0 1
1685093658.456144810 0.011502291126929628 -0.23936225566478758 0 0 0 0 1
1685093658.489478111 0.012421864274370505 -0.2573866559955487 0 0 0 0 1
1685093658.522811413 0.01334686207751276 -0.2761773793187915 0 0 0 0 1
1685093658.556144953 0.01441638303738213 -0.29522342247937855 0 0 0 0 1
1685093658.589478254 0.015468527504222344 -0.31437727238379254 0 0 0 0 1
1685093658.622811556 0.016545791133766957 -0.3340379304538222 0 0 0 0 1
1685093658.656144857 0.0176190502161475 -0.35403847829979157 0 0 0 0 1
1685093658.689478159 0.018828447341614322 -0.37445157237655363 0 0 0 0 1
1685093658.722811460 0.019958047657616215 -0.3951234647892175 0 0 0 0 1
1685093658.756144762 0.02096875630872306 -0.41624461529547935 0 0 0 0 1
1685093658.789478302 0.022014455289647704 -0.4379400966829653 0 0 0 0 1
1685093658.822811604 0.022950618108150318 -0.46012257099452414 0 0 0 0 1
1685093658.856144905 0.02025689389380249 -0.4754935471421436 0 0 0 0 1
1685093658.889478207 0.003590429010168374 -0.48624638912794577 0 0 0 0 1
1685093658.922811508 -0.011649179592563438 -0.49988263674515104 0 0 0 0 1
1685093658.956144810 -0.028555986039768343 -0.5156817856914365 0 0 0 0 1
1685093658.989478111 -0.04289126848729267 -0.5292824416823337 0 0 0 0 1
1685093659.022811413 -0.05958370272212152 -0.5458252427552471 0 0 0 0 1
1685093659.056144953 -0.07648183018270063 -0.5626846107680095 0 0 0 0 1
1685093659.089478254 -0.0931822257833938 -0.5792924544163159 0 0 0 0 1
1685093659.122811556 -0.10976672909912188 -0.5957937280446782 0 0 0 0 1
1685093659.156144857 -0.12653734870344993 -0.6125772612330346 0 0 0 0 1
1685093659.189478159 -0.14334019275835658 -0.6293398762227047 0 0 0 0 1
1685093659.222811460 -0.1600956459193083 -0.6461067636541472 0 0 0 0 1
1685093659.256144762 -0.17694584773240576 -0.6629199230264775 0 0 0 0 1
1685093659.289478302 -0.19393892657895676 -0.6802943551865087 0 0 0 0 1
1685093659.322811604 -0.20962970736066974 -0.6984275320873045 0 0 0 0 1
1685093659.356144905 -0.2257380298480406 -0.7167053596329039 0 0 0 0 1
1685093659.389478207 -0.24177890237827315 -0.7349997564952937 0 0 0 0 1
1685093659.422811508 -0.2578273990781721 -0.753440408382298 0 0 0 0 1
1685093659.456144810 -0.2738893195935233 -0.7716043502026178 0 0 0 0 1
1685093659.489478111 -0.2899564704901421 -0.7897458506969831 0 0 0 0 1
1685093659.522811413 -0.3058590216000475 -0.8078723772418304 0 0 0 0 1
1685093659.556144953 -0.32149863557050085 -0.8258611321924695 0 0 0 0 1
1685093659.589478254 -0.3367494812780332 -0.8435840221362413 0 0 0 0 1
1685093659.622811556 -0.3522435673264722 -0.8613057456530575 0 0 0 0 1
1685093659.656144857 -0.3676148462647014 -0.8788242072856296 0 0 0 0 1
1685093659.689478159 -0.38285787318098424 -0.8963606256504753 0 0 0 0 1
1685093659.722811460 -0.3979993728740183 -0.9136868150310348 0 0 0 0 1
1685093659.756144762 -0.41309291298573003 -0.930980914283322 0 0 0 0 1
1685093659.789478302 -0.428351464821338 -0.9482046147465402 0 0 0 0 1
1685093659.822811604 -0.4435414990254484 -0.9654316070070736 0 0 0 0 1
1685093659.856144905 -0.45861466480142343 -0.9825542690232182 0 0 0 0 1
1685093659.889478207 -0.4736742578982155 -0.9996174653285623 0 0 0 0 1
1685093659.922811508 -0.4870683022345193 -1.0126137424813535 0 0 0 0 1
1685093659.956144810 -0.5023146808922851 -1.0298654192446726 0 0 0 0 1
1685093659.989478111 -0.5175624733017714 -1.04728638365858 0 0 0 0 1
1685093660.022811413 -0.5327910312884012 -1.0647272494661266 0 0 0 0 1
1685093660.056144953 -0.5477965593852435 -1.0819854250454806 0 0 0 0 1
1685093660.089478254 -0.5622235864196107 -1.0990872576764699 0 0 0 0 1
1685093660.122811556 -0.576609407855152 -1.1157943451772363 0 0 0 0 1
1685093660.156144857 -0.5906904983183549 -1.1320306517088246 0 0 0 0 1
1685093660.189478159 -0.6048419998698591 -1.1481175486119979 0 0 0 0 1
1685093660.222811460 -0.6187176538188263 -1.163647681593382 0 0 0 0 1
1685093660.256144762 -0.6323623851229266 -1.1784530778196811 0 0 0 0 1
