1685094303.478189707 5.941193361263434e-20 -2.58094494237247e-18 0 0 0 0 1
1685094303.511523008 0.00044335129458805206 -0.015921400773409113 0 0 0 0 1
1685094303.544856310 0.0008740137996091547 -0.03248413394438599 0 0 0 0 1
1685094303.578189611 0.0010797511480680354 -0.049576499499227336 0 0 0 0 1
1685094303.611522913 0.0010555325059645082 -0.06771257495900034 0 0 0 0 1
1685094303.644856215 0.0010107419764806937 -0.08664004688454659 0 0 0 0 1
1685094303.678189516 0.0009416114961644737 -0.10614289441973566 0 0 0 0 1
1685094303.711523056 0.001060269951252065 -0.1263725436363784 0 0 0 0 1
1685094303.744856358 0.001468367672777105 -0.14735507606923937 0 0 0 0 1
1685094303.778189659 0.001835014981725258 -0.16864480629685652 0 0 0 0 1
1685094303.811522961 0.00215883213082484 -0.1901077853822434 0 0 0 0 1
1685094303.844856262 0.0025506206862598614 -0.2124112546370683 0 0 0 0 1
1685094303.878189564 0.0028158499744075057 -0.23570885605653683 0 0 0 0 1
1685094303.911522865 0.0030498637383566674 -0.25969551413000325 0 0 0 0 1
1685094303.944856405 0.0032563179616717348 -0.2844146248739726 0 0 0 0 1
1685094303.978189707 0.0035001247959581313 -0.30984067739618737 0 0 0 0 1
1685094304.011523008 0.003523883907414448 -0.3357228261941249 0 0 0 0 1
1685094304.044856310 0.003570804619767237 -0.36181284691694265 0 0 0 0 1
1685094304.078189611 0.0037039038954929287 -0.3880221900285466 0 0 0 0 1
1685094304.111522913 0.003962769703005775 -0.41456005704130483 0 0 0 0 1
1685094304.144856215 0.004031657910954424 -0.44091423792189843 0 0 0 0 1
1685094304.178189516 0.004148997312878137 -0.467297419762536 0 0 0 0 1
1685094304.211523056 0.0045314364950616096 -0.49386579781544315 0 0 0 0 1
1685094304.244856358 0.004655615747569742 -0.5205174922817287 0 0 0 0 1
1685094304.278189659 0.004552446047587697 -0.5473466894471216 0 0 0 0 1
1685094304.311522961 0.00461349114868539 -0.5741110464899469 0 0 0 0 1
1685094304.344856262 0.00480859288372736 -0.6007320323651902 0 0 0 0 1
1685094304.378189564 0.00476922850006994 -0.6275110605347357 0 0 0 0 1
1685094304.411522865 0.00576098831529002 -0.6531082016077097 0 0 0 0 1
1685094304.444856405 0.0076882597016465415 -0.680238616168015 0 0 0 0 1
1685094304.478189707 0.013303231068790562 -0.7057289423921252 0 0 0 0 1
1685094304.511523008 0.018583509588244052 -0.733045245040568 0 0 0 0 1
1685094304.544856310 0.023875866876238418 -0.7606719935818328 0 0 0 0 1
1685094304.578189611 0.028955568697434503 -0.7885767704238482 0 0 0 0 1
1685094304.611522913 0.034336584046189916 -0.8148984283977359 0 0 0 0 1
1685094304.644856215 0.04101661463399527 -0.8428878142746274 0 0 0 0 1
1685094304.678189516 0.04792404235816281 -0.8701065504648365 0 0 0 0 1
1685094304.711523056 0.05449219902278504 -0.8960191448787614 0 0 0 0 1
1685094304.744856358 0.06263562554720133 -0.9233007222509757 0 0 0 0 1
1685094304.778189659 0.07103204136518447 -0.9507830395573359 0 0 0 0 1
1685094304.811522961 0.0808294201388991 -0.9755400421302571 0 0 0 0 1
1685094304.844856262 0.09264712861273952 -1.0018207546935447 0 0 0 0 1
1685094304.878189564 0.10433422257392692 -1.0282942253834448 0 0 0 0 1
1685094304.911522865 0.11580147648437833 -1.0550998610681366 0 0 0 0 1
1685094304.944856405 0.12697701709285858 -1.0818407066241564 0 0 0 0 1
1685094304.978189707 0.13775267983251058 -1.1082238868149439 0 0 0 0 1
1685094305.011523008 0.1485988220724586 -1.1343240541989827 0 0 0 0 1
1685094305.044856310 0.16006936179379866 -1.161006520515074 0 0 0 0 1
1685094305.078189611 0.1715481984625613 -1.1878155070262242 0 0 0 0 1
1685094305.111522913 0.1831426426321784 -1.2143699322598571 0 0 0 0 1
1685094305.144856215 0.1952155437708918 -1.2410415988394605 0 0 0 0 1
1685094305.178189516 0.20757153360701916 -1.268164709768836 0 0 0 0 1
1685094305.211523056 0.2230680771269769 -1.3019933031459405 0 0 0 0 1
1685094305.244856358 0.23590324076844363 -1.3291396343939106 0 0 0 0 1
1685094305.278189659 0.24858142255427043 -1.3564709294963342 0 0 0 0 1
1685094305.311522961 0.2609026055000006 -1.3836045895497684 0 0 0 0 1
1685094305.344856262 0.27267325129881187 -1.4102882378572303 0 0 0 0 1
1685094305.378189564 0.28426828953886 -1.4369616190752734 0 0 0 0 1
1685094305.411522865 0.29603490455841064 -1.4636702562361517 0 0 0 0 1
1685094305.444856405 0.3073026922466973 -1.489434580059017 0 0 0 0 1
1685094305.478189707 0.31835387201441134 -1.514943552995629 0 0 0 0 1
1685094305.511523008 0.32946206968733316 -1.5406913077132685 0 0 0 0 1
1685094305.544856310 0.34051425122653034 -1.5655462758954422 0 0 0 0 1
1685094305.578189611 0.35199264255805773 -1.5914007205706466 0 0 0 0 1
1685094305.611522913 0.3636286534364094 -1.6171067969036483 0 0 0 0 1
1685094305.644856215 0.3756649648892113 -1.6432733033541373 0 0 0 0 1
1685094305.678189516 0.38791520921351946 -1.6697214260935012 0 0 0 0 1
1685094305.711523056 0.40039819492140916 -1.6964189805231296 0 0 0 0 1
1685094305.744856358 0.41310415854522287 -1.7231017779775468 0 0 0 0 1
1685094305.778189659 0.42583540855084706 -1.748836416711515 0 0 0 0 1
1685094305.811522961 0.43907252340875774 -1.7757177010146932 0 0 0 0 1
1685094305.844856262 0.4505594549508254 -1.8009947563750888 0 0 0 0 1
1685094305.878189564 0.4628727540420379 -1.8273981331837417 0 0 0 0 1
1685094305.911522865 0.47607687586460345 -1.8544898800106546 0 0 0 0 1
1685094305.944856405 0.4890554351119874 -1.8822063996646698 0 0 0 0 1
1685094305.978189707 0.5019923323439058 -1.9095962527096682 0 0 0 0 1
1685094306.011523008 0.5146868437383288 -1.9368849011045426 0 0 0 0 1
1685094306.044856310 0.5273268526087926 -1.964419569773628 0 0 0 0 1
1685094306.078189611 0.5396348168034091 -1.9922775885844308 0 0 0 0 1
1685094306.111522913 0.5512852428475321 -2.020024438846798 0 0 0 0 1
1685094306.144856215 0.5625857780823139 -2.047919107586527 0 0 0 0 1
1685094306.178189516 0.5736409184376606 -2.076900243928213 0 0 0 0 1
1685094306.211523056 0.5839731980097975 -2.1039912159146814 0 0 0 0 1
1685094306.244856358 0.5971061780821373 -2.13157964025806 0 0 0 0 1
1685094306.278189659 0.6105404605120542 -2.159228649742984 0 0 0 0 1
1685094306.311522961 0.624310346903844 -2.187097592246581 0 0 0 0 1
1685094306.344856262 0.6386797891985431 -2.2148848995092676 0 0 0 0 1
1685094306.378189564 0.6525758114409976 -2.241638119158289 0 0 0 0 1
1685094306.411522865 0.6675654509382978 -2.268317154900691 0 0 0 0 1
1685094306.444856405 0.6825603552881434 -2.294882017108423 0 0 0 0 1
1685094306.478189707 0.6976321066236387 -2.3215150603857864 0 0 0 0 1
1685094306.511523008 0.7126009460336201 -2.348043076115732 0 0 0 0 1
1685094306.544856310 0.7274258578453734 -2.3733740119681292 0 0 0 0 1
1685094306.578189611 0.7415311970564447 -2.399461592377276 0 0 0 0 1
1685094306.611522913 0.7551829051231012 -2.4252558252395953 0 0 0 0 1
1685094306.644856215 0.7688532533932737 -2.451076962211923 0 0 0 0 1
1685094306.678189516 0.7826668248800479 -2.477184956318078 0 0 0 0 1
1685094306.711523056 0.7963683342089006 -2.5036199724698864 0 0 0 0 1
1685094306.744856358 0.8101500882341764 -2.5301356055801736 0 0 0 0 1
1685094306.778189659 0.8242808629229055 -2.556589096224165 0 0 0 0 1
1685094306.811522961 0.8388188903843867 -2.5829037379026527 0 0 0 0 1
1685094306.844856262 0.8535428359979548 -2.608666487825917 0 0 0 0 1
1685094306.878189564 0.8680409390038191 -2.633527767762855 0 0 0 0 1
1685094306.911522865 0.886279970138512 -2.664434233441029 0 0 0 0 1
1685094306.944856405 0.900727194717296 -2.688913611813843 0 0 0 0 1
1685094306.978189707 0.9146931718301409 -2.711458339569467 0 0 0 0 1
