1685094120.491804600 -6.336885171837115e-19 -5.964108032165442e-18 0 0 0 0 1
1685094120.525137901 0.0007922505102369288 -0.01199556047557742 0 0 0 0 1
1685094120.558471203 0.0022073601382901716 -0.0228041541689589 0 0 0 0 1
1685094120.591804504 0.002535298782473389 -0.03347761213794765 0 0 0 0 1
1685094120.625137806 0.0033612424779603596 -0.044723588885028025 0 0 0 0 1
1685094120.658471107 0.004144004803973063 -0.05611698112168979 0 0 0 0 1
1685094120.691804409 0.004580171667277053 -0.06812911697553496 0 0 0 0 1
1685094120.725137711 0.004721268588314764 -0.08089391485430303 0 0 0 0 1
1685094120.758471251 0.004633182451483322 -0.09440616745359992 0 0 0 0 1
1685094120.791804552 0.0045168279955442 -0.10839355163705865 0 0 0 0 1
1685094120.825137854 0.00433914448789705 -0.12294926023042584 0 0 0 0 1
1685094120.858471155 0.006482813943099577 -0.13158140629852827 0 0 0 0 1
1685094120.891804457 0.010189613443320061 -0.14816667520503418 0 0 0 0 1
1685094120.925137758 0.014063514869464926 -0.16540974910444647 0 0 0 0 1
1685094120.958471060 0.01783103126956215 -0.18339304737985027 0 0 0 0 1
1685094120.991804600 0.02170126442029122 -0.2022676811551789 0 0 0 0 1
1685094121.025137901 0.02554920177897774 -0.22212776354472388 0 0 0 0 1
1685094121.058471203 0.029179047317379244 -0.2424531940535758 0 0 0 0 1
1685094121.091804504 0.03360453288911008 -0.2553669147574761 0 0 0 0 1
1685094121.125137806 0.035333869308545526 -0.2764726918979375 0 0 0 0 1
1685094121.158471107 0.03697405285334995 -0.29767257390839763 0 0 0 0 1
1685094121.191804409 0.03869023386953012 -0.31908277238655086 0 0 0 0 1
1685094121.225137711 0.04031257461356698 -0.34079670364240633 0 0 0 0 1
1685094121.258471251 0.04168924604428277 -0.36276671955189954 0 0 0 0 1
1685094121.291804552 0.04345796458576105 -0.3846083335538932 0 0 0 0 1
1685094121.325137854 0.0458479487324554 -0.4065732252386395 0 0 0 0 1
1685094121.358471155 0.048779484795313466 -0.4287113471485722 0 0 0 0 1
1685094121.391804457 0.05209237146476939 -0.4506621371847436 0 0 0 0 1
1685094121.425137758 0.05551066953987533 -0.47268156220852825 0 0 0 0 1
1685094121.458471060 0.059110769386132515 -0.49536065484383546 0 0 0 0 1
1685094121.491804600 0.062778202227492 -0.5182433714245892 0 0 0 0 1
1685094121.525137901 0.0665187287237719 -0.541469007650047 0 0 0 0 1
1685094121.558471203 0.07036012362995861 -0.5646781739797839 0 0 0 0 1
1685094121.591804504 0.07328697658519179 -0.5874765375842755 0 0 0 0 1
1685094121.625137806 0.07695257808827008 -0.6114957149932951 0 0 0 0 1
1685094121.658471107 0.08056624483844971 -0.6354950173904792 0 0 0 0 1
1685094121.691804409 0.0840011484580882 -0.6597914238251941 0 0 0 0 1
1685094121.725137711 0.08732801945511337 -0.6841028585398756 0 0 0 0 1
1685094121.758471251 0.08697808349462241 -0.7036529089636862 0 0 0 0 1
1685094121.791804552 0.10404455371468635 -0.7131955774048324 0 0 0 0 1
1685094121.825137854 0.12329505682675411 -0.697164028511584 0 0 0 0 1
1685094121.858471155 0.14244498824891233 -0.6808115062388728 0 0 0 0 1
1685094121.891804457 0.16063348716635922 -0.6685771119999527 0 0 0 0 1
1685094121.925137758 0.17472426310721093 -0.6477908838286881 0 0 0 0 1
1685094121.958471060 0.18831775294126296 -0.6266562004826558 0 0 0 0 1
1685094121.991804600 0.20135104625226555 -0.6054140481191316 0 0 0 0 1
1685094122.025137901 0.21710112659648045 -0.5864208852483671 0 0 0 0 1
1685094122.058471203 0.20140827741396541 -0.5672559042467834 0 0 0 0 1
1685094122.091804504 0.18559184300944376 -0.5481927876342331 0 0 0 0 1
1685094122.125137806 0.16965248458124627 -0.5292323323350142 0 0 0 0 1
1685094122.158471107 0.15330350051256753 -0.5096872271673096 0 0 0 0 1
1685094122.191804409 0.13691977197193936 -0.49017123743577024 0 0 0 0 1
1685094122.225137711 0.12085039475231601 -0.4704352236114867 0 0 0 0 1
1685094122.258471251 0.10484070398192087 -0.45065076184637454 0 0 0 0 1
1685094122.291804552 0.08836252661667256 -0.4303007467781498 0 0 0 0 1
1685094122.325137854 0.07190098805818781 -0.4099372698931707 0 0 0 0 1
1685094122.358471155 0.05552239788591541 -0.3897169639295292 0 0 0 0 1
1685094122.391804457 0.03915673371507345 -0.369562482873135 0 0 0 0 1
1685094122.425137758 0.022269045070788432 -0.3489685089063125 0 0 0 0 1
1685094122.458471060 0.005325511090547978 -0.3284204567418636 0 0 0 0 1
1685094122.491804600 -0.011360085271576482 -0.3080544298812475 0 0 0 0 1
1685094122.525137901 -0.02826169613423354 -0.2876532108787494 0 0 0 0 1
1685094122.558471203 -0.04515987605499787 -0.26724914996171495 0 0 0 0 1
1685094122.591804504 -0.06171594523493803 -0.25713848813259826 0 0 0 0 1
1685094122.625137806 -0.051392860410618246 -0.23317015034447197 0 0 0 0 1
1685094122.658471107 -0.04106437109306001 -0.20947462490061233 0 0 0 0 1
1685094122.691804409 -0.03078881410305586 -0.18575609741282995 0 0 0 0 1
1685094122.725137711 -0.020566240666865205 -0.1620146861240038 0 0 0 0 1
1685094122.758471251 -0.0052397141264869836 -0.17124864281924715 0 0 0 0 1
1685094122.791804552 0.0014929705814655707 -0.15467036399827633 0 0 0 0 1
1685094122.825137854 -0.015931973841866374 -0.15060346298075197 0 0 0 0 1
1685094122.858471155 -0.017233717317088306 -0.16844929823627486 0 0 0 0 1
1685094122.891804457 -0.022916481790707707 -0.14240905873952586 0 0 0 0 1
1685094122.925137758 -0.028521900775260206 -0.11635206038748425 0 0 0 0 1
1685094122.958471060 -0.034028159902485575 -0.09057493319932265 0 0 0 0 1
1685094122.991804600 -0.03959634294528129 -0.06481111140882087 0 0 0 0 1
1685094123.025137901 -0.04128837984881787 -0.07913643984996543 0 0 0 0 1
1685094123.058471203 -0.06707709699664392 -0.09013107115959906 0 0 0 0 1
1685094123.091804504 -0.09508299100186934 -0.09139983068505476 0 0 0 0 1
1685094123.125137806 -0.11820712920083418 -0.083127008860768 0 0 0 0 1
1685094123.158471107 -0.14162701809426761 -0.07444173175128671 0 0 0 0 1
1685094123.191804409 -0.1648952018161624 -0.06618726771043221 0 0 0 0 1
1685094123.225137711 -0.1881050909173535 -0.05778288804793898 0 0 0 0 1
1685094123.258471251 -0.21137450888384762 -0.049430024949661776 0 0 0 0 1
1685094123.291804552 -0.23465007730760062 -0.04109431568234974 0 0 0 0 1
1685094123.325137854 -0.2579317835430933 -0.032775764774758916 0 0 0 0 1
1685094123.358471155 -0.2813996218875367 -0.024244911158931143 0 0 0 0 1
1685094123.391804457 -0.30466173432230254 -0.015689916930072455 0 0 0 0 1
1685094123.425137758 -0.3277318789833968 -0.007237614424218011 0 0 0 0 1
1685094123.458471060 -0.35067900302269056 0.0010965473929045553 0 0 0 0 1
1685094123.491804600 -0.3735645332585176 0.009255446808670105 0 0 0 0 1
1685094123.525137901 -0.39601977772136077 0.01763116406980677 0 0 0 0 1
1685094123.558471203 -0.4183103549169961 0.02586287114308364 0 0 0 0 1
1685094123.591804504 -0.44083510744355 0.03408695732849149 0 0 0 0 1
1685094123.625137806 -0.46344390845277733 0.04245825660690731 0 0 0 0 1
1685094123.658471107 -0.485594389410828 0.05047480629030195 0 0 0 0 1
1685094123.691804409 -0.5072681798876842 0.058399205980591916 0 0 0 0 1
1685094123.725137711 -0.5287337765840676 0.06609469648985643 0 0 0 0 1
1685094123.758471251 -0.5502018345222365 0.07359969544934827 0 0 0 0 1
