1685094264.726087570 -4.689607204371169e-19 -2.744769023579273e-20 0 0 0 0 1
1685094264.759420872 -0.000636751513615623 -0.015201617874991451 0 0 0 0 1
1685094264.792754173 -0.0011651346098008636 -0.03135171843678672 0 0 0 0 1
1685094264.826087713 -0.001755603370417821 -0.048453145577960786 0 0 0 0 1
1685094264.859421015 -0.0018666794103451363 -0.06637469299584432 0 0 0 0 1
1685094264.892754316 -0.0014575890708843347 -0.08535779936583204 0 0 0 0 1
1685094264.926087618 0.003624693692609189 -0.10039598036272994 0 0 0 0 1
1685094264.959420919 0.015773771450427864 -0.11879422214146847 0 0 0 0 1
1685094264.992754221 0.030951228231092413 -0.1324428107570956 0 0 0 0 1
1685094265.026087523 0.04171258964381417 -0.14244615956901932 0 0 0 0 1
1685094265.059421062 0.06145471893361735 -0.1477005219415252 0 0 0 0 1
1685094265.092754364 0.07091105115409721 -0.14843363757845962 0 0 0 0 1
1685094265.126087666 0.08221428063509757 -0.16237080024853653 0 0 0 0 1
1685094265.159420967 0.09149262929365327 -0.18428671944255084 0 0 0 0 1
1685094265.192754269 0.10096668305818128 -0.2063767131760115 0 0 0 0 1
1685094265.226087570 0.11069489699637823 -0.22835596183128104 0 0 0 0 1
1685094265.259420872 0.11589642325560176 -0.2467241634136718 0 0 0 0 1
1685094265.292754173 0.1201664404280343 -0.2653309809315566 0 0 0 0 1
1685094265.326087713 0.12833374779726292 -0.28957734580467054 0 0 0 0 1
1685094265.359421015 0.1364822761765117 -0.3138300282228321 0 0 0 0 1
1685094265.392754316 0.13687552891267582 -0.3345813450478783 0 0 0 0 1
1685094265.426087618 0.13960756148790196 -0.3602388314253843 0 0 0 0 1
1685094265.459420919 0.14914216517084794 -0.386674629816795 0 0 0 0 1
1685094265.492754221 0.15294090219909298 -0.40772359011506176 0 0 0 0 1
1685094265.526087523 0.12539373859694852 -0.40632083199657965 0 0 0 0 1
1685094265.559421062 0.1159693824975027 -0.4254489655348425 0 0 0 0 1
1685094265.592754364 0.14187741793483052 -0.43392200484058496 0 0 0 0 1
1685094265.626087666 0.16831324387356622 -0.44253063658043507 0 0 0 0 1
1685094265.659420967 0.1330446522812491 -0.4252280101426649 0 0 0 0 1
1685094265.692754269 0.17181462298624764 -0.4315639241323147 0 0 0 0 1
1685094265.726087570 0.1328726811577522 -0.43673882521124996 0 0 0 0 1
1685094265.759420872 0.14239780469417737 -0.4423883547471685 0 0 0 0 1
1685094265.792754173 0.14414728721171038 -0.413160077871906 0 0 0 0 1
1685094265.826087713 0.15122161530498118 -0.39176804059172243 0 0 0 0 1
1685094265.859421015 0.15458395533586727 -0.3986233650803688 0 0 0 0 1
1685094265.892754316 0.12481498508524141 -0.4026821497148387 0 0 0 0 1
1685094265.926087618 0.09504283517517903 -0.4067175446427772 0 0 0 0 1
1685094265.959420919 0.06526752398314778 -0.4107295473732544 0 0 0 0 1
1685094265.992754221 0.034369261470106674 -0.415366579172763 0 0 0 0 1
1685094266.026087523 0.0023256925196302033 -0.42026528381120176 0 0 0 0 1
1685094266.059421062 -0.029689677762271483 -0.4253450164745738 0 0 0 0 1
1685094266.092754364 -0.060513156360628394 -0.43009474149555665 0 0 0 0 1
1685094266.126087666 -0.09217259155204509 -0.4346112382851975 0 0 0 0 1
1685094266.159420967 -0.12368772887663165 -0.4400439815427797 0 0 0 0 1
1685094266.192754269 -0.15550150639356888 -0.44612859078823985 0 0 0 0 1
1685094266.226087570 -0.1874076184580362 -0.45170881681383906 0 0 0 0 1
1685094266.259420872 -0.21939806897591918 -0.4567832611410541 0 0 0 0 1
1685094266.292754173 -0.2514648407167702 -0.4613506520469519 0 0 0 0 1
1685094266.326087713 -0.283599897323033 -0.46540984488290005 0 0 0 0 1
1685094266.359421015 -0.31579518532405954 -0.46895982236143086 0 0 0 0 1
1685094266.392754316 -0.34804263615441716 -0.47199969481118703 0 0 0 0 1
1685094266.426087618 -0.3803341681759775 -0.47452870039988543 0 0 0 0 1
1685094266.459420919 -0.39012852607670523 -0.47090743876320457 0 0 0 0 1
1685094266.492754221 -0.385182993903147 -0.4617104450125736 0 0 0 0 1
1685094266.526087523 -0.37676137291418665 -0.46788452651893137 0 0 0 0 1
1685094266.559421062 -0.38778844490247777 -0.500229710265268 0 0 0 0 1
1685094266.592754364 -0.3982827601378258 -0.5327516501821975 0 0 0 0 1
1685094266.626087666 -0.41913980043167814 -0.5271859359435542 0 0 0 0 1
1685094266.659420967 -0.3989758650153413 -0.5348936602076555 0 0 0 0 1
1685094266.692754269 -0.41822737276857397 -0.5251277627049761 0 0 0 0 1
1685094266.726087570 -0.42316263296783163 -0.5393985753327483 0 0 0 0 1
1685094266.759420872 -0.4287429881509834 -0.5534297022412055 0 0 0 0 1
1685094266.792754173 -0.4349568475772525 -0.5671919999171725 0 0 0 0 1
1685094266.826087713 -0.44179130467860345 -0.5806568832223168 0 0 0 0 1
1685094266.859421015 -0.447163303035097 -0.6003341232395875 0 0 0 0 1
1685094266.892754316 -0.42710136907635027 -0.5966502466300453 0 0 0 0 1
1685094266.926087618 -0.4237832524607024 -0.630119830675073 0 0 0 0 1
1685094266.959420919 -0.41980360684629675 -0.6635172164231518 0 0 0 0 1
1685094266.992754221 -0.41516399012164407 -0.6968293299957029 0 0 0 0 1
1685094267.026087523 -0.40987612110122984 -0.7317340155077962 0 0 0 0 1
1685094267.059421062 -0.4045222589940105 -0.7666286395924897 0 0 0 0 1
1685094267.092754364 -0.39910242294348935 -0.8015130774790411 0 0 0 0 1
1685094267.126087666 -0.3936166323290689 -0.8363872044331303 0 0 0 0 1
1685094267.159420967 -0.3876578321283353 -0.8688960925066104 0 0 0 0 1
1685094267.192754269 -0.38416376108543626 -0.886765697166348 0 0 0 0 1
1685094267.226087570 -0.37820323360778285 -0.9190994444415923 0 0 0 0 1
1685094267.259420872 -0.3731952769846696 -0.9252989697887348 0 0 0 0 1
1685094267.292754173 -0.38116179954773954 -0.9250792829185188 0 0 0 0 1
1685094267.326087713 -0.3758197941492453 -0.9191651707796339 0 0 0 0 1
1685094267.359421015 -0.36404841682696676 -0.9189645105532813 0 0 0 0 1
1685094267.392754316 -0.3752143187324722 -0.9226965640398387 0 0 0 0 1
1685094267.426087618 -0.3655964465846794 -0.9526663401085912 0 0 0 0 1
1685094267.459420919 -0.3526894231633739 -0.9813734766544805 0 0 0 0 1
1685094267.492754221 -0.33665496587858423 -1.008458290145526 0 0 0 0 1
1685094267.526087523 -0.3205703881699976 -1.0295504302670504 0 0 0 0 1
1685094267.559421062 -0.298008195313449 -1.032150800854089 0 0 0 0 1
1685094267.592754364 -0.2823412341658974 -1.040841400435482 0 0 0 0 1
1685094267.626087666 -0.2631910747859214 -1.0662030856764355 0 0 0 0 1
1685094267.659420967 -0.2575529433818106 -1.0820233236033037 0 0 0 0 1
1685094267.692754269 -0.26200131130082166 -1.0982183992946937 0 0 0 0 1
1685094267.726087570 -0.2781509287094677 -1.1269315254870127 0 0 0 0 1
1685094267.759420872 -0.2669341089223553 -1.1412575711162534 0 0 0 0 1
1685094267.792754173 -0.2486949965184475 -1.1176513759561164 0 0 0 0 1
1685094267.826087713 -0.2413767795194167 -1.1465712890122781 0 0 0 0 1
1685094267.859421015 -0.23394322447740634 -1.1275962857584405 0 0 0 0 1
1685094267.892754316 -0.22270629480602033 -1.110292967295099 0 0 0 0 1
1685094267.926087618 -0.21414119507640486 -1.0803662502641829 0 0 0 0 1
1685094267.959420919 -0.20524088030199464 -1.049773048912886 0 0 0 0 1
1685094267.992754221 -0.20543710470523371 -1.041771811931026 0 0 0 0 1
1685094268.026087523 -0.19744629978529968 -1.0422249498657348 0 0 0 0 1
1685094268.059421062 -0.211497253762812 -1.0711463286699023 0 0 0 0 1
1685094268.092754364 -0.22674061948283075 -1.0994573735311945 0 0 0 0 1
1685094268.126087666 -0.24183080801501422 -1.1288351048485645 0 0 0 0 1
1685094268.159420967 -0.2556429636855332 -1.1583656424115347 0 0 0 0 1
1685094268.192754269 -0.2684726060560285 -1.188336104030766 0 0 0 0 1
1685094268.226087570 -0.2607351637137629 -1.1831096305495399 0 0 0 0 1
1685094268.259420872 -0.2695206385208343 -1.1799474364593299 0 0 0 0 1
1685094268.292754173 -0.29471426650820226 -1.159131075344871 0 0 0 0 1
1685094268.326087713 -0.288758255168174 -1.1622662964725645 0 0 0 0 1
1685094268.359421015 -0.29493539848973305 -1.1649396058424277 0 0 0 0 1
1685094268.392754316 -0.3140819598681433 -1.177547515889706 0 0 0 0 1
1685094268.426087618 -0.33311765044441766 -1.164772826356812 0 0 0 0 1
1685094268.459420919 -0.3287060139491076 -1.1422764339391211 0 0 0 0 1
1685094268.492754221 -0.3137970506847738 -1.105821038779186 0 0 0 0 1
1685094268.526087523 -0.3024179117763105 -1.075557533762966 0 0 0 0 1
1685094268.559421062 -0.29181586353725114 -1.0450969438292668 0 0 0 0 1
1685094268.592754364 -0.2814736971215415 -1.0145471392504795 0 0 0 0 1
1685094268.626087666 -0.27066229678175 -0.9832552630913676 0 0 0 0 1
1685094268.659420967 -0.2599566811490797 -0.9519270380412636 0 0 0 0 1
1685094268.692754269 -0.24925200186519686 -0.92005682995054 0 0 0 0 1
1685094268.726087570 -0.23889728662914003 -0.888071205137243 0 0 0 0 1
1685094268.759420872 -0.22939332379682234 -0.8700858084422565 0 0 0 0 1
1685094268.792754173 -0.21216374338661664 -0.860477984695877 0 0 0 0 1
1685094268.826087713 -0.21321399256857831 -0.8801773678057367 0 0 0 0 1
1685094268.859421015 -0.24603130956152294 -0.8735557437115763 0 0 0 0 1
1685094268.892754316 -0.2788618784006911 -0.8735890816521541 0 0 0 0 1
1685094268.926087618 -0.31169230985363877 -0.8734884221521164 0 0 0 0 1
1685094268.959420919 -0.3440024437163385 -0.8758772473017312 0 0 0 0 1
1685094268.992754221 -0.3757748317230462 -0.8822149595208385 0 0 0 0 1
1685094269.026087523 -0.3825057836241313 -0.9033839136986412 0 0 0 0 1
1685094269.059421062 -0.4027275889669401 -0.9125767871968561 0 0 0 0 1
1685094269.092754364 -0.4007535370992366 -0.9024969240508439 0 0 0 0 1
1685094269.126087666 -0.3871327256722028 -0.8863847590002549 0 0 0 0 1
1685094269.159420967 -0.36621524737995076 -0.8891392949759501 0 0 0 0 1
1685094269.192754269 -0.357229940755093 -0.908228365969729 0 0 0 0 1
1685094269.226087570 -0.3742912156623389 -0.9201878100917066 0 0 0 0 1
1685094269.259420872 -0.3688898703734237 -0.9618740964464726 0 0 0 0 1
1685094269.292754173 -0.33620402069485306 -0.9586204116152418 0 0 0 0 1
1685094269.326087713 -0.32843884604352735 -0.9613504761864919 0 0 0 0 1
1685094269.359421015 -0.31254495670698346 -0.953019179432591 0 0 0 0 1
1685094269.392754316 -0.31994432465850775 -0.9366706144263949 0 0 0 0 1
1685094269.426087618 -0.3366929787096686 -0.9431133476444017 0 0 0 0 1
1685094269.459420919 -0.36267850094975573 -0.9546114621833248 0 0 0 0 1
1685094269.492754221 -0.37918479957201484 -0.9838425710468026 0 0 0 0 1
1685094269.526087523 -0.3961937101221304 -1.012784108350371 0 0 0 0 1
1685094269.559421062 -0.41340575114659683 -1.0418167761172967 0 0 0 0 1
1685094269.592754364 -0.4299410249340682 -1.0703314807356232 0 0 0 0 1
1685094269.626087666 -0.44610407906454475 -1.0990248955859099 0 0 0 0 1
1685094269.659420967 -0.462200021321994 -1.1277560114264098 0 0 0 0 1
1685094269.692754269 -0.47822876376780216 -1.1565246712874693 0 0 0 0 1
1685094269.726087570 -0.49419021883049524 -1.185330717994315 0 0 0 0 1
1685094269.759420872 -0.5104219757264576 -1.2138872934394656 0 0 0 0 1
1685094269.792754173 -0.5225366426247774 -1.2368241383462604 0 0 0 0 1
1685094269.826087713 -0.5319724673122738 -1.2609866965883516 0 0 0 0 1
1685094269.859421015 -0.5386077469597788 -1.2860633206102376 0 0 0 0 1
1685094269.892754316 -0.5384550812257245 -1.293711401326212 0 0 0 0 1
1685094269.926087618 -0.5495348638644748 -1.3253567972283213 0 0 0 0 1
1685094269.959420919 -0.5655780482706684 -1.3547984157169857 0 0 0 0 1
1685094269.992754221 -0.5799801552928813 -1.382073035872344 0 0 0 0 1
1685094270.026087523 -0.5952094316066762 -1.4098673519586813 0 0 0 0 1
1685094270.059421062 -0.6106791618281643 -1.4375285578366528 0 0 0 0 1
1685094270.092754364 -0.6052267832971213 -1.4391850152608472 0 0 0 0 1
1685094270.126087666 -0.6290752134685327 -1.426232609531849 0 0 0 0 1
1685094270.159420967 -0.6177408119036578 -1.4405725537372445 0 0 0 0 1
1685094270.192754269 -0.5923099078972875 -1.4210977046843645 0 0 0 0 1
1685094270.226087570 -0.5670153924637434 -1.401529497193937 0 0 0 0 1
1685094270.259420872 -0.54167855351881 -1.3820161210717805 0 0 0 0 1
1685094270.292754173 -0.5425683900855619 -1.3853974838575276 0 0 0 0 1
1685094270.326087713 -0.5280002588080449 -1.402528737084625 0 0 0 0 1
1685094270.359421015 -0.5094603075161215 -1.4095398773026981 0 0 0 0 1
1685094270.392754316 -0.4896703806124673 -1.410655526984449 0 0 0 0 1
1685094270.426087618 -0.4704599031074912 -1.4057725529833738 0 0 0 0 1
1685094270.459420919 -0.4536047344159653 -1.3953423483140217 0 0 0 0 1
1685094270.492754221 -0.42380168001802543 -1.3837457320091444 0 0 0 0 1
1685094270.526087523 -0.41348099506979985 -1.3761419736335754 0 0 0 0 1
1685094270.559421062 -0.40686979612541135 -1.3824146172447913 0 0 0 0 1
1685094270.592754364 -0.3999184622536963 -1.3883080853883858 0 0 0 0 1
1685094270.626087666 -0.4254174601719706 -1.4033588282657847 0 0 0 0 1
1685094270.659420967 -0.45725358487186835 -1.4063452721728678 0 0 0 0 1
1685094270.692754269 -0.48982364077929635 -1.4090359606013967 0 0 0 0 1
1685094270.726087570 -0.5223860120503692 -1.4118181042420497 0 0 0 0 1
1685094270.759420872 -0.5354362329409486 -1.4250033446859356 0 0 0 0 1
1685094270.792754173 -0.5359670256723792 -1.4569946397863807 0 0 0 0 1
1685094270.826087713 -0.536036687323537 -1.4889902621491649 0 0 0 0 1
1685094270.859421015 -0.5364026584713918 -1.520477368176002 0 0 0 0 1
1685094270.892754316 -0.5264019267297898 -1.5548667636982831 0 0 0 0 1
1685094270.926087618 -0.5225343576842076 -1.5856182676861328 0 0 0 0 1
1685094270.959420919 -0.5185368747568612 -1.6163531536967015 0 0 0 0 1
1685094270.992754221 -0.5152069405255033 -1.6454270136725824 0 0 0 0 1
1685094271.026087523 -0.5129160794359785 -1.67460114178896 0 0 0 0 1
