1685094154.391703606 -2.9611412620290026e-19 -2.598459461988201e-19 0 0 0 0 1
1685094154.425036907 0.00033704357549119114 -0.01652162799607471 0 0 0 0 1
1685094154.458370209 0.00114733667013088 -0.033757638051155496 0 0 0 0 1
1685094154.491703749 0.0023539174022271896 -0.05179410321934064 0 0 0 0 1
1685094154.525037050 0.0038148341332220853 -0.0702072059199078 0 0 0 0 1
1685094154.558370352 0.005537784172856166 -0.08919529969926869 0 0 0 0 1
1685094154.591703653 0.007211842199419891 -0.10835972936714805 0 0 0 0 1
1685094154.625036955 0.008708977706835284 -0.12795056842430755 0 0 0 0 1
1685094154.658370256 0.010019024309383956 -0.14818121968683154 0 0 0 0 1
1685094154.691703558 0.01138456304592971 -0.16840820108707275 0 0 0 0 1
1685094154.725036860 0.012578845859096908 -0.18976219769593047 0 0 0 0 1
1685094154.758370399 0.013500325006722531 -0.21161305068460656 0 0 0 0 1
1685094154.791703701 0.014041317872121695 -0.23375880103229207 0 0 0 0 1
1685094154.825037003 0.01447092381084745 -0.256221439201556 0 0 0 0 1
1685094154.858370304 0.01508775202428312 -0.2794189655509065 0 0 0 0 1
1685094154.891703606 0.01608388059359234 -0.303040907567562 0 0 0 0 1
1685094154.925036907 0.017488280881844353 -0.3330515850563099 0 0 0 0 1
1685094154.958370209 0.018860447061557956 -0.36306375364637566 0 0 0 0 1
1685094154.991703749 0.020200377549792117 -0.3930773787155002 0 0 0 0 1
1685094155.025037050 0.02177640625320979 -0.4193104576947479 0 0 0 0 1
1685094155.058370352 0.02340057838785041 -0.4455405999757669 0 0 0 0 1
1685094155.091703653 0.02507288848285079 -0.4717677172049174 0 0 0 0 1
1685094155.125036955 0.02396003879669446 -0.5035503522000593 0 0 0 0 1
1685094155.158370256 0.030483293401273474 -0.5346762493119859 0 0 0 0 1
1685094155.191703558 0.043533894315258934 -0.5577872885815792 0 0 0 0 1
1685094155.225036860 0.0567511017203613 -0.5811125600562406 0 0 0 0 1
1685094155.258370399 0.0699995469291833 -0.6044201030521247 0 0 0 0 1
1685094155.291703701 0.0644258695303573 -0.6174762498854275 0 0 0 0 1
1685094155.325037003 0.05049235186970009 -0.6201939576473291 0 0 0 0 1
1685094155.358370304 0.023280361747273683 -0.6241340392153233 0 0 0 0 1
1685094155.391703606 -0.004024936497560305 -0.6280615098282265 0 0 0 0 1
1685094155.425036907 -0.03134960431729242 -0.631851874744148 0 0 0 0 1
1685094155.458370209 -0.05869295327954548 -0.6355050384665953 0 0 0 0 1
1685094155.491703749 -0.08605429448127958 -0.6390209089557971 0 0 0 0 1
1685094155.525037050 -0.11343293856614861 -0.6423993976310213 0 0 0 0 1
1685094155.558370352 -0.14082819574186836 -0.6456404193728069 0 0 0 0 1
1685094155.591703653 -0.16965147411136064 -0.6490287284813432 0 0 0 0 1
1685094155.625036955 -0.1984646622090981 -0.6525017971856206 0 0 0 0 1
1685094155.658370256 -0.22726751078608068 -0.656059595441796 0 0 0 0 1
1685094155.691703558 -0.25605977068275043 -0.659702092473072 0 0 0 0 1
1685094155.725036860 -0.28526478845720676 -0.6637417424415034 0 0 0 0 1
1685094155.758370399 -0.3140492296981483 -0.6678605140454817 0 0 0 0 1
1685094155.791703701 -0.34280467106180773 -0.6721771017093783 0 0 0 0 1
1685094155.825037003 -0.38533681786618434 -0.6476048355680242 0 0 0 0 1
1685094155.858370304 -0.39248021521672555 -0.5990069791399587 0 0 0 0 1
1685094155.891703606 -0.39006197535465376 -0.5694079475769478 0 0 0 0 1
1685094155.925036907 -0.387446511887792 -0.5398577192056941 0 0 0 0 1
1685094155.958370209 -0.3845476347471282 -0.5102023199424084 0 0 0 0 1
1685094155.991703749 -0.3853673995820194 -0.48955999906487196 0 0 0 0 1
1685094156.025037050 -0.3930799828695953 -0.47039509664853 0 0 0 0 1
1685094156.058370352 -0.4067873359641998 -0.454939162618665 0 0 0 0 1
1685094156.091703653 -0.4248933827622573 -0.44499187681085517 0 0 0 0 1
1685094156.125036955 -0.45358915011709805 -0.43635156910313716 0 0 0 0 1
1685094156.158370256 -0.48227431835943785 -0.42767613803166543 0 0 0 0 1
1685094156.191703558 -0.5109488444986097 -0.4189655965983706 0 0 0 0 1
1685094156.225036860 -0.539612685559896 -0.4102199578578036 0 0 0 0 1
1685094156.258370399 -0.5685039237415526 -0.401983921088059 0 0 0 0 1
1685094156.291703701 -0.6014951813310457 -0.39500557918629425 0 0 0 0 1
1685094156.325037003 -0.6311907808894716 -0.3937592617849857 0 0 0 0 1
1685094156.358370304 -0.6608981406172785 -0.3928347520760806 0 0 0 0 1
1685094156.391703606 -0.6906137732251311 -0.3922321585859803 0 0 0 0 1
1685094156.425036907 -0.7203341904525566 -0.3919515520519659 0 0 0 0 1
1685094156.458370209 -0.7500559034774251 -0.39199296541389406 0 0 0 0 1
1685094156.491703749 -0.7797754233254955 -0.39235639381033055 0 0 0 0 1
1685094156.525037050 -0.8094892612799794 -0.39304179457912086 0 0 0 0 1
1685094156.558370352 -0.839193929291075 -0.39404908726239823 0 0 0 0 1
1685094156.591703653 -0.8688859403854222 -0.3953781536160284 0 0 0 0 1
1685094156.625036955 -0.8983275439188041 -0.3966586749569653 0 0 0 0 1
1685094156.658370256 -0.9275026316722692 -0.3981858021776125 0 0 0 0 1
1685094156.691703558 -0.9565104324848329 -0.4000556950438408 0 0 0 0 1
1685094156.725036860 -0.9855110101654374 -0.402034457663202 0 0 0 0 1
1685094156.758370399 -0.9887423459321936 -0.4143733635693301 0 0 0 0 1
1685094156.791703701 -0.9998068587428832 -0.4399357232582879 0 0 0 0 1
1685094156.825037003 -0.9871026198736088 -0.46350866648698297 0 0 0 0 1
1685094156.858370304 -0.978351618741253 -0.47778310872928126 0 0 0 0 1
1685094156.891703606 -0.9818392437842324 -0.5050004024611857 0 0 0 0 1
1685094156.925036907 -0.9883934447249062 -0.5257607545676644 0 0 0 0 1
1685094156.958370209 -0.9919941938698982 -0.54723130125727 0 0 0 0 1
1685094156.991703749 -0.9925713887978881 -0.56899403581823 0 0 0 0 1
1685094157.025037050 -0.9859146418532824 -0.5940150016483658 0 0 0 0 1
1685094157.058370352 -0.9795808897280865 -0.6187302561523564 0 0 0 0 1
1685094157.091703653 -0.9732321236526377 -0.6429672135127543 0 0 0 0 1
1685094157.125036955 -0.9668706408383867 -0.666944723562945 0 0 0 0 1
1685094157.158370256 -0.9607039193364809 -0.6907576150432415 0 0 0 0 1
1685094157.191703558 -0.9545566740971677 -0.7137194956312207 0 0 0 0 1
