1685094255.303660154 -2.308375021398018e-20 -1.6773904452404477e-19 0 0 0 0 1
1685094255.336993456 0.00028017130760699333 -0.014847387066689473 0 0 0 0 1
1685094255.370326996 0.0005619234822382298 -0.030922242749111654 0 0 0 0 1
1685094255.403660297 0.0006249847455353086 -0.04837717586477336 0 0 0 0 1
1685094255.436993599 0.0007283146158785952 -0.06705211521132672 0 0 0 0 1
1685094255.470326900 0.00020765492327979234 -0.0868142969243678 0 0 0 0 1
1685094255.503660202 -0.000402637466522387 -0.10750235301434331 0 0 0 0 1
1685094255.536993504 -0.0010993870137528728 -0.12927691611369418 0 0 0 0 1
1685094255.570326805 -0.0018223809062993116 -0.1520818924944441 0 0 0 0 1
1685094255.603660107 -0.0025881631624973633 -0.17488547215710482 0 0 0 0 1
1685094255.636993647 -0.002965468550415193 -0.198737115249096 0 0 0 0 1
1685094255.670326948 -0.0031962498819168433 -0.22325263466111245 0 0 0 0 1
1685094255.703660250 -0.0036150200532409095 -0.24804053149115576 0 0 0 0 1
1685094255.736993551 -0.004029905996803189 -0.2734947017401921 0 0 0 0 1
1685094255.770326853 -0.004140830859108485 -0.29921317376249285 0 0 0 0 1
1685094255.803660154 -0.004240751295256769 -0.32493169089302326 0 0 0 0 1
1685094255.836993456 -0.004406297484674177 -0.3509283521183676 0 0 0 0 1
1685094255.870326996 -0.004598141528532203 -0.3769248325776334 0 0 0 0 1
1685094255.903660297 -0.005296975936261776 -0.4030619602366468 0 0 0 0 1
1685094255.936993599 -0.005801607001574982 -0.4300540513263751 0 0 0 0 1
1685094255.970326900 -0.0053146202937608385 -0.4550155731790449 0 0 0 0 1
1685094256.003660202 -0.005248914496251716 -0.4830961638386837 0 0 0 0 1
1685094256.036993504 -0.005093063747077463 -0.5111763988731346 0 0 0 0 1
1685094256.070326805 -0.004847069652378893 -0.5392559888977662 0 0 0 0 1
1685094256.103660107 -0.012180128328568138 -0.5785189119254687 0 0 0 0 1
1685094256.136993647 -0.030676259111905628 -0.6139200986326031 0 0 0 0 1
1685094256.170326948 -0.034815233211696286 -0.610611330767922 0 0 0 0 1
1685094256.203660250 -0.055180698787903895 -0.632871555155871 0 0 0 0 1
1685094256.236993551 -0.07559037380614256 -0.655091252354245 0 0 0 0 1
1685094256.270326853 -0.09604417761765244 -0.6772703345619878 0 0 0 0 1
1685094256.303660154 -0.11989139035608179 -0.6692885508013056 0 0 0 0 1
1685094256.336993456 -0.11635843622911685 -0.6941866764843959 0 0 0 0 1
1685094256.370326996 -0.09567304165378103 -0.6798858765537323 0 0 0 0 1
1685094256.403660297 -0.11771839473318872 -0.6677862552787316 0 0 0 0 1
1685094256.436993599 -0.11867429515905993 -0.6929156142393184 0 0 0 0 1
1685094256.470326900 -0.09577345875889236 -0.6825257095445215 0 0 0 0 1
1685094256.503660202 -0.11531266749037904 -0.6666947983407533 0 0 0 0 1
1685094256.536993504 -0.12072688424038891 -0.6912525809030717 0 0 0 0 1
1685094256.570326805 -0.09634222089955728 -0.6851054985749666 0 0 0 0 1
1685094256.603660107 -0.11275106459165897 -0.6660490488509918 0 0 0 0 1
1685094256.636993647 -0.10015030663106918 -0.6817135584104681 0 0 0 0 1
1685094256.670326948 -0.1012298279994717 -0.7070851197028398 0 0 0 0 1
1685094256.703660250 -0.10466724156697461 -0.7322459161282983 0 0 0 0 1
1685094256.736993551 -0.11043267590417502 -0.7569772981297321 0 0 0 0 1
1685094256.770326853 -0.11847602887427783 -0.7810643477995391 0 0 0 0 1
1685094256.803660154 -0.1287274030251172 -0.8042977465353444 0 0 0 0 1
1685094256.836993456 -0.14109771300422808 -0.8264755940372577 0 0 0 0 1
1685094256.870326996 -0.15547945971847668 -0.8474051628394241 0 0 0 0 1
1685094256.903660297 -0.1669283867444724 -0.8786768159995085 0 0 0 0 1
1685094256.936993599 -0.17825971519558217 -0.9099912729953479 0 0 0 0 1
1685094256.970326900 -0.18947328504693578 -0.9413480915935413 0 0 0 0 1
1685094257.003660202 -0.20089225770085548 -0.9721833303801632 0 0 0 0 1
1685094257.036993504 -0.21225620338020496 -1.00303889107991 0 0 0 0 1
1685094257.070326805 -0.22348099222003975 -1.03433762172269 0 0 0 0 1
1685094257.103660107 -0.23471916857174357 -1.0656315479167005 0 0 0 0 1
1685094257.136993647 -0.24597073037891104 -1.0969206639356561 0 0 0 0 1
1685094257.170326948 -0.2572356755826871 -1.1282049640541518 0 0 0 0 1
1685094257.203660250 -0.26851400212176785 -1.159484442547663 0 0 0 0 1
1685094257.236993551 -0.279805707932401 -1.1907590936925487 0 0 0 0 1
1685094257.270326853 -0.2911107909483857 -1.22202891176605 0 0 0 0 1
1685094257.303660154 -0.30242924910107366 -1.2532938910462934 0 0 0 0 1
1685094257.336993456 -0.3137610803193688 -1.2845540258122894 0 0 0 0 1
1685094257.370326996 -0.32510628252972845 -1.315809310343937 0 0 0 0 1
1685094257.403660297 -0.3364648536561628 -1.347059738922021 0 0 0 0 1
1685094257.436993599 -0.34783679162023584 -1.3783053058282149 0 0 0 0 1
1685094257.470326900 -0.3592220943410659 -1.4095460053450828 0 0 0 0 1
1685094257.503660202 -0.36967337902528646 -1.438830908521498 0 0 0 0 1
1685094257.536993504 -0.38011966785177154 -1.4681175941543296 0 0 0 0 1
1685094257.570326805 -0.39078624326298506 -1.497571765162907 0 0 0 0 1
1685094257.603660107 -0.40162403212696607 -1.5269633686126236 0 0 0 0 1
1685094257.636993647 -0.412632667463875 -1.5562914092704065 0 0 0 0 1
1685094257.670326948 -0.4236202886080329 -1.5848156704489855 0 0 0 0 1
1685094257.703660250 -0.4346838330048672 -1.6133105696341132 0 0 0 0 1
1685094257.736993551 -0.44546323856153464 -1.6408923373999387 0 0 0 0 1
1685094257.770326853 -0.4529004666366001 -1.6646282274549262 0 0 0 0 1
1685094257.803660154 -0.45690917499379957 -1.6891768546151145 0 0 0 0 1
1685094257.836993456 -0.45930707935166387 -1.7168796551088967 0 0 0 0 1
1685094257.870326996 -0.46136686261436005 -1.7442882797205934 0 0 0 0 1
1685094257.903660297 -0.4634473075732935 -1.770752247428331 0 0 0 0 1
