1685094222.798497915 -1.5514458756075525e-19 -4.343535303682089e-19 0 0 0 0 1
1685094222.831831455 0.000426783408892625 -0.014587621473311526 0 0 0 0 1
1685094222.865164757 0.001107198254924108 -0.030406086182929146 0 0 0 0 1
1685094222.898498058 0.0017135847469808162 -0.04716830901903425 0 0 0 0 1
1685094222.931831360 0.0022856839515769 -0.06482205195512716 0 0 0 0 1
1685094222.965164661 0.002811844716462091 -0.08307587460194275 0 0 0 0 1
1685094222.998497963 0.0033399792937306196 -0.10211115888543874 0 0 0 0 1
1685094223.031831264 0.004208603985460878 -0.12174680982075334 0 0 0 0 1
1685094223.065164566 0.01338216604333888 -0.14425391096486898 0 0 0 0 1
1685094223.098498106 0.017317042550407637 -0.16508027509554796 0 0 0 0 1
1685094223.131831408 0.021553333137044262 -0.18655485295142754 0 0 0 0 1
1685094223.165164709 0.026158789622528263 -0.20845710058963826 0 0 0 0 1
1685094223.198498011 0.03072868353989986 -0.23042638986956376 0 0 0 0 1
1685094223.231831312 0.035630813107979935 -0.25302137225716337 0 0 0 0 1
1685094223.265164614 0.04071017083645709 -0.27663928128880383 0 0 0 0 1
1685094223.298497915 0.04564622263371104 -0.3005431207101029 0 0 0 0 1
1685094223.331831455 0.05025925090325461 -0.32467119974855113 0 0 0 0 1
1685094223.365164757 0.05484489203674604 -0.3488044988039237 0 0 0 0 1
1685094223.398498058 0.059403140127365604 -0.3729429867898266 0 0 0 0 1
1685094223.431831360 0.0639339893035789 -0.3970866326131819 0 0 0 0 1
1685094223.465164661 0.0682804803272607 -0.4228182687043017 0 0 0 0 1
1685094223.498497963 0.07287628320503849 -0.4489329749109902 0 0 0 0 1
1685094223.531831264 0.07757598829031268 -0.47553724386831253 0 0 0 0 1
1685094223.565164566 0.08258822270422979 -0.5027997585514693 0 0 0 0 1
1685094223.598498106 0.08332102659006477 -0.5248733680294015 0 0 0 0 1
1685094223.631831408 0.0896792518914731 -0.5460241176127116 0 0 0 0 1
1685094223.665164709 0.10123929994581854 -0.5648428988139633 0 0 0 0 1
1685094223.698498011 0.11723101545603289 -0.580075963901454 0 0 0 0 1
1685094223.731831312 0.1365889958951113 -0.5907084532731681 0 0 0 0 1
1685094223.765164614 0.16522782534950303 -0.5931166087257506 0 0 0 0 1
1685094223.798497915 0.18997069577349174 -0.596694278482368 0 0 0 0 1
1685094223.831831455 0.1733081227939095 -0.5780564669314964 0 0 0 0 1
1685094223.865164757 0.17410311940492618 -0.6030440105901712 0 0 0 0 1
1685094223.898498058 0.18954724204251722 -0.5833847015061582 0 0 0 0 1
1685094223.931831360 0.16508183445269095 -0.588527967897216 0 0 0 0 1
1685094223.965164661 0.18713458140131553 -0.6003044576002489 0 0 0 0 1
1685094223.998497963 0.17409190174707365 -0.5730045301608102 0 0 0 0 1
1685094224.031831264 0.16111207885526 -0.5456746613638521 0 0 0 0 1
1685094224.065164566 0.1481951814600993 -0.5183149959337947 0 0 0 0 1
1685094224.098498106 0.13534127796259612 -0.49092567875284504 0 0 0 0 1
1685094224.131831408 0.1225504364301732 -0.46350685486023 0 0 0 0 1
1685094224.165164709 0.10982272459631048 -0.43605866945142857 0 0 0 0 1
1685094224.198498011 0.09715820986018676 -0.4085812678774024 0 0 0 0 1
1685094224.231831312 0.08455695928632274 -0.38107479564382646 0 0 0 0 1
1685094224.265164614 0.07201903960422573 -0.35353939841031856 0 0 0 0 1
1685094224.298497915 0.07394324110067284 -0.3377680588323446 0 0 0 0 1
1685094224.331831455 0.06568491367014498 -0.3513414788705254 0 0 0 0 1
1685094224.365164757 0.07835124233529643 -0.32256862091934113 0 0 0 0 1
1685094224.398498058 0.09055134128874918 -0.293776706790499 0 0 0 0 1
1685094224.431831360 0.10020029494177933 -0.30797708140325514 0 0 0 0 1
1685094224.465164661 0.11003574334940062 -0.2850940423303083 0 0 0 0 1
1685094224.498497963 0.12380774663740124 -0.25743036380275885 0 0 0 0 1
1685094224.531831264 0.1375567547657189 -0.22975524935443634 0 0 0 0 1
1685094224.565164566 0.1512827582382646 -0.202068718099836 0 0 0 0 1
1685094224.598498106 0.16498574757483794 -0.17437078916133858 0 0 0 0 1
1685094224.631831408 0.17866571331113384 -0.1466614816691968 0 0 0 0 1
1685094224.665164709 0.199047607665903 -0.11957381626170542 0 0 0 0 1
1685094224.698498011 0.23294644483054813 -0.11975290730571617 0 0 0 0 1
1685094224.731831312 0.25557506010962294 -0.14108611230104529 0 0 0 0 1
1685094224.765164614 0.27816716064447283 -0.16245798302506806 0 0 0 0 1
1685094224.798497915 0.3007226803666935 -0.18386845697782359 0 0 0 0 1
1685094224.831831455 0.32335302060161875 -0.20498592493070994 0 0 0 0 1
1685094224.865164757 0.3457528488168869 -0.22604621234435032 0 0 0 0 1
1685094224.898498058 0.3682658322547138 -0.24698549568325157 0 0 0 0 1
1685094224.931831360 0.3910270096816847 -0.2675503935336093 0 0 0 0 1
1685094224.965164661 0.4132792795398999 -0.2878309655934321 0 0 0 0 1
1685094224.998497963 0.435417043961399 -0.3074935649138467 0 0 0 0 1
1685094225.031831264 0.4578796169135806 -0.3267842684257685 0 0 0 0 1
1685094225.065164566 0.4806607516255765 -0.34569771144524164 0 0 0 0 1
1685094225.098498106 0.5035756955697726 -0.3641236171392818 0 0 0 0 1
1685094225.131831408 0.5261515115272987 -0.3824572117816046 0 0 0 0 1
1685094225.165164709 0.5486720983385562 -0.4008586065204198 0 0 0 0 1
1685094225.198498011 0.5711372523858421 -0.4193276349813001 0 0 0 0 1
1685094225.231831312 0.5932690129101728 -0.4377308159486997 0 0 0 0 1
1685094225.265164614 0.6148148826313531 -0.45580479090591286 0 0 0 0 1
1685094225.298497915 0.6367527051628966 -0.47353380692191227 0 0 0 0 1
1685094225.331831455 0.658350159292831 -0.4912345313357378 0 0 0 0 1
1685094225.365164757 0.6848518753035794 -0.5129478577974314 0 0 0 0 1
1685094225.398498058 0.711349901255417 -0.5346656872976872 0 0 0 0 1
1685094225.431831360 0.731836421476258 -0.5510672128645003 0 0 0 0 1
1685094225.465164661 0.7519931051721704 -0.5667517188649975 0 0 0 0 1
1685094225.498497963 0.7714979151649752 -0.5798676225202574 0 0 0 0 1
1685094225.531831264 0.7877130940983175 -0.5969213180386443 0 0 0 0 1
