1685094130.484133482 9.436403173962388e-21 -5.729370881455613e-20 0 0 0 0 1
1685094130.517466784 -0.002200401703757912 -0.008756584000715136 0 0 0 0 1
1685094130.550800085 -0.005761681531213726 -0.011784103857874303 0 0 0 0 1
1685094130.584133387 -0.005778555604909142 -0.02412014388723921 0 0 0 0 1
1685094130.617466688 -0.0052020195647213266 -0.03088209503246554 0 0 0 0 1
1685094130.650800228 -0.00226536487829791 -0.0375480554933838 0 0 0 0 1
1685094130.684133530 -0.000973141175917276 -0.04890751230111402 0 0 0 0 1
1685094130.717466831 0.00389472138822781 -0.06056582816180873 0 0 0 0 1
1685094130.750800133 0.004761078568015867 -0.07206719210577411 0 0 0 0 1
1685094130.784133434 0.010080519428819632 -0.08259678607735615 0 0 0 0 1
1685094130.817466736 0.01150232328653699 -0.08582489414654082 0 0 0 0 1
1685094130.850800037 0.01811151427308519 -0.0943347541530285 0 0 0 0 1
1685094130.884133339 0.018030342830084447 -0.10876670562300048 0 0 0 0 1
1685094130.917466879 0.017888469402712794 -0.12752174566346727 0 0 0 0 1
1685094130.950800180 0.017182061300613102 -0.13143868253246593 0 0 0 0 1
1685094130.984133482 0.01067991362458744 -0.1467307667787455 0 0 0 0 1
1685094131.017466784 0.00411140991799029 -0.16247588820327968 0 0 0 0 1
1685094131.050800085 -0.001376290751056276 -0.17916948114252404 0 0 0 0 1
1685094131.084133387 -0.0013987057641295457 -0.18533865788705142 0 0 0 0 1
1685094131.117466688 -0.00011558962331805023 -0.19993725516299493 0 0 0 0 1
1685094131.150800228 0.00941069882917628 -0.21041806170593771 0 0 0 0 1
1685094131.184133530 0.008963886108522813 -0.22266255308828528 0 0 0 0 1
1685094131.217466831 0.011387232322035312 -0.2330230509212408 0 0 0 0 1
1685094131.250800133 0.015073464981975083 -0.24933664337247952 0 0 0 0 1
1685094131.284133434 0.017845380568009092 -0.267735364268534 0 0 0 0 1
1685094131.317466736 0.025642550292521687 -0.2816067886853027 0 0 0 0 1
1685094131.350800037 0.029034694736546532 -0.2951234239025428 0 0 0 0 1
1685094131.384133339 0.031170384009024943 -0.3139544804216976 0 0 0 0 1
1685094131.417466879 0.035868903928002724 -0.3305005028379857 0 0 0 0 1
1685094131.450800180 0.03871067503689386 -0.3451648442209425 0 0 0 0 1
1685094131.484133482 0.04487838408432423 -0.3625964763931158 0 0 0 0 1
1685094131.517466784 0.044387156899901775 -0.3757894991815989 0 0 0 0 1
1685094131.550800085 0.04586245019172012 -0.38961350692415425 0 0 0 0 1
1685094131.584133387 0.05561106295212253 -0.40926568375314404 0 0 0 0 1
1685094131.617466688 0.059328899117378674 -0.4223404781874201 0 0 0 0 1
1685094131.650800228 0.06309597911030473 -0.44103402360733407 0 0 0 0 1
1685094131.684133530 0.06823942432350917 -0.45910277388362003 0 0 0 0 1
1685094131.717466831 0.07241411273145949 -0.46891434863607134 0 0 0 0 1
