1685094131.755831480 8.047048373462679e-20 7.75189497254888e-18 0 0 0 0 1
1685094131.789164782 -0.0005600489993657092 -0.007813003433988906 0 0 0 0 1
1685094131.822498083 0.00046732294491911674 -0.016451074685207484 0 0 0 0 1
1685094131.855831385 0.0009265209877330248 -0.026996148245379614 0 0 0 0 1
1685094131.889164686 0.0010829757766876817 -0.03430324416782246 0 0 0 0 1
1685094131.922498226 0.0008267552334276959 -0.043326053297678184 0 0 0 0 1
1685094131.955831528 0.0015753010326362892 -0.05218373349247762 0 0 0 0 1
1685094131.989164829 0.0015460746120310456 -0.06354431776942493 0 0 0 0 1
1685094132.022498131 0.0005090817692332728 -0.07445689867647234 0 0 0 0 1
1685094132.055831432 0.00017682352378251554 -0.08591993130127802 0 0 0 0 1
1685094132.089164734 -0.0021319718617335563 -0.09594884801930567 0 0 0 0 1
1685094132.122498035 -0.002348596634289575 -0.10691371536388651 0 0 0 0 1
1685094132.155831575 -0.0019593664511734707 -0.11938910571378371 0 0 0 0 1
1685094132.189164877 -0.0010002191814064015 -0.1305116979679079 0 0 0 0 1
1685094132.222498178 -0.0015099798606152035 -0.14198259455128198 0 0 0 0 1
1685094132.255831480 -0.002719373541566089 -0.15209096204019326 0 0 0 0 1
1685094132.289164782 -0.000754498715871358 -0.16548898331971226 0 0 0 0 1
1685094132.322498083 -0.00020501787348632062 -0.1744468287088745 0 0 0 0 1
1685094132.355831385 0.0015458809414867155 -0.18404641550488948 0 0 0 0 1
1685094132.389164686 0.0022400377581611856 -0.1969205305513705 0 0 0 0 1
1685094132.422498226 0.003312485410782916 -0.2073549436050141 0 0 0 0 1
1685094132.455831528 0.003217100194259378 -0.21793866634145986 0 0 0 0 1
1685094132.489164829 0.0025725836179850054 -0.23012207825442427 0 0 0 0 1
1685094132.522498131 0.00477698358041233 -0.24166239614287904 0 0 0 0 1
1685094132.555831432 0.007028815559637541 -0.25409016459299966 0 0 0 0 1
1685094132.589164734 0.012226545919050516 -0.2654906057878733 0 0 0 0 1
1685094132.622498035 0.016266390459398983 -0.2749115491290659 0 0 0 0 1
1685094132.655831575 0.019468629745978964 -0.28696487431397566 0 0 0 0 1
1685094132.689164877 0.022509590179662895 -0.3023067186314648 0 0 0 0 1
1685094132.722498178 0.022407706786638455 -0.31247020200331327 0 0 0 0 1
1685094132.755831480 0.023984681683572314 -0.324710932324742 0 0 0 0 1
1685094132.789164782 0.02653446774220254 -0.3347264512641494 0 0 0 0 1
1685094132.822498083 0.03015158262522009 -0.34772360797072827 0 0 0 0 1
1685094132.855831385 0.0332904843609214 -0.3565581117407883 0 0 0 0 1
1685094132.889164686 0.03301921581545708 -0.3673163084493944 0 0 0 0 1
1685094132.922498226 0.03632415976727882 -0.37700412470783246 0 0 0 0 1
1685094132.955831528 0.040484439985276933 -0.38949575901179484 0 0 0 0 1
1685094132.989164829 0.04127282657732652 -0.40161068460955957 0 0 0 0 1
1685094133.022498131 0.04164860332744933 -0.4190246412952549 0 0 0 0 1
1685094133.055831432 0.04229755041117484 -0.4301822924525443 0 0 0 0 1
1685094133.089164734 0.042343236423003375 -0.44389169670423745 0 0 0 0 1
1685094133.122498035 0.04152507662682526 -0.455811324916799 0 0 0 0 1
1685094133.155831575 0.04469827478298218 -0.4674058476988108 0 0 0 0 1
1685094133.189164877 0.04932849480549699 -0.4821607466122395 0 0 0 0 1
1685094133.222498178 0.053666434632321285 -0.4975681926670055 0 0 0 0 1
1685094133.255831480 0.06310117350183159 -0.507775905293371 0 0 0 0 1
1685094133.289164782 0.0695226321080942 -0.5225169129633965 0 0 0 0 1
1685094133.322498083 0.07631286282089193 -0.5331900947757283 0 0 0 0 1
1685094133.355831385 0.07716385731719778 -0.5336143610445016 0 0 0 0 1
