1685094298.407365561 1.3438823850447104e-19 6.517681426837213e-18 0 0 0 0 1
1685094298.440698862 9.76331169558721e-05 -0.01628022724871336 0 0 0 0 1
1685094298.474032164 0.00023247285835210134 -0.03349829605916638 0 0 0 0 1
1685094298.507365704 0.0014993478919677326 -0.04801240303951766 0 0 0 0 1
1685094298.540699005 0.002695738809386544 -0.07205782811909299 0 0 0 0 1
1685094298.574032307 0.001760141112841004 -0.0961867664524183 0 0 0 0 1
1685094298.607365608 0.0002725034030124541 -0.116444124502942 0 0 0 0 1
1685094298.640698910 -0.0010709685453829795 -0.13728348230466864 0 0 0 0 1
1685094298.674032211 -0.00261450380870433 -0.15838322596632023 0 0 0 0 1
1685094298.707365513 -0.0024921085621863485 -0.17225086247398855 0 0 0 0 1
1685094298.740699053 0.00014985536765646482 -0.19358823006263495 0 0 0 0 1
1685094298.774032354 0.0019209247297765223 -0.21126100603356687 0 0 0 0 1
1685094298.807365656 0.003458449305392086 -0.23315163138817474 0 0 0 0 1
1685094298.840698957 0.00517479094768669 -0.2554977304209636 0 0 0 0 1
1685094298.874032259 0.006733083662704986 -0.27834231677255966 0 0 0 0 1
1685094298.907365561 0.008003054643599067 -0.3010783548047514 0 0 0 0 1
1685094298.940698862 0.009434160399853361 -0.3242407037149492 0 0 0 0 1
1685094298.974032164 0.010969069227816368 -0.3483558117983639 0 0 0 0 1
1685094299.007365704 0.016028667835353987 -0.36382688063395185 0 0 0 0 1
1685094299.040699005 0.011341230819291302 -0.3885542846191586 0 0 0 0 1
1685094299.074032307 0.0066709493640957 -0.41328493452482074 0 0 0 0 1
1685094299.107365608 0.0021684826857623967 -0.4387981887368834 0 0 0 0 1
1685094299.140698910 -0.0023131207638200924 -0.4643151160048663 0 0 0 0 1
1685094299.174032211 -0.007029674264575251 -0.48996663633062737 0 0 0 0 1
1685094299.207365513 -0.01179379977971274 -0.51560936395513 0 0 0 0 1
1685094299.240699053 -0.016605480918115107 -0.541243210653797 0 0 0 0 1
1685094299.274032354 -0.021607591989514587 -0.5668512257635623 0 0 0 0 1
1685094299.307365656 -0.009436183624441619 -0.5658968866663167 0 0 0 0 1
1685094299.340698957 -0.03614256985858282 -0.5702831717730303 0 0 0 0 1
1685094299.374032259 -0.06288786314598295 -0.5744256166665025 0 0 0 0 1
1685094299.407365561 -0.09021079828728673 -0.5785626742197142 0 0 0 0 1
1685094299.440698862 -0.11752118959175523 -0.5827817448201298 0 0 0 0 1
1685094299.474032164 -0.14481879088801755 -0.5870827904377415 0 0 0 0 1
1685094299.507365704 -0.17210335611998986 -0.5914657723036322 0 0 0 0 1
1685094299.540699005 -0.19937463934909325 -0.5959306509103249 0 0 0 0 1
1685094299.574032307 -0.22732545979333582 -0.6006903736845836 0 0 0 0 1
1685094299.607365608 -0.25525372299574284 -0.605580715072581 0 0 0 0 1
1685094299.640698910 -0.28315881855826586 -0.610601568191379 0 0 0 0 1
1685094299.674032211 -0.3110401365892066 -0.615752823305584 0 0 0 0 1
1685094299.707365513 -0.3388970677165468 -0.6210343678297466 0 0 0 0 1
1685094299.740699053 -0.36700181813784194 -0.6264607011023506 0 0 0 0 1
1685094299.774032354 -0.3990752822386454 -0.6220343896086978 0 0 0 0 1
1685094299.807365656 -0.37143732110772343 -0.63889981096098 0 0 0 0 1
1685094299.840698957 -0.3900416627310724 -0.6124011731539889 0 0 0 0 1
1685094299.874032259 -0.3835661374891164 -0.6441244596436506 0 0 0 0 1
1685094299.907365561 -0.3769537817411806 -0.6404076260384907 0 0 0 0 1
1685094299.940698862 -0.40254692640422435 -0.6554097691890932 0 0 0 0 1
1685094299.974032164 -0.42826448472726153 -0.6701976205122514 0 0 0 0 1
1685094300.007365704 -0.4541046624830879 -0.6847701483095125 0 0 0 0 1
1685094300.040699005 -0.47959883782263074 -0.6985192490956879 0 0 0 0 1
1685094300.074032307 -0.5051855583767986 -0.7120953486811611 0 0 0 0 1
1685094300.107365608 -0.5308636501921882 -0.7254978241760905 0 0 0 0 1
1685094300.140698910 -0.5566319351231589 -0.7387260606567433 0 0 0 0 1
1685094300.174032211 -0.5824892308858878 -0.7517794511937083 0 0 0 0 1
1685094300.207365513 -0.6084343511126143 -0.7646573968797431 0 0 0 0 1
1685094300.240699053 -0.6358717302048726 -0.7795119381109629 0 0 0 0 1
1685094300.274032354 -0.66342213666927 -0.79415578563437 0 0 0 0 1
1685094300.307365656 -0.6902527061487763 -0.8080478578679234 0 0 0 0 1
1685094300.340698957 -0.7207078234934684 -0.8212992963774195 0 0 0 0 1
1685094300.374032259 -0.7539184555298669 -0.8217100454405285 0 0 0 0 1
1685094300.407365561 -0.7846919944421873 -0.8092158828890881 0 0 0 0 1
1685094300.440698862 -0.8082168811339225 -0.7857703182511672 0 0 0 0 1
1685094300.474032164 -0.8207845458682462 -0.7592023385106258 0 0 0 0 1
1685094300.507365704 -0.8332696641425152 -0.7320501248745263 0 0 0 0 1
1685094300.540699005 -0.8455904211361409 -0.705625017691461 0 0 0 0 1
1685094300.574032307 -0.857811314714268 -0.6791535783145677 0 0 0 0 1
1685094300.607365608 -0.8703471309688152 -0.6524089680204027 0 0 0 0 1
1685094300.640698910 -0.8822584694226919 -0.6255295579317907 0 0 0 0 1
1685094300.674032211 -0.8940882336896041 -0.5991255579697099 0 0 0 0 1
1685094300.707365513 -0.905906586726987 -0.5727164484032733 0 0 0 0 1
1685094300.740699053 -0.917713526327861 -0.5463022341641636 0 0 0 0 1
1685094300.774032354 -0.9295090502873776 -0.5198829201850168 0 0 0 0 1
1685094300.807365656 -0.9355045717401571 -0.4994335746712922 0 0 0 0 1
1685094300.840698957 -0.9512858949708807 -0.47621508391542144 0 0 0 0 1
1685094300.874032259 -0.9679277432959709 -0.4527994998225285 0 0 0 0 1
1685094300.907365561 -0.9847030620896114 -0.429479350306319 0 0 0 0 1
1685094300.940698862 -1.0016113040845356 -0.40625539614843 0 0 0 0 1
1685094300.974032164 -1.0186519176770743 -0.38312839499228296 0 0 0 0 1
1685094301.007365704 -1.0355907512426539 -0.36085389232171555 0 0 0 0 1
1685094301.040699005 -1.0522855107414681 -0.3387104203715531 0 0 0 0 1
1685094301.074032307 -1.068213556257379 -0.3172200206083603 0 0 0 0 1
1685094301.107365608 -1.084611988054916 -0.2959943806138639 0 0 0 0 1
1685094301.140698910 -1.100188677575748 -0.2752260023249691 0 0 0 0 1
1685094301.174032211 -1.115118157388771 -0.2548939415212891 0 0 0 0 1
1685094301.207365513 -1.129403068778872 -0.23504942854043925 0 0 0 0 1
1685094301.240699053 -1.1432969328339602 -0.2158074340498005 0 0 0 0 1
