1685094378.333794832 3.4282306371507514e-20 -2.8329675822338047e-19 0 0 0 0 1
1685094378.367128134 -0.0019947098926467806 -0.011280761446772331 0 0 0 0 1
1685094378.400461435 -0.001957285309879011 -0.026645569414432496 0 0 0 0 1
1685094378.433794737 -0.002006183586740174 -0.042472964060297845 0 0 0 0 1
1685094378.467128038 -0.003300133402958338 -0.05626604505851308 0 0 0 0 1
1685094378.500461340 -0.005574433795060854 -0.07259886637162478 0 0 0 0 1
1685094378.533794641 -0.007993934256501724 -0.08933788075508142 0 0 0 0 1
1685094378.567127943 -0.010340167986625067 -0.1065739312892752 0 0 0 0 1
1685094378.600461483 -0.012763413392721988 -0.12411876642038157 0 0 0 0 1
1685094378.633794785 -0.01526951322250637 -0.14181904503238493 0 0 0 0 1
1685094378.667128086 -0.0176738061486029 -0.15976536072645423 0 0 0 0 1
1685094378.700461388 -0.02028400957859968 -0.17800460438682394 0 0 0 0 1
1685094378.733794689 -0.02560709859531138 -0.19684864137882677 0 0 0 0 1
1685094378.767127991 -0.02831216886751451 -0.21562136917705887 0 0 0 0 1
1685094378.800461292 -0.030943764833250793 -0.2348173038031261 0 0 0 0 1
1685094378.833794832 -0.03378371642115848 -0.25433290836947925 0 0 0 0 1
1685094378.867128134 -0.03661544109053882 -0.27396179833951206 0 0 0 0 1
1685094378.900461435 -0.039499466160132383 -0.29376926235932155 0 0 0 0 1
1685094378.933794737 -0.04231600392608127 -0.31414028323458804 0 0 0 0 1
1685094378.967128038 -0.045003921288952316 -0.3352817816370603 0 0 0 0 1
1685094379.000461340 -0.04765609695997342 -0.3569259802962775 0 0 0 0 1
1685094379.033794641 -0.05026020558138115 -0.37880409032752 0 0 0 0 1
1685094379.067127943 -0.05296249294659044 -0.40129008142595174 0 0 0 0 1
1685094379.100461483 -0.05556501207275367 -0.42403745024786804 0 0 0 0 1
1685094379.133794785 -0.059777191283368024 -0.4506264247593179 0 0 0 0 1
1685094379.167128086 -0.06545222305864076 -0.473821453138654 0 0 0 0 1
1685094379.200461388 -0.07119033292081255 -0.49699226293283233 0 0 0 0 1
1685094379.233794689 -0.07710369886370687 -0.5201977432699294 0 0 0 0 1
1685094379.267127991 -0.08299725500936238 -0.5434082626611018 0 0 0 0 1
1685094379.300461292 -0.08890072897252269 -0.5666983648067738 0 0 0 0 1
1685094379.333794832 -0.09786937965938018 -0.5975901433514326 0 0 0 0 1
1685094379.367128134 -0.10422611471880709 -0.6205033243062569 0 0 0 0 1
1685094379.400461435 -0.11067128421584536 -0.6433917871694271 0 0 0 0 1
1685094379.433794737 -0.11735407900644933 -0.666673620139335 0 0 0 0 1
1685094379.467128038 -0.13820927706325054 -0.6698654579828032 0 0 0 0 1
1685094379.500461340 -0.11547611592421532 -0.6791959369273244 0 0 0 0 1
1685094379.533794641 -0.09232764414158422 -0.6881765242611598 0 0 0 0 1
1685094379.567127943 -0.06896047279255418 -0.6973157359753864 0 0 0 0 1
1685094379.600461483 -0.04501886284797574 -0.7067143036882632 0 0 0 0 1
1685094379.633794785 -0.02099675464842097 -0.7159610219500957 0 0 0 0 1
1685094379.667128086 0.0033720091799592385 -0.7252792093057813 0 0 0 0 1
1685094379.700461388 0.02777333085260454 -0.7345118019398749 0 0 0 0 1
1685094379.733794689 0.05258287053548254 -0.7436810585253738 0 0 0 0 1
1685094379.767127991 0.07766740510732555 -0.7524790011071055 0 0 0 0 1
1685094379.800461292 0.10281502666003824 -0.7614153835370725 0 0 0 0 1
1685094379.833794832 0.1278757042024851 -0.770226096135801 0 0 0 0 1
1685094379.867128134 0.15299751245189497 -0.7788609653104771 0 0 0 0 1
1685094379.900461435 0.17817921758351654 -0.7873195669707963 0 0 0 0 1
1685094379.933794737 0.2042653927177017 -0.7960137655122312 0 0 0 0 1
1685094379.967128038 0.23038111322942997 -0.804618808426858 0 0 0 0 1
1685094380.000461340 0.25675085811283616 -0.8133510612860041 0 0 0 0 1
1685094380.033794641 0.28331993703234004 -0.8224118172515774 0 0 0 0 1
1685094380.067127943 0.3098641892142085 -0.8315450493959977 0 0 0 0 1
1685094380.100461483 0.33573355971263147 -0.8407719107631226 0 0 0 0 1
1685094380.133794785 0.36110677491828125 -0.8505469219735948 0 0 0 0 1
1685094380.167128086 0.386813764586328 -0.8603025290719672 0 0 0 0 1
1685094380.200461388 0.41254252149904774 -0.8698999787900016 0 0 0 0 1
1685094380.233794689 0.4379253003212099 -0.8796669511391988 0 0 0 0 1
1685094380.267127991 0.4635759568404036 -0.8893609376484809 0 0 0 0 1
1685094380.300461292 0.49006302215134295 -0.8988694142090803 0 0 0 0 1
1685094380.333794832 0.5169949304095538 -0.9083200240684685 0 0 0 0 1
1685094380.367128134 0.5434840744362363 -0.9175356174792723 0 0 0 0 1
1685094380.400461435 0.5589657649032251 -0.9261076153640051 0 0 0 0 1
1685094380.433794737 0.5844351687948619 -0.9393331459229239 0 0 0 0 1
1685094380.467128038 0.6099508162714813 -0.952469238454918 0 0 0 0 1
1685094380.500461340 0.6355123932648977 -0.9655157312698421 0 0 0 0 1
1685094380.533794641 0.6602061806565978 -0.9785509693697794 0 0 0 0 1
1685094380.567127943 0.6853333911562355 -0.9915438022447933 0 0 0 0 1
1685094380.600461483 0.7103303072814395 -1.004373387444608 0 0 0 0 1
1685094380.633794785 0.7348950958517597 -1.0168827491585979 0 0 0 0 1
1685094380.667128086 0.7590475933306405 -1.0292470793722721 0 0 0 0 1
1685094380.700461388 0.78348855440766 -1.0419280308468117 0 0 0 0 1
1685094380.733794689 0.8079429000070621 -1.0545831519435458 0 0 0 0 1
1685094380.767127991 0.8329163966862825 -1.0670583554908843 0 0 0 0 1
1685094380.800461292 0.8577412695747224 -1.0798728175963326 0 0 0 0 1
1685094380.833794832 0.8831491512849926 -1.092597243397667 0 0 0 0 1
1685094380.867128134 0.9081728076301381 -1.1057818997104836 0 0 0 0 1
1685094380.900461435 0.9041268156189647 -1.1008833620011347 0 0 0 0 1
1685094380.933794737 0.9074537833193157 -1.09547069085232 0 0 0 0 1
1685094380.967128038 0.9136514955321909 -1.096868577246405 0 0 0 0 1
1685094381.000461340 0.900692924437863 -1.0732593271801147 0 0 0 0 1
1685094381.033794641 0.887770239111733 -1.0496886459144097 0 0 0 0 1
1685094381.067127943 0.8751491677128359 -1.0266371471473714 0 0 0 0 1
1685094381.100461483 0.8624153487622901 -1.0038003252229442 0 0 0 0 1
1685094381.133794785 0.8670693440388925 -0.9769112421917637 0 0 0 0 1
1685094381.167128086 0.8672556386646751 -0.9506596601830729 0 0 0 0 1
1685094381.200461388 0.8674343038829794 -0.9244080251409201 0 0 0 0 1
1685094381.233794689 0.8641111740540189 -0.8999798700310254 0 0 0 0 1
1685094381.267127991 0.8703914146443069 -0.8754865254674753 0 0 0 0 1
1685094381.300461292 0.8808004186269222 -0.8516508941680538 0 0 0 0 1
1685094381.333794832 0.8874912689673176 -0.828507487466644 0 0 0 0 1
1685094381.367128134 0.8941605859532631 -0.8056306893387182 0 0 0 0 1
1685094381.400461435 0.9007752696223066 -0.783230526645618 0 0 0 0 1
1685094381.433794737 0.9069748600284238 -0.7610838255678576 0 0 0 0 1
