1685094390.086775541 3.2212052923282315e-20 1.213221998742609e-19 0 0 0 0 1
1685094390.120108843 0.00048717330444991144 -0.015699920692182352 0 0 0 0 1
1685094390.153442383 0.0010398858209414758 -0.030104017799662746 0 0 0 0 1
1685094390.186775684 0.0016781567025737985 -0.046002495932343034 0 0 0 0 1
1685094390.220108986 0.0027436299194659127 -0.06285862916101881 0 0 0 0 1
1685094390.253442287 0.007069371791463737 -0.08287092122324755 0 0 0 0 1
1685094390.286775589 0.011331958286930446 -0.10159939055369233 0 0 0 0 1
1685094390.320108891 0.01586446119771581 -0.12058309740711871 0 0 0 0 1
1685094390.353442192 0.019897183608365315 -0.13995071003019355 0 0 0 0 1
1685094390.386775732 0.023594878117558442 -0.159597072178457 0 0 0 0 1
1685094390.420109034 0.0275038089982477 -0.1797604602872573 0 0 0 0 1
1685094390.453442335 0.03139525752719336 -0.19992722971130442 0 0 0 0 1
1685094390.486775637 0.029451367617152217 -0.21706634153667287 0 0 0 0 1
1685094390.520108938 0.03735775084683861 -0.2375036729834443 0 0 0 0 1
1685094390.553442240 0.04566804933376872 -0.2580404035255195 0 0 0 0 1
1685094390.586775541 0.051392893934349794 -0.2731471112026158 0 0 0 0 1
1685094390.620108843 0.060591239842431886 -0.294078118248594 0 0 0 0 1
1685094390.653442383 0.0706344490579684 -0.31581963490888904 0 0 0 0 1
1685094390.686775684 0.08075032939417255 -0.33752743449937095 0 0 0 0 1
1685094390.720108986 0.09126422272342237 -0.3601101962155383 0 0 0 0 1
1685094390.753442287 0.10133870254105799 -0.3836149222110479 0 0 0 0 1
1685094390.786775589 0.11164769057805592 -0.4080348636429894 0 0 0 0 1
1685094390.820108891 0.12263380026959443 -0.43324142627971574 0 0 0 0 1
1685094390.853442192 0.1337269614553635 -0.458401060240095 0 0 0 0 1
1685094390.886775732 0.1449269736786951 -0.4835133108821811 0 0 0 0 1
1685094390.920109034 0.1562336345520916 -0.5085777244202577 0 0 0 0 1
1685094390.953442335 0.16829940787680325 -0.5344313700791113 0 0 0 0 1
1685094390.986775637 0.18003076917649508 -0.5600910113817213 0 0 0 0 1
1685094391.020108938 0.19165498587512422 -0.5857766914447102 0 0 0 0 1
1685094391.053442240 0.20341348676070806 -0.6117817654932027 0 0 0 0 1
1685094391.086775541 0.21587533184736638 -0.638377170783958 0 0 0 0 1
1685094391.120108843 0.22113660765602597 -0.6550470727694 0 0 0 0 1
1685094391.153442383 0.22310532550649897 -0.6777894144502266 0 0 0 0 1
1685094391.186775684 0.2241744562431772 -0.7072926704789309 0 0 0 0 1
1685094391.220108986 0.22502799454470832 -0.736802950538517 0 0 0 0 1
1685094391.253442287 0.22566589484508573 -0.7663186792273732 0 0 0 0 1
1685094391.286775589 0.22461516936063114 -0.7859597375449593 0 0 0 0 1
1685094391.320108891 0.22284800572480454 -0.8055493350028633 0 0 0 0 1
1685094391.353442192 0.22036676060457358 -0.8250613471628596 0 0 0 0 1
1685094391.386775732 0.2113349990847956 -0.8454142883461002 0 0 0 0 1
1685094391.420109034 0.19753109841508526 -0.8628861874203098 0 0 0 0 1
1685094391.453442335 0.17982017672356526 -0.8763820454439938 0 0 0 0 1
1685094391.486775637 0.1834444798410691 -0.8743376875013705 0 0 0 0 1
1685094391.520108938 0.21111468566709748 -0.8847183725922729 0 0 0 0 1
1685094391.553442240 0.23880568070860198 -0.8950434734161211 0 0 0 0 1
1685094391.586775541 0.2665173533073169 -0.9053129483390608 0 0 0 0 1
1685094391.620108843 0.294078016375368 -0.9157604581062402 0 0 0 0 1
1685094391.653442383 0.32163159835735305 -0.9262266288027257 0 0 0 0 1
1685094391.686775684 0.3491780866182264 -0.9367114556291217 0 0 0 0 1
1685094391.720108986 0.3767174685261952 -0.9472149337774773 0 0 0 0 1
1685094391.753442287 0.4042497314527255 -0.9577370584312891 0 0 0 0 1
1685094391.786775589 0.4317748627725476 -0.9682778247655026 0 0 0 0 1
1685094391.820108891 0.4592928498636625 -0.9788372279465155 0 0 0 0 1
1685094391.853442192 0.4868036801073467 -0.9894152631321791 0 0 0 0 1
1685094391.886775732 0.5152895521666966 -1.0011337817768056 0 0 0 0 1
1685094391.920109034 0.5438208950022436 -1.0127411528058798 0 0 0 0 1
1685094391.953442335 0.5723972749345267 -1.024237199786121 0 0 0 0 1
1685094391.986775637 0.6010182575995164 -1.0356217479763865 0 0 0 0 1
1685094392.020108938 0.6306770201965117 -1.046631094964294 0 0 0 0 1
1685094392.053442240 0.6464237231325201 -1.0500298621747948 0 0 0 0 1
1685094392.086775541 0.6311731674887309 -1.0448403704403606 0 0 0 0 1
1685094392.120108843 0.6457246629493065 -1.0517515390656305 0 0 0 0 1
1685094392.153442383 0.6320658393724726 -1.0432106485732404 0 0 0 0 1
1685094392.186775684 0.6446502566131097 -1.0532676220056214 0 0 0 0 1
1685094392.220108986 0.6333076848855373 -1.0418283764662102 0 0 0 0 1
1685094392.253442287 0.6495452926197889 -1.070144764646852 0 0 0 0 1
1685094392.286775589 0.6173082542120619 -1.0770166813827868 0 0 0 0 1
1685094392.320108891 0.6454802481628901 -1.0599056135680247 0 0 0 0 1
1685094392.353442192 0.6245203268882458 -1.0853443946922767 0 0 0 0 1
1685094392.386775732 0.592051101803519 -1.084721567853231 0 0 0 0 1
1685094392.420109034 0.5595769811210487 -1.084986099088526 0 0 0 0 1
1685094392.453442335 0.5523712605080324 -1.09163832176714 0 0 0 0 1
1685094392.486775637 0.5442237629013214 -1.0861800474182866 0 0 0 0 1
1685094392.520108938 0.5734458642653729 -1.070521103907586 0 0 0 0 1
1685094392.553442240 0.6023151926507189 -1.0542209321728686 0 0 0 0 1
1685094392.586775541 0.6308176796515256 -1.0372874755035684 0 0 0 0 1
1685094392.620108843 0.653865574853842 -1.0452803003914617 0 0 0 0 1
1685094392.653442383 0.6314761462403011 -1.0355950430740415 0 0 0 0 1
1685094392.686775684 0.6530830293252976 -1.0469190585410382 0 0 0 0 1
1685094392.720108986 0.632378433955713 -1.034019040962474 0 0 0 0 1
1685094392.753442287 0.6520659997696117 -1.0484235706413247 0 0 0 0 1
1685094392.786775589 0.6295165567158133 -1.0520550015136982 0 0 0 0 1
1685094392.820108891 0.606941871948253 -1.055526064731591 0 0 0 0 1
1685094392.853442192 0.6077141903427118 -1.031596616783184 0 0 0 0 1
1685094392.886775732 0.6299863395133938 -1.0347491942746032 0 0 0 0 1
1685094392.920109034 0.6609261102153251 -1.049621166583727 0 0 0 0 1
1685094392.953442335 0.6913380956455422 -1.0655446119911665 0 0 0 0 1
1685094392.986775637 0.7211865751374358 -1.0825008274732086 0 0 0 0 1
1685094393.020108938 0.7504364898952833 -1.10046989695691 0 0 0 0 1
1685094393.053442240 0.7790534841728676 -1.1194307147126967 0 0 0 0 1
1685094393.086775541 0.807003945626322 -1.1393610101442853 0 0 0 0 1
1685094393.120108843 0.8342550447938073 -1.1602373739468093 0 0 0 0 1
1685094393.153442383 0.8612644793648433 -1.181883081608425 0 0 0 0 1
1685094393.186775684 0.8874412202125093 -1.204083654418006 0 0 0 0 1
1685094393.220108986 0.8851773275303325 -1.2137428000434347 0 0 0 0 1
1685094393.253442287 0.8950946344025738 -1.213475725725236 0 0 0 0 1
1685094393.286775589 0.8608979729680368 -1.2067375031753726 0 0 0 0 1
1685094393.320108891 0.8272388249159692 -1.1999802478521144 0 0 0 0 1
1685094393.353442192 0.7935434067778885 -1.1934062427110603 0 0 0 0 1
1685094393.386775732 0.7852786227930552 -1.1945579984557069 0 0 0 0 1
1685094393.420109034 0.7826650046995042 -1.2024827821166244 0 0 0 0 1
1685094393.453442335 0.7973564831598737 -1.2344512326949946 0 0 0 0 1
1685094393.486775637 0.8085401033326497 -1.26780911049866 0 0 0 0 1
1685094393.520108938 0.821090509338782 -1.2887806262286399 0 0 0 0 1
1685094393.553442240 0.8423187518415086 -1.3008917320070974 0 0 0 0 1
1685094393.586775541 0.8661752356703293 -1.3079415227582254 0 0 0 0 1
1685094393.620108843 0.8987368842124283 -1.3166787260186308 0 0 0 0 1
1685094393.653442383 0.8784518738566314 -1.327919668265588 0 0 0 0 1
1685094393.686775684 0.9011859700064059 -1.3233369507326154 0 0 0 0 1
1685094393.720108986 0.8781301970305351 -1.3208326024702302 0 0 0 0 1
1685094393.753442287 0.8690973306480527 -1.2874350095225857 0 0 0 0 1
1685094393.786775589 0.87973387197479 -1.2712869868086487 0 0 0 0 1
1685094393.820108891 0.8898802209657727 -1.2395726846507351 0 0 0 0 1
1685094393.853442192 0.8994075380815665 -1.2076669549492325 0 0 0 0 1
1685094393.886775732 0.9083122156442622 -1.1755818793421113 0 0 0 0 1
1685094393.920109034 0.8916584875276172 -1.2204977188742085 0 0 0 0 1
1685094393.953442335 0.8783890594945406 -1.2515784269814818 0 0 0 0 1
1685094393.986775637 0.8646668009248718 -1.2823705541121262 0 0 0 0 1
1685094394.020108938 0.8503816650911498 -1.3129056219472355 0 0 0 0 1
1685094394.053442240 0.8461177004369507 -1.332294150995741 0 0 0 0 1
1685094394.086775541 0.8457963750996446 -1.3246632831246685 0 0 0 0 1
1685094394.120108843 0.8660509298326743 -1.3514865316078175 0 0 0 0 1
1685094394.153442383 0.886149533754001 -1.378173359066415 0 0 0 0 1
1685094394.186775684 0.8738920768069723 -1.3706584832473152 0 0 0 0 1
1685094394.220108986 0.886310729974502 -1.33855683352153 0 0 0 0 1
1685094394.253442287 0.9034653035177829 -1.3087162660309377 0 0 0 0 1
1685094394.286775589 0.9177852875072545 -1.2811166693664402 0 0 0 0 1
1685094394.320108891 0.9254002278651702 -1.2509701544626064 0 0 0 0 1
1685094394.353442192 0.9259049258033959 -1.219880848302886 0 0 0 0 1
1685094394.386775732 0.9192725258269011 -1.1895030447606043 0 0 0 0 1
1685094394.420109034 0.9076852090953839 -1.1669820941925948 0 0 0 0 1
1685094394.453442335 0.8980257522344934 -1.1435694049691028 0 0 0 0 1
1685094394.486775637 0.8962747544654869 -1.1099432583999331 0 0 0 0 1
1685094394.520108938 0.9016573465552326 -1.0767045546244585 0 0 0 0 1
1685094394.553442240 0.9139312266498775 -1.0453495615021402 0 0 0 0 1
1685094394.586775541 0.9325438758419285 -1.0172897500927245 0 0 0 0 1
1685094394.620108843 0.9432626706492536 -0.9982315602010347 0 0 0 0 1
1685094394.653442383 0.9515133752425706 -0.9662321629581364 0 0 0 0 1
1685094394.686775684 0.9600777105618085 -0.9343152754104034 0 0 0 0 1
1685094394.720108986 0.9689548517904337 -0.9024839714188602 0 0 0 0 1
1685094394.753442287 0.978143943986109 -0.8707413166021256 0 0 0 0 1
1685094394.786775589 0.988454392464148 -0.8357607799085159 0 0 0 0 1
1685094394.820108891 0.9780598608883029 -0.8067497140721415 0 0 0 0 1
1685094394.853442192 0.967651510475836 -0.7777436031757287 0 0 0 0 1
1685094394.886775732 0.9572545354765343 -0.7476878701823818 0 0 0 0 1
1685094394.920109034 0.9472091293027413 -0.7175128144292107 0 0 0 0 1
1685094394.953442335 0.9375166609319615 -0.6872225481414261 0 0 0 0 1
1685094394.986775637 0.9274427285452405 -0.6562676287295878 0 0 0 0 1
1685094395.020108938 0.9172880444746495 -0.6258711379818453 0 0 0 0 1
1685094395.053442240 0.9063027859762596 -0.5957648536864584 0 0 0 0 1
1685094395.086775541 0.8944952323755743 -0.565971466226855 0 0 0 0 1
1685094395.120108843 0.8818742827421673 -0.5365134301636327 0 0 0 0 1
1685094395.153442383 0.8684494491826671 -0.5074129473110952 0 0 0 0 1
1685094395.186775684 0.8542308496717108 -0.47869195000427905 0 0 0 0 1
1685094395.220108986 0.83922920042627 -0.4503720845690784 0 0 0 0 1
1685094395.253442287 0.8227607377258176 -0.4214562891208428 0 0 0 0 1
1685094395.286775589 0.8057249744390185 -0.3928710436372626 0 0 0 0 1
1685094395.320108891 0.7881285427163146 -0.36462747656883754 0 0 0 0 1
1685094395.353442192 0.7700718221521892 -0.33537742910871343 0 0 0 0 1
1685094395.386775732 0.7528417014870693 -0.3056329611219461 0 0 0 0 1
1685094395.420109034 0.7364517086238227 -0.27541742591415685 0 0 0 0 1
1685094395.453442335 0.720914711854888 -0.24475454664047275 0 0 0 0 1
1685094395.486775637 0.7378504590425798 -0.22897706233475343 0 0 0 0 1
1685094395.520108938 0.7288738384090985 -0.2503117483138156 0 0 0 0 1
1685094395.553442240 0.72831247867496 -0.22717231402791482 0 0 0 0 1
1685094395.586775541 0.738313083964017 -0.2480466149186062 0 0 0 0 1
1685094395.620108843 0.7206321905764966 -0.23310892591254598 0 0 0 0 1
1685094395.653442383 0.7428835663695391 -0.2394826861166512 0 0 0 0 1
1685094395.686775684 0.7199753936166329 -0.24279390416227137 0 0 0 0 1
1685094395.720108986 0.7395111570850988 -0.23038010178238857 0 0 0 0 1
1685094395.753442287 0.7267838526027849 -0.24971308562961453 0 0 0 0 1
1685094395.786775589 0.7304641548835438 -0.22686130410289604 0 0 0 0 1
1685094395.820108891 0.7364781651372286 -0.2492125954412327 0 0 0 0 1
1685094395.853442192 0.7052350617935037 -0.2616275067803192 0 0 0 0 1
1685094395.886775732 0.673752699862898 -0.2734225234133898 0 0 0 0 1
1685094395.920109034 0.6420433773020248 -0.28459303785250795 0 0 0 0 1
1685094395.953442335 0.6101194807251391 -0.2951346865590608 0 0 0 0 1
1685094395.986775637 0.577993480565555 -0.30504335164828744 0 0 0 0 1
1685094396.020108938 0.545677926204319 -0.3143151624978495 0 0 0 0 1
1685094396.053442240 0.5186130256775227 -0.3142696868778252 0 0 0 0 1
1685094396.086775541 0.49460563227505283 -0.31662439532646847 0 0 0 0 1
1685094396.120108843 0.4830849482771042 -0.3378181073675073 0 0 0 0 1
1685094396.153442383 0.4920393870248299 -0.3616640896988467 0 0 0 0 1
1685094396.186775684 0.4919658248991765 -0.3657653437284162 0 0 0 0 1
1685094396.220108986 0.4895350059380891 -0.36246128332040184 0 0 0 0 1
1685094396.253442287 0.49347228342099647 -0.3636117362850995 0 0 0 0 1
1685094396.286775589 0.47774144262114104 -0.3885204653541145 0 0 0 0 1
1685094396.320108891 0.4632761705912726 -0.4125208761579136 0 0 0 0 1
1685094396.353442192 0.4493504946124921 -0.43645410349748903 0 0 0 0 1
