1685093650.771205664 2.0885756732799776e-18 -4.584212648503361e-17 0 0 0 0 1
1685093650.804538965 0.0005679096024440031 -0.010954098887108663 0 0 0 0 1
1685093650.837872267 0.0012606752405537479 -0.02242334347878358 0 0 0 0 1
1685093650.871205568 0.003000768247553953 -0.033591673573790753 0 0 0 0 1
1685093650.904538870 0.004060895362047538 -0.04594925677837681 0 0 0 0 1
1685093650.937872171 0.00520228089700813 -0.058711538259453716 0 0 0 0 1
1685093650.971205473 0.006540477835625425 -0.07225676832134995 0 0 0 0 1
1685093651.004539013 0.007966494726128655 -0.08616894379387297 0 0 0 0 1
1685093651.037872314 0.009232522955804248 -0.10084255023924849 0 0 0 0 1
1685093651.071205616 0.010537525003251879 -0.11609985273207607 0 0 0 0 1
1685093651.104538918 0.011862749780297142 -0.1320559127645529 0 0 0 0 1
1685093651.137872219 0.013080925333092389 -0.1485387937809156 0 0 0 0 1
1685093651.171205521 0.014386895874787113 -0.16574452448576404 0 0 0 0 1
1685093651.204538822 0.015735300424144276 -0.18353518940781827 0 0 0 0 1
1685093651.237872362 0.01710782888195613 -0.20215669077377915 0 0 0 0 1
1685093651.271205664 0.018553951359553088 -0.22125587054935217 0 0 0 0 1
1685093651.304538965 0.020021161639677883 -0.24094063459646256 0 0 0 0 1
1685093651.337872267 0.02123969811337507 -0.2613088224374707 0 0 0 0 1
1685093651.371205568 0.02229520582956458 -0.28215783164303143 0 0 0 0 1
1685093651.404538870 0.023278757922000726 -0.3031654437536905 0 0 0 0 1
1685093651.437872171 0.024238601039231148 -0.3242722826861113 0 0 0 0 1
1685093651.471205473 0.025405859700464318 -0.34549298170995035 0 0 0 0 1
1685093651.504539013 0.026729188596499063 -0.3669765991925301 0 0 0 0 1
1685093651.537872314 0.02821622386004928 -0.3885342180623812 0 0 0 0 1
1685093651.571205616 0.029762821681622063 -0.4102641932628815 0 0 0 0 1
1685093651.604538918 0.03125942184892687 -0.4324794020698996 0 0 0 0 1
1685093651.637872219 0.03288408031823609 -0.45514841509233755 0 0 0 0 1
1685093651.671205521 0.0345295958538337 -0.47808766359309324 0 0 0 0 1
1685093651.704538822 0.034122971744886585 -0.500982905538928 0 0 0 0 1
1685093651.737872362 0.03403754646829994 -0.5243249147292816 0 0 0 0 1
1685093651.771205664 0.033898367375028264 -0.5480702421145277 0 0 0 0 1
1685093651.804538965 0.033877142676834046 -0.571675565907049 0 0 0 0 1
1685093651.837872267 0.033858641615479114 -0.5955537401920594 0 0 0 0 1
1685093651.871205568 0.03390380599088702 -0.6194884336324546 0 0 0 0 1
1685093651.904538870 0.033948270916702 -0.6435748501577874 0 0 0 0 1
1685093651.937872171 0.0341189729002983 -0.6675513022915057 0 0 0 0 1
1685093651.971205473 0.03441541378974747 -0.6915232507064375 0 0 0 0 1
1685093652.004539013 0.034694475047415345 -0.7153619224196963 0 0 0 0 1
1685093652.037872314 0.03486488424365687 -0.7387343227570061 0 0 0 0 1
1685093652.071205616 0.03508242615039356 -0.7620766960670358 0 0 0 0 1
1685093652.104538918 0.03394692147450244 -0.7864623269704717 0 0 0 0 1
1685093652.137872219 0.03238758886439231 -0.8063381191222742 0 0 0 0 1
1685093652.171205521 0.025547756968735277 -0.8235639987941644 0 0 0 0 1
1685093652.204538822 0.018743250139053192 -0.8466633888074789 0 0 0 0 1
1685093652.237872362 0.011866728700869562 -0.8699015455014035 0 0 0 0 1
1685093652.271205664 0.004904106599131933 -0.8932343380416478 0 0 0 0 1
1685093652.304538965 -0.0022630001332482694 -0.9164161493859471 0 0 0 0 1
1685093652.337872267 -0.009418876211922438 -0.9395255494969459 0 0 0 0 1
1685093652.371205568 -0.016327755217777698 -0.9625063439021765 0 0 0 0 1
1685093652.404538870 -0.022970857953002865 -0.9852841032067698 0 0 0 0 1
1685093652.437872171 -0.029590130640841407 -1.0080354956088733 0 0 0 0 1
1685093652.471205473 -0.035907232621026915 -1.030814199125101 0 0 0 0 1
1685093652.504539013 -0.04194679039787663 -1.0533340765148618 0 0 0 0 1
1685093652.537872314 -0.04770228034015491 -1.0669681632684038 0 0 0 0 1
1685093652.571205616 -0.0553576659102223 -1.0888328459842005 0 0 0 0 1
1685093652.604538918 -0.06290838947689331 -1.1111173068566067 0 0 0 0 1
1685093652.637872219 -0.06972532721957947 -1.1316517181989938 0 0 0 0 1
1685093652.671205521 -0.07671767629618848 -1.1498571516951954 0 0 0 0 1
1685093652.704538822 -0.0870588679097239 -1.1709117354482121 0 0 0 0 1
1685093652.737872362 -0.09749958305681315 -1.192050373552507 0 0 0 0 1
1685093652.771205664 -0.10791397552494396 -1.2130745491235737 0 0 0 0 1
1685093652.804538965 -0.11855399175427099 -1.2340694036641628 0 0 0 0 1
1685093652.837872267 -0.12922934079697962 -1.2550252563260802 0 0 0 0 1
1685093652.871205568 -0.13970799826731392 -1.2754913132382881 0 0 0 0 1
1685093652.904538870 -0.14997321593752358 -1.295508315972234 0 0 0 0 1
1685093652.937872171 -0.1600941218427477 -1.3151855222868338 0 0 0 0 1
1685093652.971205473 -0.16986554470538573 -1.3344379088401097 0 0 0 0 1
1685093653.004539013 -0.1792199546354321 -1.3530903841526056 0 0 0 0 1
1685093653.037872314 -0.1883744228941714 -1.371366465317195 0 0 0 0 1
1685093653.071205616 -0.19713144109349454 -1.3893094548767355 0 0 0 0 1
