1685094182.026135206 3.278914912610519e-20 -6.59439785495519e-18 0 0 0 0 1
1685094182.059468508 0.00035114194476705687 -0.017288727693899483 0 0 0 0 1
1685094182.092801809 0.0005918932631506199 -0.03518174396327905 0 0 0 0 1
1685094182.126135349 0.0007155208113184174 -0.05402158261687354 0 0 0 0 1
1685094182.159468651 0.0005339731177142192 -0.07324115815058169 0 0 0 0 1
1685094182.192801952 0.0003606668059421324 -0.09286846960455555 0 0 0 0 1
1685094182.226135254 0.0010204425000617295 -0.11258793669362045 0 0 0 0 1
1685094182.259468555 0.0013985358075208334 -0.1327313590264852 0 0 0 0 1
1685094182.292801857 0.0016224333819288767 -0.15398138133582645 0 0 0 0 1
1685094182.326135159 0.0016688870866933888 -0.17546029430028473 0 0 0 0 1
1685094182.359468460 0.0015913067878727918 -0.1969649841243728 0 0 0 0 1
1685094182.392802000 0.0011420305397888935 -0.21867323799745436 0 0 0 0 1
1685094182.426135302 0.0005733214675193595 -0.240611220173067 0 0 0 0 1
1685094182.459468603 -7.420042930595317e-05 -0.2626971525075456 0 0 0 0 1
1685094182.492801905 -0.0008384213258791689 -0.2851791510755968 0 0 0 0 1
1685094182.526135206 -0.0010458167725390204 -0.3072932695544033 0 0 0 0 1
1685094182.559468508 -0.0018466953408886717 -0.32961737981397443 0 0 0 0 1
1685094182.592801809 -0.00245692129788583 -0.35217812496980005 0 0 0 0 1
1685094182.626135349 -0.002923406128877718 -0.3752292114818066 0 0 0 0 1
1685094182.659468651 -0.0032778613430644765 -0.3990245169369052 0 0 0 0 1
1685094182.692801952 -0.003470679563603268 -0.4232080914300572 0 0 0 0 1
1685094182.726135254 -0.003219671907664343 -0.445941990408765 0 0 0 0 1
1685094182.759468555 -0.003371125615972643 -0.47192920794889126 0 0 0 0 1
1685094182.792801857 -0.0035444509917822577 -0.49773699520035786 0 0 0 0 1
1685094182.826135159 -0.003813765372574879 -0.5239283916421702 0 0 0 0 1
1685094182.859468460 -0.00403353555596742 -0.5499015305135494 0 0 0 0 1
1685094182.892802000 -0.004434381908627417 -0.5760899113041434 0 0 0 0 1
1685094182.926135302 -0.004917520941370995 -0.6087377196410243 0 0 0 0 1
1685094182.959468603 -0.005252221354118832 -0.6353110979235501 0 0 0 0 1
1685094182.992801905 -0.0056037721770603715 -0.6620731758411832 0 0 0 0 1
1685094183.026135206 -0.0059922326918372985 -0.6885585661401847 0 0 0 0 1
1685094183.059468508 -0.0064124319673425295 -0.7154649250688975 0 0 0 0 1
1685094183.092801809 -0.006603289557477417 -0.7430852200903368 0 0 0 0 1
1685094183.126135349 -0.0068587284579752815 -0.7711551355789221 0 0 0 0 1
1685094183.159468651 -0.007060344127456568 -0.7992857300891527 0 0 0 0 1
1685094183.192801952 -0.007002373279300725 -0.8273492628294199 0 0 0 0 1
1685094183.226135254 -0.006903771517908204 -0.8542945856095646 0 0 0 0 1
1685094183.259468555 -0.0077089756954195916 -0.8826443653369792 0 0 0 0 1
1685094183.292801857 -0.008515547743081187 -0.911127850321796 0 0 0 0 1
1685094183.326135159 -0.009349855986688591 -0.939677075748476 0 0 0 0 1
1685094183.359468460 -0.010217123849658406 -0.9684207005784204 0 0 0 0 1
1685094183.392802000 -0.011388921117606239 -1.0042935617817474 0 0 0 0 1
1685094183.426135302 -0.012777772120437745 -1.0327544739880385 0 0 0 0 1
1685094183.459468603 -0.014481498743294543 -1.0613576158838538 0 0 0 0 1
1685094183.492801905 -0.016204361729436085 -1.0905115920174504 0 0 0 0 1
1685094183.526135206 -0.017658284800668153 -1.1198377534365966 0 0 0 0 1
1685094183.559468508 -0.018949097173469327 -1.1492862014172516 0 0 0 0 1
1685094183.592801809 -0.019338285903804625 -1.1782897950926232 0 0 0 0 1
1685094183.626135349 -0.019353447423378946 -1.208779331181931 0 0 0 0 1
1685094183.659468651 -0.019292828417049233 -1.239086104601457 0 0 0 0 1
1685094183.692801952 -0.019048981595333594 -1.2690967774718818 0 0 0 0 1
1685094183.726135254 -0.01877607901151063 -1.2989411297403193 0 0 0 0 1
1685094183.759468555 -0.018323735098444736 -1.328737696160719 0 0 0 0 1
1685094183.792801857 -0.01786771880018779 -1.3584013962935129 0 0 0 0 1
1685094183.826135159 -0.017267521318850048 -1.3862209035511683 0 0 0 0 1
1685094183.859468460 -0.015070724134544085 -1.4160244412917027 0 0 0 0 1
1685094183.892802000 -0.01269787210966428 -1.44633318523546 0 0 0 0 1
1685094183.926135302 -0.010216376700552025 -1.4761273296722528 0 0 0 0 1
1685094183.959468603 -0.00770698931379029 -1.505785599181891 0 0 0 0 1
1685094183.992801905 -0.00517473024917423 -1.535966085169037 0 0 0 0 1
1685094184.026135206 -0.002868851165423247 -1.5658207383663174 0 0 0 0 1
1685094184.059468508 -0.0009947087792288884 -1.5952644516070018 0 0 0 0 1
1685094184.092801809 0.0008099586132409583 -1.624477262663523 0 0 0 0 1
1685094184.126135349 0.0027163217052459804 -1.6538460475762153 0 0 0 0 1
1685094184.159468651 0.004724718814409097 -1.6832095557774385 0 0 0 0 1
1685094184.192801952 0.006810535409000583 -1.7121263411377268 0 0 0 0 1
1685094184.226135254 0.00917825197236759 -1.741419088717478 0 0 0 0 1
1685094184.259468555 0.011575218275619036 -1.7716333097781949 0 0 0 0 1
1685094184.292801857 0.014187353366133242 -1.8016781094472138 0 0 0 0 1
1685094184.326135159 0.0172972570106192 -1.8314937193413854 0 0 0 0 1
1685094184.359468460 0.020682801396821777 -1.8616418409222608 0 0 0 0 1
1685094184.392802000 0.024189804117048637 -1.8923952511754134 0 0 0 0 1
1685094184.426135302 0.02779153917539576 -1.9229157635942729 0 0 0 0 1
1685094184.459468603 0.03131487420015113 -1.9529046394257215 0 0 0 0 1
1685094184.492801905 0.03456222859733153 -1.9826801120056075 0 0 0 0 1
1685094184.526135206 0.03771536055167298 -2.012781622605748 0 0 0 0 1
1685094184.559468508 0.04061433354075931 -2.042856171595732 0 0 0 0 1
1685094184.592801809 0.04317264701932085 -2.07278722745743 0 0 0 0 1
1685094184.626135349 0.04573310958832739 -2.1028785571272577 0 0 0 0 1
1685094184.659468651 0.04815327212002966 -2.133501665327675 0 0 0 0 1
1685094184.692801952 0.05045676307619651 -2.1641618110207204 0 0 0 0 1
1685094184.726135254 0.048633166293518576 -2.1906334580413356 0 0 0 0 1
1685094184.759468555 0.04556768211314961 -2.221645109302676 0 0 0 0 1
1685094184.792801857 0.042438152889448896 -2.252326276625057 0 0 0 0 1
1685094184.826135159 0.04191820785808166 -2.280025801826732 0 0 0 0 1
1685094184.859468460 0.041751496211844104 -2.3094854513746563 0 0 0 0 1
1685094184.892802000 0.041912385379417445 -2.3400891983308076 0 0 0 0 1
1685094184.926135302 0.04207773646138907 -2.370593133606577 0 0 0 0 1
1685094184.959468603 0.041996737331262066 -2.4009472518195234 0 0 0 0 1
1685094184.992801905 0.03817306839118878 -2.4197910209644937 0 0 0 0 1
1685094185.026135206 0.02097929459204444 -2.445908489884576 0 0 0 0 1
1685094185.059468508 0.0029071421525956997 -2.4713722794399473 0 0 0 0 1
1685094185.092801809 -0.014063159193857078 -2.4959952029757657 0 0 0 0 1
1685094185.126135349 -0.030844986927869893 -2.520769391612478 0 0 0 0 1
1685094185.159468651 -0.04638410962146551 -2.5447667018944853 0 0 0 0 1
1685094185.192801952 -0.0629908532462715 -2.568788944431386 0 0 0 0 1
1685094185.226135254 -0.0792318080488987 -2.592783290766889 0 0 0 0 1
1685094185.259468555 -0.09461447977275493 -2.6162447445474624 0 0 0 0 1
1685094185.292801857 -0.10884668142761086 -2.6414506270848483 0 0 0 0 1
1685094185.326135159 -0.12251496393281548 -2.6661571656704766 0 0 0 0 1
1685094185.359468460 -0.13574066824448397 -2.6906450417313774 0 0 0 0 1
1685094185.392802000 -0.1489677475351295 -2.7156266063611545 0 0 0 0 1
1685094185.426135302 -0.1623084456780535 -2.7406083391445164 0 0 0 0 1
1685094185.459468603 -0.1754598897381892 -2.765254050187556 0 0 0 0 1
1685094185.492801905 -0.188338651655528 -2.789540294924468 0 0 0 0 1
1685094185.526135206 -0.20159120475257492 -2.8137858522522388 0 0 0 0 1
