1685094211.198971272 -5.76804054849736e-20 -4.736443465737876e-18 0 0 0 0 1
1685094211.232304811 -0.00014390021559762295 -0.012907121414068846 0 0 0 0 1
1685094211.265638113 -0.0002795421337129463 -0.026952100038002014 0 0 0 0 1
1685094211.298971415 -0.0005395243065218981 -0.04220618269724642 0 0 0 0 1
1685094211.332304716 -0.0008858181831336161 -0.05876636095933578 0 0 0 0 1
1685094211.365638018 -0.001448457922979508 -0.07622676750981075 0 0 0 0 1
1685094211.398971319 -0.001957416746163734 -0.09439068190110134 0 0 0 0 1
1685094211.432304621 -0.0024085590984932784 -0.11303599977442481 0 0 0 0 1
1685094211.465637922 -0.0027843879444270263 -0.13192757089133508 0 0 0 0 1
1685094211.498971462 -0.002923722548109034 -0.15118241328670684 0 0 0 0 1
1685094211.532304764 -0.002874701820522121 -0.171106576338343 0 0 0 0 1
1685094211.565638065 -0.0025489510281635603 -0.1917454010260555 0 0 0 0 1
1685094211.598971367 -0.0019499345410218054 -0.2128850469778607 0 0 0 0 1
1685094211.632304668 -0.0014913873005982165 -0.23469830916095982 0 0 0 0 1
1685094211.665637970 -0.0009367641131367035 -0.25705303652341394 0 0 0 0 1
1685094211.698971272 -0.000251288172588742 -0.2798160152846941 0 0 0 0 1
1685094211.732304811 0.000200460026317288 -0.30303711405660927 0 0 0 0 1
1685094211.765638113 0.000663988150361235 -0.32625798067024964 0 0 0 0 1
1685094211.798971415 0.001139296080254226 -0.3494786091497296 0 0 0 0 1
1685094211.832304716 0.0012347815841844735 -0.37352639799392046 0 0 0 0 1
1685094211.865638018 -0.006216590512096494 -0.3894158909818066 0 0 0 0 1
1685094211.898971319 0.007736072279076247 -0.4101166822709023 0 0 0 0 1
1685094211.932304621 0.021536065124526493 -0.43091956083191885 0 0 0 0 1
1685094211.965637922 0.035835177767245194 -0.4522325148601679 0 0 0 0 1
1685094211.998971462 0.049999482489285194 -0.47363041642147613 0 0 0 0 1
1685094212.032304764 0.06476353565911366 -0.49547082589974634 0 0 0 0 1
1685094212.065638065 0.07947227396660454 -0.517348526180667 0 0 0 0 1
1685094212.098971367 0.08486320761636947 -0.5343359861843656 0 0 0 0 1
1685094212.132304668 0.09614060012903623 -0.558457456520892 0 0 0 0 1
1685094212.165637970 0.10742238599275711 -0.5825768723680018 0 0 0 0 1
1685094212.198971272 0.11870856483324993 -0.6066942329255147 0 0 0 0 1
1685094212.232304811 0.12999913627608692 -0.6308095373933181 0 0 0 0 1
1685094212.265638113 0.1412940999466944 -0.6549227849713679 0 0 0 0 1
1685094212.298971415 0.15307668093195276 -0.6781676396574196 0 0 0 0 1
1685094212.332304716 0.16493384575673303 -0.7010581396124572 0 0 0 0 1
1685094212.365638018 0.177035231858702 -0.7238648438826869 0 0 0 0 1
1685094212.398971319 0.18901206171525445 -0.7467659228101613 0 0 0 0 1
1685094212.432304621 0.20108912670741774 -0.7696143006657178 0 0 0 0 1
1685094212.465637922 0.21326619494232427 -0.7924095387354911 0 0 0 0 1
1685094212.498971462 0.22513562675480794 -0.8167971573801162 0 0 0 0 1
1685094212.532304764 0.22728550348884666 -0.8293711258041092 0 0 0 0 1
1685094212.565638065 0.2304905992116758 -0.8570835326314419 0 0 0 0 1
1685094212.598971367 0.2334309860074726 -0.8848252747585542 0 0 0 0 1
1685094212.632304668 0.23610639588311666 -0.9125938237439333 0 0 0 0 1
1685094212.665637970 0.23851658499604889 -0.9403866487028323 0 0 0 0 1
1685094212.698971272 0.24066133367649592 -0.96820121653794 0 0 0 0 1
1685094212.732304811 0.24355322345135738 -0.9962853368140887 0 0 0 0 1
1685094212.765638113 0.27256155313325836 -0.9992253381013481 0 0 0 0 1
1685094212.798971415 0.24914517397612387 -1.0146519939165717 0 0 0 0 1
1685094212.832304716 0.22576907567143353 -1.0301396196391124 0 0 0 0 1
1685094212.865638018 0.20243341696792083 -1.0456881100914113 0 0 0 0 1
1685094212.898971319 0.17888426720457812 -1.0614033303006225 0 0 0 0 1
1685094212.932304621 0.1552258490035828 -1.0770584189902686 0 0 0 0 1
1685094212.965637922 0.13121414250279864 -1.0931023445214962 0 0 0 0 1
1685094212.998971462 0.10726071741855367 -1.1092331542427982 0 0 0 0 1
1685094213.032304764 0.08336588813194253 -1.1254506364424215 0 0 0 0 1
1685094213.065638065 0.058966767602881255 -1.1415132974388789 0 0 0 0 1
1685094213.098971367 0.03446122491301715 -1.1574131256880775 0 0 0 0 1
1685094213.132304668 0.009850346744308437 -1.1731494161227307 0 0 0 0 1
1685094213.165637970 -0.014485274268073329 -1.188611509251467 0 0 0 0 1
1685094213.198971272 -0.03838271386042675 -1.2042025515975745 0 0 0 0 1
1685094213.232304811 -0.06229068888006937 -1.2201718535895758 0 0 0 0 1
1685094213.265638113 -0.08614219302691888 -1.236225377364262 0 0 0 0 1
1685094213.298971415 -0.10993692961015573 -1.2523629232305318 0 0 0 0 1
1685094213.332304716 -0.13367460264509679 -1.2685842904521265 0 0 0 0 1
1685094213.365638018 -0.15735491685687703 -1.2848892772501266 0 0 0 0 1
1685094213.398971319 -0.18097757768412237 -1.3012776808054616 0 0 0 0 1
1685094213.432304621 -0.2038143117374586 -1.317102243792391 0 0 0 0 1
1685094213.465637922 -0.21280558024945748 -1.328896291071268 0 0 0 0 1
1685094213.498971462 -0.23589749978969646 -1.344599019315828 0 0 0 0 1
1685094213.532304764 -0.2590599379638749 -1.3601975410471565 0 0 0 0 1
1685094213.565638065 -0.28229242452451 -1.3756915395815985 0 0 0 0 1
1685094213.598971367 -0.30586883281231153 -1.3906076038507464 0 0 0 0 1
1685094213.632304668 -0.3296619229211498 -1.4054565837171646 0 0 0 0 1
1685094213.665637970 -0.3535134491134222 -1.4202115163940678 0 0 0 0 1
1685094213.698971272 -0.37701752150189044 -1.4347957601859738 0 0 0 0 1
1685094213.732304811 -0.4002568968436554 -1.4492603698318824 0 0 0 0 1
1685094213.765638113 -0.42371512713731185 -1.463784462216884 0 0 0 0 1
1685094213.798971415 -0.44554314216233537 -1.4823370355508863 0 0 0 0 1
1685094213.832304716 -0.4666322806603686 -1.498956251960651 0 0 0 0 1
1685094213.865638018 -0.4871116870202849 -1.5154136441544954 0 0 0 0 1
1685094213.898971319 -0.5000706782619668 -1.523703646706198 0 0 0 0 1
1685094213.932304621 -0.5140359676700139 -1.5368375791567204 0 0 0 0 1
1685094213.965637922 -0.5340742175198652 -1.5521471059851941 0 0 0 0 1
1685094213.998971462 -0.5540568777650514 -1.5675291201017614 0 0 0 0 1
1685094214.032304764 -0.5705483550423526 -1.5737884625471998 0 0 0 0 1
1685094214.065638065 -0.5689430440714602 -1.5983148322039187 0 0 0 0 1
1685094214.098971367 -0.5673938557273499 -1.6225876161760364 0 0 0 0 1
