1685094312.060693502 -3.4984178615455863e-19 1.252437177289542e-20 0 0 0 0 1
1685094312.094026804 0.014602673034011018 0.019862591181413432 0 0 0 0 1
1685094312.127360106 0.0007296844023132666 0.029987555008181913 0 0 0 0 1
1685094312.160693407 -0.012651718285833783 0.039862069900507315 0 0 0 0 1
1685094312.194026709 -0.02710548664866491 0.050327905585920325 0 0 0 0 1
1685094312.227360010 -0.042162771124956304 0.06092015406281964 0 0 0 0 1
1685094312.260693550 -0.0578311409168356 0.0724271899336065 0 0 0 0 1
1685094312.294026852 -0.07403639198815336 0.08370203401033559 0 0 0 0 1
1685094312.327360153 -0.09139550014153318 0.09563840787214606 0 0 0 0 1
1685094312.360693455 -0.1088661323680428 0.1074109465302136 0 0 0 0 1
1685094312.394026756 -0.1268189695470848 0.11939814666196132 0 0 0 0 1
1685094312.427360058 -0.14574811438636698 0.13178805654446157 0 0 0 0 1
1685094312.460693359 -0.165593723133221 0.1452903737212913 0 0 0 0 1
1685094312.494026899 -0.1858333633528536 0.1590758144688959 0 0 0 0 1
1685094312.527360201 -0.19198335443477266 0.16529235174184664 0 0 0 0 1
1685094312.560693502 -0.20071827482171178 0.1657033162263285 0 0 0 0 1
1685094312.594026804 -0.18969973274308782 0.1606202274766632 0 0 0 0 1
1685094312.627360106 -0.18091056851050355 0.168986627710219 0 0 0 0 1
1685094312.660693407 -0.14989164830090917 0.15823584469448623 0 0 0 0 1
1685094312.694026709 -0.12228913844991615 0.1544945484282032 0 0 0 0 1
1685094312.727360010 -0.1299811078892052 0.1628684894351467 0 0 0 0 1
1685094312.760693550 -0.1188890927992821 0.1653697857166064 0 0 0 0 1
1685094312.794026852 -0.10690822434102443 0.19038356915456148 0 0 0 0 1
1685094312.827360153 -0.08541686174032363 0.17093294611001858 0 0 0 0 1
1685094312.860693455 -0.06326725892434631 0.15210539095309358 0 0 0 0 1
1685094312.894026756 -0.0408001810351945 0.1336578396463378 0 0 0 0 1
1685094312.927360058 -0.01802214670627872 0.11559564459138015 0 0 0 0 1
1685094312.960693359 0.00506023520759861 0.09792404638197896 0 0 0 0 1
1685094312.994026899 0.0066833798412399975 0.09203939496000002 0 0 0 0 1
1685094313.027360201 0.0007232376004062031 0.09072014315350264 0 0 0 0 1
1685094313.060693502 0.0022393340021375457 0.08304822934475944 0 0 0 0 1
1685094313.094026804 0.013220286660081524 0.11133844422712932 0 0 0 0 1
1685094313.127360106 0.024636179517511885 0.13999937227025852 0 0 0 0 1
1685094313.160693407 0.03630208440616749 0.16840659141229744 0 0 0 0 1
1685094313.194026709 0.04756335717595674 0.19735559619903112 0 0 0 0 1
1685094313.227360010 0.05824587242542962 0.22652312969918684 0 0 0 0 1
1685094313.260693550 0.0681069805278887 0.25539872622136384 0 0 0 0 1
1685094313.294026852 0.07699738098350921 0.28458780478267937 0 0 0 0 1
1685094313.327360153 0.07568376265089646 0.3016106087421198 0 0 0 0 1
1685094313.360693455 0.09780099488327665 0.3224178129000254 0 0 0 0 1
1685094313.394026756 0.07382297845488879 0.3001058225162066 0 0 0 0 1
1685094313.427360058 0.0727977479750888 0.3328429434829463 0 0 0 0 1
1685094313.460693359 0.09812489996073738 0.31207504616464465 0 0 0 0 1
1685094313.494026899 0.129913876879421 0.31673700285658674 0 0 0 0 1
1685094313.527360201 0.161763397803243 0.32096558543910375 0 0 0 0 1
1685094313.560693502 0.16309099640835553 0.32393806865757996 0 0 0 0 1
1685094313.594026804 0.17473194510086623 0.34213652784125037 0 0 0 0 1
1685094313.627360106 0.18735920363758798 0.3361374550724258 0 0 0 0 1
1685094313.660693407 0.18917090019750568 0.32227548234796677 0 0 0 0 1
1685094313.694026709 0.17892896079849357 0.2904620923892192 0 0 0 0 1
1685094313.727360010 0.1955256341735462 0.2661864280582406 0 0 0 0 1
1685094313.760693550 0.22423930247313947 0.27253329331673287 0 0 0 0 1
1685094313.794026852 0.22905787740904504 0.30154258116417215 0 0 0 0 1
1685094313.827360153 0.2039380020613206 0.3168314433959837 0 0 0 0 1
1685094313.860693455 0.18227872770347806 0.32318451459396597 0 0 0 0 1
1685094313.894026756 0.1648787874293028 0.33756254498098565 0 0 0 0 1
1685094313.927360058 0.154557149726071 0.35763614641366714 0 0 0 0 1
1685094313.960693359 0.15298602558784438 0.38015318992069114 0 0 0 0 1
1685094313.994026899 0.16041995321219554 0.4014656838956072 0 0 0 0 1
1685094314.027360201 0.1756545602059134 0.4181207860898866 0 0 0 0 1
1685094314.060693502 0.19622168424460953 0.4274201994118018 0 0 0 0 1
1685094314.094026804 0.2187892406414741 0.42785732368390605 0 0 0 0 1
1685094314.127360106 0.239701054184687 0.41936134029828065 0 0 0 0 1
1685094314.160693407 0.2555691969583344 0.4033086855561494 0 0 0 0 1
1685094314.194026709 0.268995685927821 0.37141723743865207 0 0 0 0 1
1685094314.227360010 0.2824351280654015 0.33953124577915683 0 0 0 0 1
1685094314.260693550 0.2958875211535992 0.30765071583877807 0 0 0 0 1
1685094314.294026852 0.3093528629728005 0.27577565287772904 0 0 0 0 1
1685094314.327360153 0.31669229264808296 0.24312547696682252 0 0 0 0 1
1685094314.360693455 0.32452631002009535 0.2105904283763169 0 0 0 0 1
1685094314.394026756 0.3328531112081598 0.1781779987088883 0 0 0 0 1
1685094314.427360058 0.341670778861949 0.1458956513326693 0 0 0 0 1
1685094314.460693359 0.3633343154954748 0.1474476213651347 0 0 0 0 1
1685094314.494026899 0.36086769436927235 0.16902615724395545 0 0 0 0 1
1685094314.527360201 0.3394127590953652 0.16564929733477374 0 0 0 0 1
1685094314.560693502 0.34369381723466386 0.1443563414182804 0 0 0 0 1
1685094314.594026804 0.364786704791158 0.14953393979811597 0 0 0 0 1
1685094314.627360106 0.39366846704687936 0.1706382811945812 0 0 0 0 1
1685094314.660693407 0.42267760018000555 0.1915671992659753 0 0 0 0 1
1685094314.694026709 0.451813038711527 0.21231992531222035 0 0 0 0 1
1685094314.727360010 0.48005512428639563 0.2341228477407932 0 0 0 0 1
1685094314.760693550 0.5083837929560325 0.2558131533045812 0 0 0 0 1
1685094314.794026852 0.5367985956573461 0.27739049817113004 0 0 0 0 1
1685094314.827360153 0.5652990819618571 0.2988545402986267 0 0 0 0 1
1685094314.860693455 0.5694609006820892 0.3093635859618138 0 0 0 0 1
1685094314.894026756 0.5717680646608858 0.2740504727738663 0 0 0 0 1
1685094314.927360058 0.5876957699573294 0.24244909349005203 0 0 0 0 1
1685094314.960693359 0.6189261335837827 0.22060229916332263 0 0 0 0 1
1685094314.994026899 0.653911095018051 0.20548044385262548 0 0 0 0 1
1685094315.027360201 0.6912219433622826 0.19770107174244483 0 0 0 0 1
1685094315.060693502 0.7260126012607713 0.18888274793399082 0 0 0 0 1
1685094315.094026804 0.7609004674734332 0.18045722107047538 0 0 0 0 1
1685094315.127360106 0.7958811073547053 0.1724255621324249 0 0 0 0 1
1685094315.160693407 0.8309500744664338 0.1647887920352619 0 0 0 0 1
1685094315.194026709 0.8661029111430664 0.15754788149953486 0 0 0 0 1
1685094315.227360010 0.8900797265074016 0.1539031149752062 0 0 0 0 1
1685094315.260693550 0.925260162866686 0.14985588723873716 0 0 0 0 1
1685094315.294026852 0.9605137756068719 0.1465053733161433 0 0 0 0 1
1685094315.327360153 0.9958267683634474 0.14385288441804345 0 0 0 0 1
1685094315.360693455 1.0316559926887996 0.1413157418117829 0 0 0 0 1
1685094315.394026756 1.0674826454187727 0.1398033734026957 0 0 0 0 1
1685094315.427360058 1.1033328429809113 0.13902900992568865 0 0 0 0 1
1685094315.460693359 1.1391059738849678 0.13841974220747974 0 0 0 0 1
1685094315.494026899 1.1748820987878927 0.13802352413428812 0 0 0 0 1
1685094315.527360201 1.210659948867317 0.13784036975823252 0 0 0 0 1
1685094315.560693502 1.2461210483890417 0.1377632618956508 0 0 0 0 1
1685094315.594026804 1.2815822097439278 0.13780276221045168 0 0 0 0 1
1685094315.627360106 1.3170430494855943 0.13795887027551285 0 0 0 0 1
1685094315.660693407 1.352503184171138 0.1382315844028165 0 0 0 0 1
1685094315.694026709 1.3879622303652797 0.13862090164346755 0 0 0 0 1
1685094315.727360010 1.4234198046445095 0.13912681778772545 0 0 0 0 1
1685094315.760693550 1.4591823452204953 0.13927345896260737 0 0 0 0 1
1685094315.794026852 1.4949450180150718 0.1393832162916388 0 0 0 0 1
1685094315.827360153 1.53070778498794 0.13945608965807235 0 0 0 0 1
1685094315.860693455 1.5635526420297547 0.12731449584113994 0 0 0 0 1
1685094315.894026756 1.59730884784298 0.11341509487139394 0 0 0 0 1
1685094315.927360058 1.6329746478380065 0.10562885772259101 0 0 0 0 1
1685094315.960693359 1.6694523131307777 0.10419543070625506 0 0 0 0 1
1685094315.994026899 1.705619127090225 0.10915893211608019 0 0 0 0 1
1685094316.027360201 1.7403619405276831 0.12036659434656256 0 0 0 0 1
1685094316.060693502 1.7676490256639499 0.13517553653086714 0 0 0 0 1
1685094316.094026804 1.7925772997496385 0.1582346096990234 0 0 0 0 1
1685094316.127360106 1.7914960078236646 0.14628032856435436 0 0 0 0 1
1685094316.160693407 1.7803484446276119 0.15073070657817458 0 0 0 0 1
1685094316.194026709 1.7409474749947045 0.14428059974651908 0 0 0 0 1
1685094316.227360010 1.7010258146504484 0.14373167214573437 0 0 0 0 1
1685094316.260693550 1.6741779826434346 0.1565734338878962 0 0 0 0 1
1685094316.294026852 1.6557824917111563 0.1799683658493222 0 0 0 0 1
1685094316.327360153 1.6496361607426142 0.20908776734977247 0 0 0 0 1
1685094316.360693455 1.6570075889616793 0.23792141044478324 0 0 0 0 1
1685094316.394026756 1.676375317767214 0.26051804756260555 0 0 0 0 1
1685094316.427360058 1.7037418589249214 0.27221374562568806 0 0 0 0 1
1685094316.460693359 1.73686568093796 0.28148090658883396 0 0 0 0 1
1685094316.494026899 1.7698026533711824 0.29083491329275524 0 0 0 0 1
1685094316.527360201 1.8026483590541567 0.3005045158011996 0 0 0 0 1
1685094316.560693502 1.835399774083337 0.3104888238929127 0 0 0 0 1
1685094316.594026804 1.8680538832359432 0.3207869183736193 0 0 0 0 1
1685094316.627360106 1.9006076802475524 0.3313978511606473 0 0 0 0 1
1685094316.660693407 1.9225031866753506 0.33969861495557985 0 0 0 0 1
1685094316.694026709 1.9300321247662118 0.36187136788644064 0 0 0 0 1
1685094316.727360010 1.9177181454765455 0.3817882400144302 0 0 0 0 1
1685094316.760693550 1.894518109374459 0.3849622290142378 0 0 0 0 1
1685094316.794026852 1.8863662703895914 0.3635197617410028 0 0 0 0 1
1685094316.827360153 1.906862371384741 0.37382227238625704 0 0 0 0 1
1685094316.860693455 1.8847905510838527 0.38007260279386473 0 0 0 0 1
1685094316.894026756 1.8968416734239275 0.3605533217634706 0 0 0 0 1
1685094316.927360058 1.9100701564004785 0.38486359604288595 0 0 0 0 1
1685094316.960693359 1.9213835472746748 0.41012204778342154 0 0 0 0 1
1685094316.994026899 1.8948666176159048 0.37550707224040064 0 0 0 0 1
1685094317.027360201 1.908154440288962 0.4170375172052873 0 0 0 0 1
1685094317.060693502 1.9096530257014328 0.37345887183701515 0 0 0 0 1
1685094317.094026804 1.893543662836716 0.41397840439188294 0 0 0 0 1
1685094317.127360106 1.869817072186291 0.43599616007368436 0 0 0 0 1
1685094317.160693407 1.8702383510186626 0.4486147221347342 0 0 0 0 1
1685094317.194026709 1.8826239274378056 0.451064840725485 0 0 0 0 1
1685094317.227360010 1.8878178818126286 0.43955708584907965 0 0 0 0 1
1685094317.260693550 1.8777870819573832 0.4318897109001689 0 0 0 0 1
1685094317.294026852 1.868045476465181 0.43992131763714704 0 0 0 0 1
1685094317.327360153 1.8736597368877796 0.45122997203324644 0 0 0 0 1
1685094317.360693455 1.897921512047011 0.4701347167781588 0 0 0 0 1
1685094317.394026756 1.9215253463381983 0.489854810959008 0 0 0 0 1
1685094317.427360058 1.9444438519760059 0.5103673731362973 0 0 0 0 1
1685094317.460693359 1.9666504363693798 0.5316486023613056 0 0 0 0 1
1685094317.494026899 1.9890283876587909 0.5310697441306176 0 0 0 0 1
1685094317.527360201 2.020221397899025 0.5301108066814064 0 0 0 0 1
1685094317.560693502 2.0508009165571712 0.5288274943618138 0 0 0 0 1
1685094317.594026804 2.0817234017042097 0.5271920435389043 0 0 0 0 1
1685094317.627360106 2.1126676071970913 0.5260383826366988 0 0 0 0 1
1685094317.660693407 2.135825770335845 0.5234924786354909 0 0 0 0 1
1685094317.694026709 2.1541230509810103 0.5090705623919207 0 0 0 0 1
1685094317.727360010 2.1620084674057227 0.4871479175935995 0 0 0 0 1
1685094317.760693550 2.157089762348853 0.4643753795772077 0 0 0 0 1
1685094317.794026852 2.1408591598419413 0.44766162208802823 0 0 0 0 1
1685094317.827360153 2.1182406581380095 0.4420772216892617 0 0 0 0 1
1685094317.860693455 2.087416653059531 0.44957624343116576 0 0 0 0 1
1685094317.894026756 2.0566363277702098 0.4572525831349054 0 0 0 0 1
1685094317.927360058 2.025900702299183 0.4651059864142748 0 0 0 0 1
1685094317.960693359 1.995327975628543 0.4732157524458328 0 0 0 0 1
1685094317.994026899 2.0182877672337716 0.4726771702894835 0 0 0 0 1
1685094318.027360201 2.0067336938058244 0.49252523035882734 0 0 0 0 1
1685094318.060693502 1.995005447664097 0.5131454970525405 0 0 0 0 1
1685094318.094026804 1.9942742927193078 0.48456487179163144 0 0 0 0 1
1685094318.127360106 1.9915563417622215 0.45605667164529434 0 0 0 0 1
1685094318.160693407 1.9893391725613307 0.428676874626202 0 0 0 0 1
