1685094244.204463005 -1.3099215619386924e-18 6.692886498472722e-18 0 0 0 0 1
1685094244.237796307 0.00025392993088539195 -0.013467380970823499 0 0 0 0 1
1685094244.271129847 0.00034989180506573734 -0.02800540242908636 0 0 0 0 1
1685094244.304463148 0.0003382444960419171 -0.04351827636517785 0 0 0 0 1
1685094244.337796450 0.00029620654873327044 -0.05992905814617086 0 0 0 0 1
1685094244.371129751 0.00041057846946987783 -0.07719371786234382 0 0 0 0 1
1685094244.404463053 0.0008760874202106042 -0.09499417274386433 0 0 0 0 1
1685094244.437796354 0.008695174729683876 -0.10482181682055378 0 0 0 0 1
1685094244.471129656 0.012412447438145959 -0.12405288205886388 0 0 0 0 1
1685094244.504462957 0.016227408456171696 -0.14402246181446124 0 0 0 0 1
1685094244.537796497 0.019944774806629952 -0.16455811062890854 0 0 0 0 1
1685094244.571129799 0.023809819489021063 -0.18595623035282036 0 0 0 0 1
1685094244.604463100 0.027698544909138516 -0.20772710735955857 0 0 0 0 1
1685094244.637796402 0.031501349182564344 -0.22966522374046852 0 0 0 0 1
1685094244.671129704 0.03527416843529123 -0.2523330266657187 0 0 0 0 1
1685094244.704463005 0.03907512158458918 -0.27577887266171386 0 0 0 0 1
1685094244.737796307 0.04306608180530644 -0.30016604977146993 0 0 0 0 1
1685094244.771129847 0.04703336570230509 -0.32455708971130376 0 0 0 0 1
1685094244.804463148 0.05119332379221345 -0.34903696531176664 0 0 0 0 1
1685094244.837796450 0.05535345236479908 -0.3735168119408509 0 0 0 0 1
1685094244.871129751 0.05951375141986021 -0.3979966295973693 0 0 0 0 1
1685094244.904463053 0.06367422095719509 -0.42247641828013455 0 0 0 0 1
1685094244.937796354 0.06783486097660191 -0.44695617798795934 0 0 0 0 1
1685094244.971129656 0.06004378081864945 -0.4544532090686163 0 0 0 0 1
1685094245.004462957 0.08681152943208122 -0.46284488213778513 0 0 0 0 1
1685094245.037796497 0.11383778390493543 -0.47088171484584546 0 0 0 0 1
1685094245.071129799 0.14088819459910448 -0.4788368636241906 0 0 0 0 1
1685094245.104463100 0.16796251463436213 -0.4867102558687868 0 0 0 0 1
1685094245.137796402 0.19506049691226943 -0.49450181972176543 0 0 0 0 1
1685094245.171129704 0.22218189411842992 -0.5022114840720787 0 0 0 0 1
1685094245.204463005 0.24965735801794894 -0.5099991890472381 0 0 0 0 1
1685094245.237796307 0.2771730571338964 -0.5176435181502098 0 0 0 0 1
1685094245.271129847 0.30162775107857853 -0.5174362481963745 0 0 0 0 1
1685094245.304463148 0.33082544599750674 -0.5189646808256275 0 0 0 0 1
1685094245.337796450 0.3600578613687933 -0.5195191052492779 0 0 0 0 1
1685094245.371129751 0.3892925142136843 -0.5190989053924462 0 0 0 0 1
1685094245.404463053 0.4195991231618747 -0.518351295085315 0 0 0 0 1
1685094245.437796354 0.44990693148584376 -0.517653999088327 0 0 0 0 1
1685094245.471129656 0.47073367180834436 -0.5194262220850929 0 0 0 0 1
1685094245.504462957 0.4915712074917631 -0.5210666468634335 0 0 0 0 1
1685094245.537796497 0.512418704483573 -0.5225752077629725 0 0 0 0 1
1685094245.571129799 0.5332753283325314 -0.5239518444013764 0 0 0 0 1
1685094245.604463100 0.5541402442220803 -0.5251965016767712 0 0 0 0 1
1685094245.637796402 0.5750126170037603 -0.5263091297699478 0 0 0 0 1
1685094245.671129704 0.5933025849390753 -0.5189482640175985 0 0 0 0 1
1685094245.704463005 0.6179135090100054 -0.5365961591796493 0 0 0 0 1
1685094245.737796307 0.6424025829360245 -0.5540691382661702 0 0 0 0 1
1685094245.771129847 0.66703400780368 -0.5713408680261293 0 0 0 0 1
1685094245.804463148 0.6918061298031309 -0.5884101887963399 0 0 0 0 1
1685094245.837796450 0.7167172856778105 -0.6052759545038149 0 0 0 0 1
1685094245.871129751 0.7417658028361017 -0.6219370327427166 0 0 0 0 1
1685094245.904463053 0.7669499994636392 -0.6383923048503892 0 0 0 0 1
1685094245.937796354 0.7922681846362293 -0.6546406659824683 0 0 0 0 1
1685094245.971129656 0.817718658433383 -0.6706810251870624 0 0 0 0 1
1685094246.004462957 0.8432997120524526 -0.6865123054780023 0 0 0 0 1
1685094246.037796497 0.8690096279233642 -0.7021334439071523 0 0 0 0 1
1685094246.071129799 0.8948466798239396 -0.7175433916357784 0 0 0 0 1
1685094246.104463100 0.9208091329957987 -0.7327411140049706 0 0 0 0 1
1685094246.137796402 0.9468952442608348 -0.7477255906051116 0 0 0 0 1
1685094246.171129704 0.973103262138256 -0.7624958153443898 0 0 0 0 1
1685094246.204463005 0.9994314269621835 -0.7770507965163503 0 0 0 0 1
1685094246.237796307 1.0258779709997992 -0.7913895568664806 0 0 0 0 1
1685094246.271129847 1.0522462678395241 -0.8058480356893112 0 0 0 0 1
1685094246.304463148 1.0786705475831628 -0.8202039448603814 0 0 0 0 1
1685094246.337796450 1.1055878881576082 -0.8348807444571285 0 0 0 0 1
1685094246.371129751 1.1324142505501653 -0.8497231819519256 0 0 0 0 1
1685094246.404463053 1.15914861550806 -0.864730693414585 0 0 0 0 1
1685094246.437796354 1.18578996727391 -0.8799027086430243 0 0 0 0 1
1685094246.471129656 1.2061212419738772 -0.8850015073353645 0 0 0 0 1
1685094246.504462957 1.185325132755286 -0.8876245438198535 0 0 0 0 1
1685094246.537796497 1.2037535430047817 -0.8776369427712123 0 0 0 0 1
1685094246.571129799 1.178508688444593 -0.8948193878457684 0 0 0 0 1
1685094246.604463100 1.153938802708903 -0.9129538802687822 0 0 0 0 1
1685094246.637796402 1.1303344655521959 -0.9315506536062669 0 0 0 0 1
1685094246.671129704 1.106838089377563 -0.9502836463685941 0 0 0 0 1
1685094246.704463005 1.0844601756378072 -0.9684767548954364 0 0 0 0 1
1685094246.737796307 1.0622957633814365 -0.9864838559730716 0 0 0 0 1
1685094246.771129847 1.040588000366264 -1.0046354881435846 0 0 0 0 1
1685094246.804463148 1.01895263812085 -1.022585689381375 0 0 0 0 1
1685094246.837796450 0.9975888067103633 -1.0405822624817682 0 0 0 0 1
1685094246.871129751 0.976440625714796 -1.058439026092803 0 0 0 0 1
1685094246.904463053 0.9652027478325805 -1.0708663324620091 0 0 0 0 1
1685094246.937796354 0.9788099037836523 -1.0806424845584583 0 0 0 0 1
1685094246.971129656 0.9945442503443704 -1.0602568564180754 0 0 0 0 1
