1685094242.362542868 -5.3468691653921766e-20 8.83240632054486e-19 0 0 0 0 1
1685094242.395876169 -5.235231031750394e-05 -0.01804999862746985 0 0 0 0 1
1685094242.429209471 2.0583216434115583e-05 -0.03638366401701825 0 0 0 0 1
1685094242.462542772 0.00010676324164894615 -0.05529937769476487 0 0 0 0 1
1685094242.495876074 0.00018511777603803922 -0.07480497956237935 0 0 0 0 1
1685094242.529209375 0.0003562203291944544 -0.09469865338418575 0 0 0 0 1
1685094242.562542677 0.0004943953508335624 -0.11504345451222087 0 0 0 0 1
1685094242.595876217 0.000681395239010466 -0.1361382888403109 0 0 0 0 1
1685094242.629209518 0.0008217645792288166 -0.15776691415170738 0 0 0 0 1
1685094242.662542820 0.0007885152264231974 -0.17968360429799374 0 0 0 0 1
1685094242.695876122 0.0006712341694924068 -0.2019526849322122 0 0 0 0 1
1685094242.729209423 0.0004544968915999954 -0.22491029336533735 0 0 0 0 1
1685094242.762542725 0.00019758559010505728 -0.248589821339275 0 0 0 0 1
1685094242.795876026 3.670208956633151e-05 -0.2726993353851341 0 0 0 0 1
1685094242.829209328 -6.740449086295081e-05 -0.2979050943096604 0 0 0 0 1
1685094242.862542868 0.00047011177931416924 -0.3227064016792544 0 0 0 0 1
1685094242.895876169 0.0011122517400660036 -0.3481075080917378 0 0 0 0 1
1685094242.929209471 0.001751828785261655 -0.37402558068116 0 0 0 0 1
1685094242.962542772 0.0025902905521303895 -0.4002311407122566 0 0 0 0 1
1685094242.995876074 0.004893065318477405 -0.43105022517733227 0 0 0 0 1
1685094243.029209375 0.006967752462292766 -0.45725842968084757 0 0 0 0 1
1685094243.062542677 0.009312649275756379 -0.4837216903172061 0 0 0 0 1
1685094243.095876217 0.011454703959218866 -0.5104262736853054 0 0 0 0 1
1685094243.129209518 0.01374872726027734 -0.5370303217208566 0 0 0 0 1
1685094243.162542820 0.016546140017046865 -0.5639980670724631 0 0 0 0 1
1685094243.195876122 0.01929869956046281 -0.5912107105226779 0 0 0 0 1
1685094243.229209423 0.021766018901739376 -0.6185007135336186 0 0 0 0 1
1685094243.262542725 0.02389143865543216 -0.6455716484089838 0 0 0 0 1
1685094243.295876026 0.025802940807732714 -0.6727736191251833 0 0 0 0 1
1685094243.329209328 0.027444859327614625 -0.7001703775941611 0 0 0 0 1
1685094243.362542868 0.028906669757510155 -0.7278828815214522 0 0 0 0 1
1685094243.395876169 0.030232648617983283 -0.7559632030367939 0 0 0 0 1
1685094243.429209471 0.03140579018043659 -0.7840192675079782 0 0 0 0 1
1685094243.462542772 0.032779483240527846 -0.8121421631544622 0 0 0 0 1
1685094243.495876074 0.03438777709992594 -0.8403960903395564 0 0 0 0 1
1685094243.529209375 0.03623898979798976 -0.8684607094386494 0 0 0 0 1
1685094243.562542677 0.038348255717222425 -0.8962465168057763 0 0 0 0 1
1685094243.595876217 0.04067034562680696 -0.9241658689693257 0 0 0 0 1
1685094243.629209518 0.04324595089620534 -0.9520626718567884 0 0 0 0 1
1685094243.662542820 0.04592386194691181 -0.9801101760866149 0 0 0 0 1
1685094243.695876122 0.04899322461162882 -1.0082523147390259 0 0 0 0 1
1685094243.729209423 0.05222321854659533 -1.036426822280328 0 0 0 0 1
1685094243.762542725 0.0552503317300985 -1.0645295536538648 0 0 0 0 1
1685094243.795876026 0.05826006068005496 -1.0929182450529535 0 0 0 0 1
1685094243.829209328 0.06128442827412592 -1.1214448910813564 0 0 0 0 1
1685094243.862542868 0.0640995650847804 -1.1500599369183768 0 0 0 0 1
1685094243.895876169 0.06610513070237532 -1.1779899854443694 0 0 0 0 1
1685094243.929209471 0.06719238957662721 -1.2047740091787107 0 0 0 0 1
1685094243.962542772 0.06922267925261495 -1.2336810217707908 0 0 0 0 1
1685094243.995876074 0.07119361279857046 -1.2606091635435253 0 0 0 0 1
1685094244.029209375 0.07335522430267528 -1.2889273041979743 0 0 0 0 1
1685094244.062542677 0.07556947404908267 -1.3169538156406322 0 0 0 0 1
1685094244.095876217 0.07780556520909007 -1.344907134396334 0 0 0 0 1
1685094244.129209518 0.08044813142440008 -1.3727802888439873 0 0 0 0 1
1685094244.162542820 0.08308141127527806 -1.4007521212563496 0 0 0 0 1
1685094244.195876122 0.08596923904923423 -1.4290885078124644 0 0 0 0 1
1685094244.229209423 0.08979652524227653 -1.4650676084713652 0 0 0 0 1
1685094244.262542725 0.09327337456449457 -1.4940748081898731 0 0 0 0 1
1685094244.295876026 0.09702708550440832 -1.5233341378969802 0 0 0 0 1
1685094244.329209328 0.1008800779120933 -1.552406466739001 0 0 0 0 1
1685094244.362542868 0.10500571959390573 -1.5815903785502012 0 0 0 0 1
1685094244.395876169 0.10907811375645027 -1.6111676173018055 0 0 0 0 1
1685094244.429209471 0.11311175724881006 -1.6409984242843187 0 0 0 0 1
1685094244.462542772 0.11702972980190354 -1.6708443557905714 0 0 0 0 1
1685094244.495876074 0.12120445845093188 -1.700755876036687 0 0 0 0 1
1685094244.529209375 0.1251841221859129 -1.7304224408913607 0 0 0 0 1
1685094244.562542677 0.12891734454813328 -1.760110699451487 0 0 0 0 1
1685094244.595876217 0.1326700013023942 -1.7898853812194329 0 0 0 0 1
1685094244.629209518 0.13638583515561448 -1.819602053318066 0 0 0 0 1
1685094244.662542820 0.14017519679420304 -1.849219868613873 0 0 0 0 1
1685094244.695876122 0.14391660085733143 -1.8788236270428085 0 0 0 0 1
1685094244.729209423 0.14758380084532113 -1.9084517545773818 0 0 0 0 1
1685094244.762542725 0.15132071540173989 -1.9381341854065135 0 0 0 0 1
1685094244.795876026 0.1554284458402466 -1.9678963079897387 0 0 0 0 1
1685094244.829209328 0.15944748111828974 -1.9974868419240182 0 0 0 0 1
1685094244.862542868 0.16372699112641836 -2.0270298685298433 0 0 0 0 1
1685094244.895876169 0.16813385058988628 -2.056520965019943 0 0 0 0 1
1685094244.929209471 0.17238219146910966 -2.085435308197073 0 0 0 0 1
1685094244.962542772 0.17677509762033783 -2.1145897731109953 0 0 0 0 1
1685094244.995876074 0.1811906904067714 -2.144066231344441 0 0 0 0 1
1685094245.029209375 0.18563323656063532 -2.1738885334384404 0 0 0 0 1
1685094245.062542677 0.19009224183209664 -2.2038042279153465 0 0 0 0 1
1685094245.095876217 0.19433714025204085 -2.2335664569475946 0 0 0 0 1
1685094245.129209518 0.19807369161599592 -2.2634469608586643 0 0 0 0 1
1685094245.162542820 0.20139744449177663 -2.2934722960093312 0 0 0 0 1
1685094245.195876122 0.2045936874378485 -2.3233362297631963 0 0 0 0 1
1685094245.229209423 0.20811209196307434 -2.353177428300234 0 0 0 0 1
1685094245.262542725 0.20969538681318983 -2.380345181456721 0 0 0 0 1
1685094245.295876026 0.2094933909532337 -2.4102189915181826 0 0 0 0 1
1685094245.329209328 0.20924101621318095 -2.4397751843803386 0 0 0 0 1
1685094245.362542868 0.20952790250796774 -2.4694618910878554 0 0 0 0 1
1685094245.395876169 0.2104794573124244 -2.4992837241612076 0 0 0 0 1
1685094245.429209471 0.2120653868445032 -2.5291517592543733 0 0 0 0 1
1685094245.462542772 0.21355815709484932 -2.558596306297777 0 0 0 0 1
1685094245.495876074 0.2150983458596835 -2.5879172054312702 0 0 0 0 1
1685094245.529209375 0.21657758484590556 -2.6176742122190793 0 0 0 0 1
1685094245.562542677 0.2176735002539201 -2.6478747707315073 0 0 0 0 1
1685094245.595876217 0.2182291935399473 -2.677918271178782 0 0 0 0 1
1685094245.629209518 0.2180058323190917 -2.707999030000317 0 0 0 0 1
1685094245.662542820 0.21746258151652723 -2.7380074040222926 0 0 0 0 1
1685094245.695876122 0.21642213880561728 -2.767144852860796 0 0 0 0 1
1685094245.729209423 0.2152443799997224 -2.795845391900341 0 0 0 0 1
1685094245.762542725 0.21418930110505038 -2.8243000162554277 0 0 0 0 1
1685094245.795876026 0.21336144280721095 -2.8527448637992365 0 0 0 0 1
1685094245.829209328 0.2129628764824658 -2.881069082526241 0 0 0 0 1
1685094245.862542868 0.2121930106965193 -2.908661301324978 0 0 0 0 1
