1685094331.381058455 -6.26568734631272e-19 3.4375880018220277e-18 0 0 0 0 1
1685094331.414391756 0.0005679035482253943 -0.007275433587643392 0 0 0 0 1
1685094331.447725058 -0.0007734699921475164 -0.017728915108349806 0 0 0 0 1
1685094331.481058359 0.0032486151381514628 -0.034047212265126074 0 0 0 0 1
1685094331.514391661 0.005540221724525474 -0.0434102330782426 0 0 0 0 1
1685094331.547724962 0.010542306416864907 -0.058943294678610106 0 0 0 0 1
1685094331.581058502 6.129137112036615e-05 -0.08028460402721627 0 0 0 0 1
1685094331.614391804 0.004174004362031967 -0.0992827379254494 0 0 0 0 1
1685094331.647725105 0.005228794227418639 -0.12317543090162549 0 0 0 0 1
1685094331.681058407 0.014346169134416222 -0.1473319755677675 0 0 0 0 1
1685094331.714391708 0.01912038035510384 -0.16751059598124238 0 0 0 0 1
1685094331.747725010 0.023266786983386942 -0.18813053838119245 0 0 0 0 1
1685094331.781058311 0.027494140178504305 -0.20925501627620174 0 0 0 0 1
1685094331.814391613 0.0319396735842392 -0.23030373307438418 0 0 0 0 1
1685094331.847725153 0.036046534451727744 -0.2517207216852695 0 0 0 0 1
1685094331.881058455 0.03981009561309157 -0.27320069642287964 0 0 0 0 1
1685094331.914391756 0.04449522029574259 -0.29494413088674126 0 0 0 0 1
1685094331.947725058 0.049953984161729574 -0.316616166831929 0 0 0 0 1
1685094331.981058359 0.0553860181029102 -0.33855383195191896 0 0 0 0 1
1685094332.014391661 0.06096517440826892 -0.35736508524991545 0 0 0 0 1
1685094332.047724962 0.06782628185636536 -0.379331494650917 0 0 0 0 1
1685094332.081058502 0.07437823737469605 -0.4013988538918737 0 0 0 0 1
1685094332.114391804 0.08119397405639628 -0.42387071975551244 0 0 0 0 1
1685094332.147725105 0.08136224388726149 -0.4336940802765963 0 0 0 0 1
1685094332.181058407 0.08120723153446396 -0.4435176589439479 0 0 0 0 1
1685094332.214391708 0.08648702267603081 -0.4676902642625565 0 0 0 0 1
1685094332.247725010 0.09141681545777723 -0.4918580998178366 0 0 0 0 1
1685094332.281058311 0.09648092545785024 -0.5157677046619095 0 0 0 0 1
1685094332.314391613 0.10089996485373201 -0.5398048946954845 0 0 0 0 1
1685094332.347725153 0.10467073471641093 -0.5639522694707115 0 0 0 0 1
1685094332.381058455 0.09917755901347419 -0.5912595082243023 0 0 0 0 1
1685094332.414391756 0.10859154740816705 -0.5677196918380003 0 0 0 0 1
1685094332.447725058 0.117619947562862 -0.5444083962022874 0 0 0 0 1
1685094332.481058359 0.12669552353261682 -0.5211154265679513 0 0 0 0 1
1685094332.514391661 0.13581823811929056 -0.49784087840608604 0 0 0 0 1
1685094332.547724962 0.14498805393153472 -0.4745848471122816 0 0 0 0 1
1685094332.581058502 0.15440080167901818 -0.45030576892230223 0 0 0 0 1
1685094332.614391804 0.1580516484249683 -0.4405204269999565 0 0 0 0 1
1685094332.647725105 0.161321914625931 -0.4306014070143696 0 0 0 0 1
1685094332.681058407 0.16420672219504143 -0.42056350465437253 0 0 0 0 1
1685094332.714391708 0.16670176801412942 -0.41042169293948233 0 0 0 0 1
1685094332.747725010 0.17255414058519095 -0.38473442251134615 0 0 0 0 1
1685094332.781058311 0.17428626458240554 -0.3702660843875694 0 0 0 0 1
1685094332.814391613 0.1711496003675455 -0.34317377664928744 0 0 0 0 1
1685094332.847725153 0.16818265909328245 -0.3160623572755691 0 0 0 0 1
1685094332.881058455 0.16521806897718125 -0.2886393519537708 0 0 0 0 1
1685094332.914391756 0.16236510592947243 -0.2612012717239874 0 0 0 0 1
1685094332.947725058 0.16786509115678466 -0.25921465213606804 0 0 0 0 1
1685094332.981058359 0.16478979806961883 -0.23022144649257575 0 0 0 0 1
1685094333.014391661 0.16550855259689182 -0.25666121004215237 0 0 0 0 1
1685094333.047724962 0.16252613758300472 -0.24601304542463182 0 0 0 0 1
1685094333.081058502 0.17331060905721823 -0.2484570961726219 0 0 0 0 1
1685094333.114391804 0.1778257804743405 -0.26022838595137443 0 0 0 0 1
1685094333.147725105 0.1672477831317931 -0.2533686477491964 0 0 0 0 1
1685094333.181058407 0.13774017424767385 -0.24096277429068702 0 0 0 0 1
1685094333.214391708 0.10646596185302987 -0.2477839411572424 0 0 0 0 1
1685094333.247725010 0.08480419351112546 -0.27135028305895387 0 0 0 0 1
1685094333.281058311 0.06530174070743741 -0.29530490049359687 0 0 0 0 1
1685094333.314391613 0.047039429961463715 -0.3162275329852919 0 0 0 0 1
1685094333.347725153 0.031053760492239076 -0.33893715464188773 0 0 0 0 1
1685094333.381058455 0.03541137810276909 -0.33106194842251435 0 0 0 0 1
1685094333.414391756 0.022523689996493637 -0.3593378920232379 0 0 0 0 1
1685094333.447725058 0.02576222244271971 -0.346521919177942 0 0 0 0 1
1685094333.481058359 0.020310772980131408 -0.3632696491632826 0 0 0 0 1
1685094333.514391661 0.01760486126122932 -0.39293414003647376 0 0 0 0 1
1685094333.547724962 0.015138758038932875 -0.4210587533629551 0 0 0 0 1
1685094333.581058502 0.012540595871580141 -0.4520003674105853 0 0 0 0 1
1685094333.614391804 0.009892219405708187 -0.4829377239333294 0 0 0 0 1
1685094333.647725105 0.007193635617342563 -0.513870741439831 0 0 0 0 1
1685094333.681058407 0.004444851614758803 -0.5447993384501629 0 0 0 0 1
1685094333.714391708 -0.0017152284302859317 -0.5568465979177275 0 0 0 0 1
1685094333.747725010 -0.007783597837640691 -0.56894031279679 0 0 0 0 1
1685094333.781058311 -0.013759906294856369 -0.5810797849461214 0 0 0 0 1
1685094333.814391613 -0.01583322346853665 -0.6129888013492341 0 0 0 0 1
1685094333.847725153 -0.018106606711187138 -0.6448841881716073 0 0 0 0 1
1685094333.881058455 -0.020579966615307803 -0.6767646910330974 0 0 0 0 1
1685094333.914391756 -0.023253205908726635 -0.7086290561389159 0 0 0 0 1
1685094333.947725058 -0.026126219458425238 -0.7404760303289395 0 0 0 0 1
1685094333.981058359 -0.029198894274673502 -0.772304361126994 0 0 0 0 1
1685094334.014391661 -0.03247110951547316 -0.8041127967901112 0 0 0 0 1
1685094334.047724962 -0.03594273649131037 -0.835900086357758 0 0 0 0 1
1685094334.081058502 -0.03961363867021671 -0.8676649797010337 0 0 0 0 1
1685094334.114391804 -0.043483671683138776 -0.8994062275718354 0 0 0 0 1
1685094334.147725105 -0.046932568050665306 -0.9299939427994008 0 0 0 0 1
1685094334.181058407 -0.050255687963779196 -0.9605955780994896 0 0 0 0 1
1685094334.214391708 -0.0534529752593666 -0.9912106162824813 0 0 0 0 1
1685094334.247725010 -0.05652437590097538 -1.0218385399322374 0 0 0 0 1
1685094334.281058311 -0.05963357539719441 -1.051774188088952 0 0 0 0 1
1685094334.314391613 -0.062419600967500474 -1.0817357636427727 0 0 0 0 1
1685094334.347725153 -0.06513856336540788 -1.111703499486918 0 0 0 0 1
1685094334.381058455 -0.06779044897169577 -1.1416772455136805 0 0 0 0 1
1685094334.414391756 -0.07037524450312944 -1.1716568515852483 0 0 0 0 1
1685094334.447725058 -0.07289293701252691 -1.2016421675344564 0 0 0 0 1
1685094334.481058359 -0.0752706546801877 -1.2317832001587052 0 0 0 0 1
1685094334.514391661 -0.08088965665462286 -1.2556734788979358 0 0 0 0 1
1685094334.547724962 -0.08691338636735621 -1.279464932863063 0 0 0 0 1
1685094334.581058502 -0.09334010795292823 -1.3031507060420913 0 0 0 0 1
1685094334.614391804 -0.09745553222742169 -1.3338834652314695 0 0 0 0 1
1685094334.647725105 -0.10153473927442459 -1.364621052550891 0 0 0 0 1
1685094334.681058407 -0.10594029874209646 -1.3952251082894813 0 0 0 0 1
1685094334.714391708 -0.11087502231769664 -1.4257483074191004 0 0 0 0 1
1685094334.747725010 -0.11633743088857988 -1.456181501048404 0 0 0 0 1
1685094334.781058311 -0.12232588717608889 -1.4865155672639074 0 0 0 0 1
1685094334.814391613 -0.12883859622630495 -1.5167414138641462 0 0 0 0 1
1685094334.847725153 -0.13514417661363998 -1.5474344715558488 0 0 0 0 1
1685094334.881058455 -0.14191587122708152 -1.5782996462036047 0 0 0 0 1
1685094334.914391756 -0.14854399150578448 -1.6091959708320334 0 0 0 0 1
1685094334.947725058 -0.16001820305396477 -1.5998382004107305 0 0 0 0 1
1685094334.981058359 -0.14582963495517798 -1.6040702133143367 0 0 0 0 1
1685094335.014391661 -0.16055526012426244 -1.605613379309889 0 0 0 0 1
1685094335.047724962 -0.14755229118397015 -1.5985318401658895 0 0 0 0 1
1685094335.081058502 -0.15683723992927884 -1.6100650584811382 0 0 0 0 1
1685094335.114391804 -0.1823180382742327 -1.6188323755749976 0 0 0 0 1
1685094335.147725105 -0.2078851169311322 -1.6103199480556354 0 0 0 0 1
1685094335.181058407 -0.2230249582692466 -1.588028197617924 0 0 0 0 1
1685094335.214391708 -0.22151186122312508 -1.5611237840274088 0 0 0 0 1
1685094335.247725010 -0.2039680311172353 -1.5406701545564285 0 0 0 0 1
1685094335.281058311 -0.17760772068666758 -1.535078109552623 0 0 0 0 1
1685094335.314391613 -0.15327063485752704 -1.546647171168222 0 0 0 0 1
1685094335.347725153 -0.14096450209887051 -1.570619989731061 0 0 0 0 1
1685094335.381058455 -0.14574976539131734 -1.5971386282432933 0 0 0 0 1
1685094335.414391756 -0.165658661789872 -1.6152982751977938 0 0 0 0 1
1685094335.447725058 -0.19250439232139088 -1.6176314459051273 0 0 0 0 1
1685094335.481058359 -0.21524764095604662 -1.6031787100097088 0 0 0 0 1
1685094335.514391661 -0.22453608595582097 -1.5778832218189929 0 0 0 0 1
1685094335.547724962 -0.21655019707333292 -1.5521468174066233 0 0 0 0 1
1685094335.581058502 -0.18850790381849852 -1.5403067978065665 0 0 0 0 1
1685094335.614391804 -0.21826038665828815 -1.533876709161153 0 0 0 0 1
1685094335.647725105 -0.19761012142931939 -1.5562401351306483 0 0 0 0 1
1685094335.681058407 -0.20165361631623163 -1.5260705076185401 0 0 0 0 1
1685094335.714391708 -0.20709538929584906 -1.507959245088858 0 0 0 0 1
1685094335.747725010 -0.18824884704012454 -1.5095208367717106 0 0 0 0 1
1685094335.781058311 -0.19659727886070982 -1.526489466937926 0 0 0 0 1
1685094335.814391613 -0.19723351152075666 -1.535495228739171 0 0 0 0 1
1685094335.847725153 -0.20079248355250134 -1.5437923520777586 0 0 0 0 1
1685094335.881058455 -0.21936061838023663 -1.5694847680025055 0 0 0 0 1
1685094335.914391756 -0.23799365957568971 -1.5951301504882418 0 0 0 0 1
1685094335.947725058 -0.2566914880028171 -1.6207283355633766 0 0 0 0 1
1685094335.981058359 -0.2754539841113387 -1.6462791595580908 0 0 0 0 1
1685094336.014391661 -0.29428102793750144 -1.6717824591053825 0 0 0 0 1
1685094336.047724962 -0.3124553458154526 -1.696908020972776 0 0 0 0 1
1685094336.081058502 -0.33063815069127106 -1.7220274416732806 0 0 0 0 1
1685094336.114391804 -0.34882944048983494 -1.7471407183401297 0 0 0 0 1
1685094336.147725105 -0.36702921313505377 -1.7722478481072572 0 0 0 0 1
1685094336.181058407 -0.3852374665498691 -1.7973488281092989 0 0 0 0 1
1685094336.214391708 -0.40345419865625465 -1.8224436554815924 0 0 0 0 1
1685094336.247725010 -0.4213309850220511 -1.8472353636145415 0 0 0 0 1
1685094336.281058311 -0.43871940999288683 -1.8729892789930571 0 0 0 0 1
1685094336.314391613 -0.4568496821347812 -1.8991306551387652 0 0 0 0 1
1685094336.347725153 -0.4748429710065912 -1.9257056762800666 0 0 0 0 1
1685094336.381058455 -0.48728482692553204 -1.9478744005806559 0 0 0 0 1
1685094336.414391756 -0.4978128145306855 -1.9710134064540494 0 0 0 0 1
1685094336.447725058 -0.5012532957852502 -1.9793578024463514 0 0 0 0 1
1685094336.481058359 -0.50435435536476 -1.987834198214818 0 0 0 0 1
1685094336.514391661 -0.512822558981092 -2.0177316934741447 0 0 0 0 1
1685094336.547724962 -0.5300656367665797 -2.050685232205947 0 0 0 0 1
1685094336.581058502 -0.5304823338675164 -2.0878750938619257 0 0 0 0 1
1685094336.614391804 -0.5139819540209576 -2.1212067141553352 0 0 0 0 1
1685094336.647725105 -0.498117349426514 -2.149099496637902 0 0 0 0 1
1685094336.681058407 -0.5079858979567516 -2.160734672851034 0 0 0 0 1
1685094336.714391708 -0.5187699956095446 -2.171526744636346 0 0 0 0 1
1685094336.747725010 -0.5303978741980394 -2.1814038907391193 0 0 0 0 1
1685094336.781058311 -0.5427921501719268 -2.190300378736493 0 0 0 0 1
1685094336.814391613 -0.5558703396050921 -2.1981570024868415 0 0 0 0 1
1685094336.847725153 -0.5611611862009115 -2.229213725925842 0 0 0 0 1
1685094336.881058455 -0.5398901940142622 -2.2524528743582297 0 0 0 0 1
1685094336.914391756 -0.5170955271297482 -2.2749014325038766 0 0 0 0 1
1685094336.947725058 -0.494018780568667 -2.297059915514905 0 0 0 0 1
1685094336.981058359 -0.47084834473900095 -2.3188440042068765 0 0 0 0 1
1685094337.014391661 -0.4475786890998704 -2.3403366221402537 0 0 0 0 1
1685094337.047724962 -0.4242125234175899 -2.3617242774699534 0 0 0 0 1
1685094337.081058502 -0.4006366745239001 -2.383853769766612 0 0 0 0 1
1685094337.114391804 -0.3771097793329648 -2.405567188840333 0 0 0 0 1
1685094337.147725105 -0.35317971938358916 -2.4268354655927067 0 0 0 0 1
1685094337.181058407 -0.3289848893373535 -2.4482613737717283 0 0 0 0 1
1685094337.214391708 -0.30464156120052727 -2.4694441533685203 0 0 0 0 1
1685094337.247725010 -0.2901375695563098 -2.4817967837656765 0 0 0 0 1
1685094337.281058311 -0.2751613134274843 -2.4935723943107004 0 0 0 0 1
1685094337.314391613 -0.2756467151005952 -2.50408903944964 0 0 0 0 1
1685094337.347725153 -0.2856357632992934 -2.5074138485940467 0 0 0 0 1
1685094337.381058455 -0.29232693522546227 -2.4992858932535507 0 0 0 0 1
1685094337.414391756 -0.3038526296172603 -2.4874769077115406 0 0 0 0 1
1685094337.447725058 -0.3054853780234421 -2.471056557429447 0 0 0 0 1
1685094337.481058359 -0.2965108137986262 -2.4572091400630502 0 0 0 0 1
1685094337.514391661 -0.28085552435503724 -2.4519932333171446 0 0 0 0 1
1685094337.547724962 -0.26455512897982497 -2.4429383113750984 0 0 0 0 1
1685094337.581058502 -0.2608370406531911 -2.424666192725086 0 0 0 0 1
1685094337.614391804 -0.27230269160902215 -2.409961317719706 0 0 0 0 1
1685094337.647725105 -0.29092991793977135 -2.4091122358698054 0 0 0 0 1
1685094337.681058407 -0.30368582135262556 -2.422713023673706 0 0 0 0 1
1685094337.714391708 -0.30164548791457224 -2.4412476275331456 0 0 0 0 1
1685094337.747725010 -0.3087884323771757 -2.431429871171743 0 0 0 0 1
1685094337.781058311 -0.33502991047014535 -2.4168685330176762 0 0 0 0 1
1685094337.814391613 -0.36016675929423503 -2.4027671804089747 0 0 0 0 1
1685094337.847725153 -0.38441052025323313 -2.3873676851409287 0 0 0 0 1
1685094337.881058455 -0.4082678173936883 -2.371376006895677 0 0 0 0 1
1685094337.914391756 -0.4262856311911536 -2.373740507456547 0 0 0 0 1
1685094337.947725058 -0.4521561968520711 -2.3843418047806084 0 0 0 0 1
1685094337.981058359 -0.4772636402202035 -2.395230871667176 0 0 0 0 1
1685094338.014391661 -0.5018522477522286 -2.405882546033268 0 0 0 0 1
1685094338.047724962 -0.5252713491831378 -2.4155849081093668 0 0 0 0 1
1685094338.081058502 -0.5490355459429203 -2.4244083481442553 0 0 0 0 1
1685094338.114391804 -0.5713424977110066 -2.432901644812813 0 0 0 0 1
