1685093611.360792160 -6.467327924416413e-20 1.394965654815652e-18 0 0 0 0 1
1685093611.394125462 -0.001410637117591496 -0.010362642781712906 0 0 0 0 1
1685093611.427458763 -0.002736090173774369 -0.020750231122734625 0 0 0 0 1
1685093611.460792065 -0.003534752265280359 -0.031180554703054322 0 0 0 0 1
1685093611.494125605 -0.00365537773791858 -0.04316021021530212 0 0 0 0 1
1685093611.527458906 -0.0027104060898515436 -0.05229866713234323 0 0 0 0 1
1685093611.560792208 -0.0012454114896575986 -0.061415293488792995 0 0 0 0 1
1685093611.594125509 0.0003663513394402684 -0.07058251726022857 0 0 0 0 1
1685093611.627458811 0.0014044679612665069 -0.07766705230803106 0 0 0 0 1
1685093611.660792112 0.00274295196610611 -0.08763232936977389 0 0 0 0 1
1685093611.694125414 0.004152718675469922 -0.0981704550017273 0 0 0 0 1
1685093611.727458715 0.004904444010127994 -0.1091759017457347 0 0 0 0 1
1685093611.760792255 0.005389099597061312 -0.12118376394825296 0 0 0 0 1
1685093611.794125557 0.005730040931844063 -0.13347841597763063 0 0 0 0 1
1685093611.827458858 0.005993857634429627 -0.1456547065232474 0 0 0 0 1
1685093611.860792160 0.00573262203201238 -0.158165968405696 0 0 0 0 1
1685093611.894125462 0.005576377915894975 -0.17426679167263312 0 0 0 0 1
1685093611.927458763 0.00703199953604687 -0.1856952037195126 0 0 0 0 1
1685093611.960792065 0.010181007399298298 -0.1996757789570166 0 0 0 0 1
1685093611.994125605 0.012296414387556007 -0.21379411961800518 0 0 0 0 1
1685093612.027458906 0.014540916390949114 -0.22840167411426396 0 0 0 0 1
1685093612.060792208 0.016830607454679156 -0.24359811402573436 0 0 0 0 1
1685093612.094125509 0.019161320307551095 -0.2594884152266616 0 0 0 0 1
1685093612.127458811 0.02168153505464368 -0.2753098539257371 0 0 0 0 1
1685093612.160792112 0.02431465561016919 -0.2913616455970495 0 0 0 0 1
1685093612.194125414 0.02709216975708479 -0.30742877524586226 0 0 0 0 1
1685093612.227458715 0.029779008943980105 -0.32369580934544084 0 0 0 0 1
1685093612.260792255 0.03255740534175013 -0.34028700048495003 0 0 0 0 1
1685093612.294125557 0.0374517967228781 -0.35814432140258395 0 0 0 0 1
1685093612.327458858 0.04102668620207402 -0.3747258084027519 0 0 0 0 1
1685093612.360792160 0.04428804171559052 -0.39081424255115377 0 0 0 0 1
1685093612.394125462 0.0472511352860861 -0.40677534632926154 0 0 0 0 1
1685093612.427458763 0.0507003128091587 -0.42267337193216453 0 0 0 0 1
1685093612.460792065 0.052864407148536324 -0.43585951298899733 0 0 0 0 1
1685093612.494125605 0.0532816486529576 -0.45074982560992655 0 0 0 0 1
1685093612.527458906 0.055301563658558935 -0.46495184183927685 0 0 0 0 1
1685093612.560792208 0.05490723613486455 -0.4817453156384565 0 0 0 0 1
1685093612.594125509 0.05442788597625151 -0.4989704415677731 0 0 0 0 1
1685093612.627458811 0.05385708291993175 -0.5165330001991573 0 0 0 0 1
1685093612.660792112 0.05327847191132016 -0.5345667801314666 0 0 0 0 1
1685093612.694125414 0.05217770239942415 -0.5508922058888723 0 0 0 0 1
1685093612.727458715 0.05286200126742674 -0.569872942798141 0 0 0 0 1
1685093612.760792255 0.0535497972873119 -0.5889902380830749 0 0 0 0 1
1685093612.794125557 0.0542937985195032 -0.6081659930186708 0 0 0 0 1
1685093612.827458858 0.05490780532537513 -0.6275969643942156 0 0 0 0 1
1685093612.860792160 0.05557672619759772 -0.6471606948463505 0 0 0 0 1
1685093612.894125462 0.056192713126125705 -0.6670764442030895 0 0 0 0 1
1685093612.927458763 0.057038997646979055 -0.687551261061295 0 0 0 0 1
1685093612.960792065 0.05803654297838586 -0.7079417633417412 0 0 0 0 1
1685093612.994125605 0.058808598164414846 -0.7286105065017119 0 0 0 0 1
1685093613.027458906 0.059515673850175116 -0.7494058367198398 0 0 0 0 1
1685093613.060792208 0.06017662686930142 -0.7703747547476356 0 0 0 0 1
1685093613.094125509 0.060757215532274984 -0.7911725022341997 0 0 0 0 1
1685093613.127458811 0.06130545761194541 -0.8117083975706217 0 0 0 0 1
1685093613.160792112 0.062135619017249274 -0.8319673999805288 0 0 0 0 1
1685093613.194125414 0.062619516499188 -0.8515125159109597 0 0 0 0 1
1685093613.227458715 0.06441644989088836 -0.8706839616612453 0 0 0 0 1
1685093613.260792255 0.06516955137225668 -0.8905267607570183 0 0 0 0 1
1685093613.294125557 0.06602878064953219 -0.910604562433007 0 0 0 0 1
1685093613.327458858 0.06699219374126739 -0.9304356645025151 0 0 0 0 1
1685093613.360792160 0.0680270105791803 -0.950219483274667 0 0 0 0 1
1685093613.394125462 0.06882047248807147 -0.9699258262570645 0 0 0 0 1
1685093613.427458763 0.07414737209290295 -0.9772581878372493 0 0 0 0 1
1685093613.460792065 0.07764955538745896 -0.9963808931052552 0 0 0 0 1
1685093613.494125605 0.07994441689932871 -1.00990170306257 0 0 0 0 1
1685093613.527458906 0.09231153795318926 -1.0258513425385019 0 0 0 0 1
1685093613.560792208 0.10491366426751782 -1.0419997161643724 0 0 0 0 1
1685093613.594125509 0.11777786985603961 -1.0551733769865435 0 0 0 0 1
1685093613.627458811 0.13172685045759 -1.0710765846117662 0 0 0 0 1
1685093613.660792112 0.1456929746536397 -1.0871285228074499 0 0 0 0 1
1685093613.694125414 0.15954932096630087 -1.1029567213878517 0 0 0 0 1
1685093613.727458715 0.17313450752956497 -1.1185634510721065 0 0 0 0 1
1685093613.760792255 0.18651406498200154 -1.1337937557886564 0 0 0 0 1
1685093613.794125557 0.19997874244686759 -1.1491574618870175 0 0 0 0 1
1685093613.827458858 0.21352572882764703 -1.1646350557985976 0 0 0 0 1
1685093613.860792160 0.2266324776624933 -1.1791218194571176 0 0 0 0 1
1685093613.894125462 0.236782836615145 -1.1931849266713828 0 0 0 0 1
1685093613.927458763 0.2454229474065969 -1.2082231864410182 0 0 0 0 1
1685093613.960792065 0.25473616306798325 -1.2260195337352864 0 0 0 0 1
1685093613.994125605 0.2607566115733069 -1.2426614057513548 0 0 0 0 1
1685093614.027458906 0.2688954385734545 -1.261250798658022 0 0 0 0 1
1685093614.060792208 0.2772704574490538 -1.279721215759365 0 0 0 0 1
1685093614.094125509 0.2850762563774761 -1.2981679074325219 0 0 0 0 1
1685093614.127458811 0.2931742944474372 -1.3165952452301393 0 0 0 0 1
1685093614.160792112 0.301577136065287 -1.3350519229275664 0 0 0 0 1
1685093614.194125414 0.309978400098742 -1.3531652066625144 0 0 0 0 1
1685093614.227458715 0.31845897201144274 -1.3712117677195688 0 0 0 0 1
1685093614.260792255 0.3269114265261421 -1.388786558568153 0 0 0 0 1
1685093614.294125557 0.3358121532827872 -1.404672185087531 0 0 0 0 1
1685093614.327458858 0.3432165457178002 -1.4220690916728327 0 0 0 0 1
1685093614.360792160 0.349995148337027 -1.435548358371264 0 0 0 0 1
1685093614.394125462 0.3592060449552087 -1.4516266996100864 0 0 0 0 1
1685093614.427458763 0.3685484060191955 -1.468098948101934 0 0 0 0 1
1685093614.460792065 0.3782003436352238 -1.4847619775063348 0 0 0 0 1
1685093614.494125605 0.38792394943695574 -1.5014722500733042 0 0 0 0 1
1685093614.527458906 0.3978881802228607 -1.51827877111553 0 0 0 0 1
1685093614.560792208 0.40791976658798906 -1.5351546232773723 0 0 0 0 1
1685093614.594125509 0.42630437759414613 -1.5574915063556598 0 0 0 0 1
1685093614.627458811 0.44189469084405303 -1.5705420528082117 0 0 0 0 1
1685093614.660792112 0.4575807541046656 -1.583605730955139 0 0 0 0 1
1685093614.694125414 0.46811587146044414 -1.5976423121121837 0 0 0 0 1
1685093614.727458715 0.48099527491731975 -1.6139028332020149 0 0 0 0 1
1685093614.760792255 0.49415098934420365 -1.6303889001924563 0 0 0 0 1
1685093614.794125557 0.5114285042186008 -1.6456264608281532 0 0 0 0 1
1685093614.827458858 0.5261251193808705 -1.661382482543204 0 0 0 0 1
1685093614.860792160 0.5407865574071901 -1.6776454668125507 0 0 0 0 1
1685093614.894125462 0.5552199061288808 -1.69372572346602 0 0 0 0 1
1685093614.927458763 0.5691762312729649 -1.7099417673757848 0 0 0 0 1
1685093614.960792065 0.5830249889245626 -1.7260302021186098 0 0 0 0 1
1685093614.994125605 0.5967432920742575 -1.7423312098494623 0 0 0 0 1
1685093615.027458906 0.6106581933509627 -1.7588381197112224 0 0 0 0 1
1685093615.060792208 0.6244204064479617 -1.775098216317513 0 0 0 0 1
1685093615.094125509 0.6386591777388944 -1.7911759857343819 0 0 0 0 1
1685093615.127458811 0.6491126946275726 -1.8083394711882863 0 0 0 0 1
1685093615.160792112 0.6615109819845694 -1.8245768655089734 0 0 0 0 1
1685093615.194125414 0.6736614717962551 -1.8435867752893458 0 0 0 0 1
1685093615.227458715 0.6859458278777436 -1.862648338363984 0 0 0 0 1
1685093615.260792255 0.6983144660761424 -1.8816391183422112 0 0 0 0 1
1685093615.294125557 0.7107126865445478 -1.9005737983655733 0 0 0 0 1
1685093615.327458858 0.7224934198729657 -1.9197562051390287 0 0 0 0 1
1685093615.360792160 0.7357933351024589 -1.9382170584944385 0 0 0 0 1
1685093615.394125462 0.748907343404349 -1.9567344118259002 0 0 0 0 1
1685093615.427458763 0.7617243349071016 -1.9745944063515222 0 0 0 0 1
1685093615.460792065 0.7746935906826341 -1.9921771001243813 0 0 0 0 1
1685093615.494125605 0.7874920372160729 -2.009464398113302 0 0 0 0 1
1685093615.527458906 0.8006681339873335 -2.0267594199603347 0 0 0 0 1
1685093615.560792208 0.8139606277789158 -2.0438149715045713 0 0 0 0 1
1685093615.594125509 0.8271867216493214 -2.060492919447531 0 0 0 0 1
1685093615.627458811 0.8403261585651979 -2.07691317055192 0 0 0 0 1
1685093615.660792112 0.8538718746394262 -2.093666485635601 0 0 0 0 1
1685093615.694125414 0.8677726748788234 -2.1111513422511528 0 0 0 0 1
1685093615.727458715 0.8820338081988798 -2.1290853881282445 0 0 0 0 1
1685093615.760792255 0.8965292324136261 -2.147489254135163 0 0 0 0 1
1685093615.794125557 0.9117149927332965 -2.1657496306846102 0 0 0 0 1
1685093615.827458858 0.9265283285702037 -2.184671920418223 0 0 0 0 1
1685093615.860792160 0.9366030947740454 -2.1937862679659434 0 0 0 0 1
1685093615.894125462 0.9564791047415468 -2.20728486607188 0 0 0 0 1
1685093615.927458763 0.9757803672086854 -2.220347961403889 0 0 0 0 1
1685093615.960792065 0.9949695248170065 -2.233425170488586 0 0 0 0 1
1685093615.994125605 1.0142437102204698 -2.2467078224479273 0 0 0 0 1
1685093616.027458906 1.0341914116669082 -2.260169479560646 0 0 0 0 1
1685093616.060792208 1.054334779719854 -2.273759479081145 0 0 0 0 1
1685093616.094125509 1.073592475798201 -2.288421677799071 0 0 0 0 1
1685093616.127458811 1.0886444936251145 -2.3060757128001503 0 0 0 0 1
1685093616.160792112 1.105269676219984 -2.3225393511081176 0 0 0 0 1
1685093616.194125414 1.1220207461010199 -2.339519711335526 0 0 0 0 1
1685093616.227458715 1.1387038294598697 -2.3563354112714814 0 0 0 0 1
1685093616.260792255 1.1544198789482158 -2.3728978954489586 0 0 0 0 1
1685093616.294125557 1.1703493303906667 -2.390519761430151 0 0 0 0 1
1685093616.327458858 1.186240838607952 -2.408040952177588 0 0 0 0 1
1685093616.360792160 1.202309485628824 -2.425437159213512 0 0 0 0 1
1685093616.394125462 1.2165830149873962 -2.4404193663335207 0 0 0 0 1
1685093616.427458763 1.2302629064092465 -2.458731296009323 0 0 0 0 1
1685093616.460792065 1.2436093834350874 -2.4765491273114777 0 0 0 0 1
1685093616.494125605 1.257829364724454 -2.496933540967615 0 0 0 0 1
1685093616.527458906 1.2694367759939018 -2.5154735918157036 0 0 0 0 1
1685093616.560792208 1.2806427126014643 -2.5334393209201163 0 0 0 0 1
1685093616.594125509 1.291866421432045 -2.5513054195312392 0 0 0 0 1
1685093616.627458811 1.3030984295436434 -2.5689781781121113 0 0 0 0 1
1685093616.660792112 1.3146130012206476 -2.586833495511346 0 0 0 0 1
1685093616.694125414 1.3262249750503023 -2.6049405317544134 0 0 0 0 1
1685093616.727458715 1.3376513412380155 -2.623015162262019 0 0 0 0 1
1685093616.760792255 1.348809835495336 -2.641166412353632 0 0 0 0 1
1685093616.794125557 1.354134824426419 -2.6510519589834614 0 0 0 0 1
1685093616.827458858 1.3593221395022015 -2.668867547981594 0 0 0 0 1
1685093616.860792160 1.3630157662419518 -2.6897212330674654 0 0 0 0 1
1685093616.894125462 1.3633802756170048 -2.705315471550593 0 0 0 0 1
1685093616.927458763 1.362674444162826 -2.724590949064794 0 0 0 0 1
1685093616.960792065 1.3619007219049413 -2.7421394222318165 0 0 0 0 1
1685093616.994125605 1.3609869020093794 -2.7588282406809492 0 0 0 0 1
1685093617.027458906 1.3603196407084637 -2.7754405649745206 0 0 0 0 1
1685093617.060792208 1.3613796333278327 -2.7890199532018602 0 0 0 0 1
1685093617.094125509 1.361066866242888 -2.8037726600225588 0 0 0 0 1
1685093617.127458811 1.3610583594071863 -2.820489761729022 0 0 0 0 1
1685093617.160792112 1.3612531257093952 -2.8374574570585525 0 0 0 0 1
1685093617.194125414 1.3600620579839517 -2.8543048838662775 0 0 0 0 1
1685093617.227458715 1.3581046818470606 -2.87387503098519 0 0 0 0 1
1685093617.260792255 1.3551964872340425 -2.8923926805346394 0 0 0 0 1
1685093617.294125557 1.3521416633740486 -2.910186226779584 0 0 0 0 1
1685093617.327458858 1.3491027770223654 -2.928089744185913 0 0 0 0 1
1685093617.360792160 1.3413797242563725 -2.9366791357547686 0 0 0 0 1
1685093617.394125462 1.3417809912258079 -2.9550542414387766 0 0 0 0 1
1685093617.427458763 1.3420664593984977 -2.973820995733577 0 0 0 0 1
1685093617.460792065 1.3419903071985304 -2.9927723288035946 0 0 0 0 1
1685093617.494125605 1.342740524859208 -3.0098994150451794 0 0 0 0 1
1685093617.527458906 1.3437758278259573 -3.029489715004612 0 0 0 0 1
1685093617.560792208 1.3446338287860202 -3.0493616357788893 0 0 0 0 1
1685093617.594125509 1.3455144385811244 -3.068806672787012 0 0 0 0 1
1685093617.627458811 1.3464601243744592 -3.087827774458754 0 0 0 0 1
1685093617.660792112 1.347354732228748 -3.10649500718732 0 0 0 0 1
1685093617.694125414 1.3483924498713407 -3.1243497674182583 0 0 0 0 1
1685093617.727458715 1.348337763562491 -3.13211781050458 0 0 0 0 1
1685093617.760792255 1.3483670229120233 -3.1492882008517777 0 0 0 0 1
1685093617.794125557 1.3480204338559658 -3.165922604424494 0 0 0 0 1
1685093617.827458858 1.3474410648835922 -3.1818896611152025 0 0 0 0 1
1685093617.860792160 1.3484217176463604 -3.1953466424182273 0 0 0 0 1
1685093617.894125462 1.3490334890702118 -3.210977143448842 0 0 0 0 1
1685093617.927458763 1.3495646772429404 -3.2263677784842875 0 0 0 0 1
1685093617.960792065 1.3502701302872258 -3.2413957178702506 0 0 0 0 1
1685093617.994125605 1.3506190895821923 -3.253069954494777 0 0 0 0 1
1685093618.027458906 1.3499989308821276 -3.2679912083728233 0 0 0 0 1
1685093618.060792208 1.3496529200300436 -3.2834034126974 0 0 0 0 1
1685093618.094125509 1.3494826099635195 -3.2992666806232034 0 0 0 0 1
1685093618.127458811 1.3472886934822195 -3.315507949505556 0 0 0 0 1
1685093618.160792112 1.345454114051199 -3.331658089337434 0 0 0 0 1
1685093618.194125414 1.343877577285247 -3.3480870233307445 0 0 0 0 1
1685093618.227458715 1.3371279602527497 -3.359246234296172 0 0 0 0 1
1685093618.260792255 1.3308530004652288 -3.374818439430743 0 0 0 0 1
1685093618.294125557 1.3245037181637105 -3.3905415277465463 0 0 0 0 1
1685093618.327458858 1.3180947668277052 -3.4067734866866703 0 0 0 0 1
1685093618.360792160 1.3114125725005026 -3.423366818064633 0 0 0 0 1
1685093618.394125462 1.3045266070686412 -3.439771128016515 0 0 0 0 1
1685093618.427458763 1.2976831343416668 -3.456636886178109 0 0 0 0 1
1685093618.460792065 1.2907213769579002 -3.4737700276563364 0 0 0 0 1
1685093618.494125605 1.2840681913957548 -3.488004970456035 0 0 0 0 1
1685093618.527458906 1.2752704030976556 -3.504486013359749 0 0 0 0 1
1685093618.560792208 1.2662474991260935 -3.521038186669859 0 0 0 0 1
1685093618.594125509 1.2569578746840069 -3.5379574961479685 0 0 0 0 1
1685093618.627458811 1.247484242266033 -3.5549060319787413 0 0 0 0 1
1685093618.660792112 1.2378340370033527 -3.572148782160696 0 0 0 0 1
1685093618.694125414 1.2283172482650617 -3.5891517459883127 0 0 0 0 1
1685093618.727458715 1.218400265863347 -3.6067117864452376 0 0 0 0 1
1685093618.760792255 1.2083253694928862 -3.624610263375233 0 0 0 0 1
1685093618.794125557 1.1983802399111516 -3.641142999609393 0 0 0 0 1
1685093618.827458858 1.1836950173874634 -3.661273725566154 0 0 0 0 1
1685093618.860792160 1.168307491082077 -3.6661427322844125 0 0 0 0 1
1685093618.894125462 1.1522940446384078 -3.6880851195617708 0 0 0 0 1
1685093618.927458763 1.1361629892971437 -3.7016036652143596 0 0 0 0 1
1685093618.960792065 1.1203153093044937 -3.715200898925444 0 0 0 0 1
1685093618.994125605 1.1046926569378468 -3.7286727352902513 0 0 0 0 1
1685093619.027458906 1.089031128502256 -3.742097583444814 0 0 0 0 1
1685093619.060792208 1.0735789998052345 -3.7553389664549117 0 0 0 0 1
1685093619.094125509 1.058091897946075 -3.768715361857075 0 0 0 0 1
1685093619.127458811 1.0423875558949178 -3.782308646752919 0 0 0 0 1
1685093619.160792112 1.0300276494323246 -3.796184588875339 0 0 0 0 1
1685093619.194125414 1.0143845472142152 -3.8099240857747105 0 0 0 0 1
1685093619.227458715 0.9987362676000817 -3.823703092410838 0 0 0 0 1
1685093619.260792255 0.9834151815790012 -3.8374855970442443 0 0 0 0 1
1685093619.294125557 0.9681020208073942 -3.851098141891609 0 0 0 0 1
1685093619.327458858 0.9612258388249126 -3.8589405002382158 0 0 0 0 1
1685093619.360792160 0.9501980016976711 -3.8771345487146593 0 0 0 0 1
1685093619.394125462 0.935166604187785 -3.890472402257084 0 0 0 0 1
1685093619.427458763 0.9201912849130616 -3.9036169151891844 0 0 0 0 1
1685093619.460792065 0.9051955935522857 -3.916738182209348 0 0 0 0 1
1685093619.494125605 0.8909901718496835 -3.92897740484633 0 0 0 0 1
1685093619.527458906 0.8714794775199982 -3.9368253615657944 0 0 0 0 1
1685093619.560792208 0.8501025444593835 -3.9553027675683143 0 0 0 0 1
1685093619.594125509 0.8328574316651713 -3.9564585621928763 0 0 0 0 1
1685093619.627458811 0.8162871573780843 -3.9575382979667797 0 0 0 0 1
1685093619.660792112 0.800449048119272 -3.95857990326749 0 0 0 0 1
1685093619.694125414 0.7851788099385831 -3.959569010696527 0 0 0 0 1
1685093619.727458715 0.7708396564621063 -3.9604919990080734 0 0 0 0 1
1685093619.760792255 0.7571520798729363 -3.9611270225808597 0 0 0 0 1
1685093619.794125557 0.7442699913455241 -3.9615818918321244 0 0 0 0 1
1685093619.827458858 0.7319287145773204 -3.962153033376341 0 0 0 0 1
1685093619.860792160 0.7201682273942481 -3.9624218720137985 0 0 0 0 1
1685093619.894125462 0.7088414751104226 -3.9627646055496917 0 0 0 0 1
1685093619.927458763 0.6979599535538623 -3.9632228243844354 0 0 0 0 1
1685093619.960792065 0.6901437526203456 -3.963202290039582 0 0 0 0 1
1685093619.994125605 0.6798294827323216 -3.963612102978412 0 0 0 0 1
