1685094117.225520849 4.303566092954645e-20 -1.7573765528483792e-19 0 0 0 0 1
1685094117.258854151 -0.00024148805262365399 -0.010877952521520006 0 0 0 0 1
1685094117.292187452 -0.00039652993193554253 -0.022527066519707168 0 0 0 0 1
1685094117.325520754 -0.0005278195626911845 -0.034628408841025714 0 0 0 0 1
1685094117.358854055 -0.0011196926738042039 -0.04705459859793519 0 0 0 0 1
1685094117.392187357 -0.0010224567058057948 -0.06054646079322378 0 0 0 0 1
1685094117.425520658 -0.0009328041304816041 -0.07455918970225658 0 0 0 0 1
1685094117.458854198 -0.0009869789051163043 -0.08891727283142012 0 0 0 0 1
1685094117.492187500 -0.0022644039139156236 -0.10160675816751977 0 0 0 0 1
1685094117.525520802 -0.0018677296965686897 -0.1170842404249499 0 0 0 0 1
1685094117.558854103 -0.0038063756727165013 -0.1339062450652402 0 0 0 0 1
1685094117.592187405 -0.0022674395503604976 -0.15007562980568617 0 0 0 0 1
1685094117.625520706 -0.000554228651563259 -0.16674082050832853 0 0 0 0 1
1685094117.658854008 0.0014413112281355734 -0.18401945112793675 0 0 0 0 1
1685094117.692187309 0.004126453911440848 -0.19894583767773139 0 0 0 0 1
1685094117.725520849 0.008433476464215392 -0.2172599978427151 0 0 0 0 1
1685094117.758854151 0.012494743901030073 -0.2353756309766434 0 0 0 0 1
1685094117.792187452 0.016802081406475673 -0.2538429635535686 0 0 0 0 1
1685094117.825520754 0.021244267645857972 -0.27290856276533687 0 0 0 0 1
1685094117.858854055 0.025529705251680596 -0.29233204122955475 0 0 0 0 1
1685094117.892187357 0.029863586657646997 -0.3122413136821071 0 0 0 0 1
1685094117.925520658 0.03221247474947929 -0.33077430461526347 0 0 0 0 1
1685094117.958854198 0.03461438077194849 -0.3517930115906182 0 0 0 0 1
1685094117.992187500 0.03709815805177516 -0.37324167592422536 0 0 0 0 1
1685094118.025520802 0.03956515609441274 -0.3952363419137436 0 0 0 0 1
1685094118.058854103 0.04214736334777183 -0.41754902425416746 0 0 0 0 1
1685094118.092187405 0.044734525275046975 -0.44032841218256163 0 0 0 0 1
1685094118.125520706 0.04740160919431635 -0.46348138708294573 0 0 0 0 1
1685094118.158854008 0.050051310168164484 -0.4866363577829796 0 0 0 0 1
1685094118.192187309 0.05269750416247969 -0.5106286972531084 0 0 0 0 1
1685094118.225520849 0.05562738806990232 -0.535398517996502 0 0 0 0 1
1685094118.258854151 0.058860160893172565 -0.5608212812344858 0 0 0 0 1
1685094118.292187452 0.06579533376094437 -0.5851912143271649 0 0 0 0 1
1685094118.325520754 0.07511142825176434 -0.6087539103759122 0 0 0 0 1
1685094118.358854055 0.07021763239348211 -0.6231620644746112 0 0 0 0 1
1685094118.392187357 0.09340368482177366 -0.6347020778709199 0 0 0 0 1
1685094118.425520658 0.11661079224786026 -0.6461996907235317 0 0 0 0 1
1685094118.458854198 0.13983887713356521 -0.6576548646173213 0 0 0 0 1
1685094118.492187500 0.16379800038186867 -0.669926142574787 0 0 0 0 1
1685094118.525520802 0.18760866148638913 -0.6824650997093631 0 0 0 0 1
1685094118.558854103 0.21140425162411594 -0.6950326340042986 0 0 0 0 1
1685094118.592187405 0.23529113252896974 -0.7075072699197216 0 0 0 0 1
1685094118.625520706 0.2591198234677221 -0.7200927023211312 0 0 0 0 1
1685094118.658854008 0.28143491095304146 -0.735592463377226 0 0 0 0 1
1685094118.692187309 0.3085704899293738 -0.7342264194933328 0 0 0 0 1
1685094118.725520849 0.32024191778437483 -0.7315585786064234 0 0 0 0 1
1685094118.758854151 0.32955986859639275 -0.7240409063711384 0 0 0 0 1
1685094118.792187452 0.334635282958722 -0.7131974856828583 0 0 0 0 1
1685094118.825520754 0.3183935540159116 -0.6908532493851677 0 0 0 0 1
1685094118.858854055 0.3020967130127067 -0.6688978971191512 0 0 0 0 1
1685094118.892187357 0.2857683690060518 -0.6469659637385997 0 0 0 0 1
1685094118.925520658 0.2694085556493035 -0.625057494446087 0 0 0 0 1
1685094118.958854198 0.25301730666067807 -0.6031725343958265 0 0 0 0 1
1685094118.992187500 0.24620563508457532 -0.5947232181415835 0 0 0 0 1
1685094119.025520802 0.242581466151654 -0.5673247290644081 0 0 0 0 1
1685094119.058854103 0.23905931209290718 -0.5399129389923806 0 0 0 0 1
1685094119.092187405 0.23563922171395135 -0.5124882277638878 0 0 0 0 1
1685094119.125520706 0.23232124240613203 -0.48505097539636133 0 0 0 0 1
1685094119.158854008 0.2291054201458667 -0.4576015620810128 0 0 0 0 1
1685094119.192187309 0.22599179949400816 -0.43014036817756485 0 0 0 0 1
1685094119.225520849 0.2229804235952266 -0.4026677742089807 0 0 0 0 1
1685094119.258854151 0.22018924522811967 -0.3754783020688893 0 0 0 0 1
1685094119.292187452 0.21695889205291116 -0.3486734744953464 0 0 0 0 1
1685094119.325520754 0.21364653543657286 -0.3218786567775461 0 0 0 0 1
1685094119.358854055 0.21092910469426773 -0.2956062637749899 0 0 0 0 1
1685094119.392187357 0.20815813176268536 -0.26933946395216357 0 0 0 0 1
1685094119.425520658 0.20527730412299788 -0.24336643587562265 0 0 0 0 1
1685094119.458854198 0.20239124786100735 -0.21739398827038153 0 0 0 0 1
1685094119.492187500 0.19984975096485713 -0.19094648469814401 0 0 0 0 1
1685094119.525520802 0.1972486609812687 -0.16430786617659096 0 0 0 0 1
1685094119.558854103 0.19476215435991448 -0.13862917674777442 0 0 0 0 1
1685094119.592187405 0.19234076611996054 -0.11279795209874947 0 0 0 0 1
1685094119.625520706 0.1900136497571384 -0.08695806399313129 0 0 0 0 1
1685094119.658854008 0.19716213789872686 -0.06456395972672732 0 0 0 0 1
1685094119.692187309 0.21141890900335045 -0.045873286483760024 0 0 0 0 1
1685094119.725520849 0.23112651767871778 -0.033058960559093166 0 0 0 0 1
1685094119.758854151 0.24165444421953697 -0.019669350288892568 0 0 0 0 1
1685094119.792187452 0.2509470440353574 -0.005394670288985012 0 0 0 0 1
1685094119.825520754 0.2565933797037688 0.0028267311063066283 0 0 0 0 1
1685094119.858854055 0.26000865086850194 0.018876030767608767 0 0 0 0 1
1685094119.892187357 0.26929428422814955 0.032404560246348524 0 0 0 0 1
1685094119.925520658 0.28843239150891953 0.04809614615446385 0 0 0 0 1
1685094119.958854198 0.31173651220547294 0.06981590821863559 0 0 0 0 1
1685094119.992187500 0.3358049213949304 0.07545483570399196 0 0 0 0 1
1685094120.025520802 0.3453366890839688 0.07929737097368114 0 0 0 0 1
1685094120.058854103 0.36608409445911183 0.09190667279168839 0 0 0 0 1
1685094120.092187405 0.3867778710494853 0.1042770314466612 0 0 0 0 1
1685094120.125520706 0.4072145684606434 0.11630747341961825 0 0 0 0 1
1685094120.158854008 0.42765506064339787 0.1283314667024955 0 0 0 0 1
1685094120.192187309 0.44739549907568754 0.1406394957117027 0 0 0 0 1
1685094120.225520849 0.46742010415255175 0.15274060607706877 0 0 0 0 1
1685094120.258854151 0.48710577102310926 0.1649332747512387 0 0 0 0 1
1685094120.292187452 0.5043638289894414 0.17531902241856637 0 0 0 0 1
1685094120.325520754 0.5217763856530767 0.18936890278342208 0 0 0 0 1
1685094120.358854055 0.5389834310617457 0.2033682645804274 0 0 0 0 1
1685094120.392187357 0.5556023174856412 0.21747154939449087 0 0 0 0 1
1685094120.425520658 0.5721711481489403 0.23142480616664415 0 0 0 0 1
