1685094145.945228815 -2.024636811665644e-18 -1.288749453268487e-17 0 0 0 0 1
1685094145.978562117 -0.00021332267878614 -0.012918984664527915 0 0 0 0 1
1685094146.011895418 -0.0031957416723371944 -0.023392620247102463 0 0 0 0 1
1685094146.045228958 -0.0017450085966902258 -0.03994571854139879 0 0 0 0 1
1685094146.078562260 -0.0016518467002498045 -0.041565541102865464 0 0 0 0 1
1685094146.111895561 -0.009949245544465215 -0.0570852681156708 0 0 0 0 1
1685094146.145228863 -0.013406469102946137 -0.06006178272580934 0 0 0 0 1
1685094146.178562164 -0.01957295544643299 -0.07233362467942821 0 0 0 0 1
1685094146.211895466 -0.02325015634211589 -0.08340532893110486 0 0 0 0 1
1685094146.245228767 -0.03476293657224149 -0.09224989974833327 0 0 0 0 1
1685094146.278562307 -0.04005561738037395 -0.1053893897201838 0 0 0 0 1
1685094146.311895609 -0.04224931299370662 -0.11300576838576773 0 0 0 0 1
1685094146.345228910 -0.049174188036078245 -0.12709425321738385 0 0 0 0 1
1685094146.378562212 -0.05682956708411153 -0.1352232869391531 0 0 0 0 1
1685094146.411895514 -0.06686788989390484 -0.14911942930519753 0 0 0 0 1
1685094146.445228815 -0.06723348701140792 -0.16080635645240182 0 0 0 0 1
1685094146.478562117 -0.0734557039974469 -0.18062866859173132 0 0 0 0 1
1685094146.511895418 -0.07899591726015033 -0.19442307160101785 0 0 0 0 1
1685094146.545228958 -0.08105876887586587 -0.2140612998460924 0 0 0 0 1
1685094146.578562260 -0.08359584179228341 -0.22457210952957096 0 0 0 0 1
1685094146.611895561 -0.0863704288829076 -0.23865355120290863 0 0 0 0 1
1685094146.645228863 -0.08900968404426265 -0.25920396914631333 0 0 0 0 1
1685094146.678562164 -0.09686139181777408 -0.2725048019545299 0 0 0 0 1
1685094146.711895466 -0.09740901079457479 -0.2913063240630044 0 0 0 0 1
1685094146.745228767 -0.09280156226447425 -0.3066761917640047 0 0 0 0 1
1685094146.778562307 -0.09087883047119215 -0.31810994812649857 0 0 0 0 1
1685094146.811895609 -0.09646301120957133 -0.3374353835672847 0 0 0 0 1
1685094146.845228910 -0.10116320132064277 -0.35116782521671935 0 0 0 0 1
1685094146.878562212 -0.11139881883145036 -0.3652366753399233 0 0 0 0 1
1685094146.911895514 -0.11638209543987037 -0.3820205647546321 0 0 0 0 1
1685094146.945228815 -0.12257172070662695 -0.3935334421287391 0 0 0 0 1
1685094146.978562117 -0.12891762731794099 -0.4141977568703627 0 0 0 0 1
1685094147.011895418 -0.12975237054165809 -0.4306926450282427 0 0 0 0 1
1685094147.045228958 -0.12853360791760304 -0.44620983100637884 0 0 0 0 1
1685094147.078562260 -0.12972360668818028 -0.4651948969124293 0 0 0 0 1
1685094147.111895561 -0.1351095817300801 -0.4740712157674381 0 0 0 0 1
