1685094376.890213966 5.3266020621104387e-20 -1.1453203263956758e-18 0 0 0 0 1
1685094376.923547268 -0.0001260438092112366 -0.01743077561694518 0 0 0 0 1
1685094376.956880569 0.00013617901645269877 -0.03427024457229612 0 0 0 0 1
1685094376.990213871 0.0007031642590689263 -0.05245195851765914 0 0 0 0 1
1685094377.023547173 0.0013428167128627586 -0.07063126100688322 0 0 0 0 1
1685094377.056880474 0.006182403983148374 -0.09129370546941179 0 0 0 0 1
1685094377.090214014 0.026833817673731265 -0.09618014882774463 0 0 0 0 1
1685094377.123547316 0.04247679051997892 -0.08355454249448355 0 0 0 0 1
1685094377.156880617 0.0587793180030594 -0.07073204087814096 0 0 0 0 1
1685094377.190213919 0.07558361269755386 -0.05750751980988566 0 0 0 0 1
1685094377.223547220 0.09325674724401929 -0.044422022444647075 0 0 0 0 1
1685094377.256880522 0.10696081394466361 -0.031113482061022567 0 0 0 0 1
1685094377.290213823 0.12027838337256978 -0.016585303398822148 0 0 0 0 1
1685094377.323547363 0.12884941227266453 -0.016673874939827117 0 0 0 0 1
1685094377.356880665 0.1523033630933997 -0.01589645798918587 0 0 0 0 1
1685094377.390213966 0.16391671826057086 -0.014778369379887317 0 0 0 0 1
1685094377.423547268 0.18558782347703245 -0.026423308251776616 0 0 0 0 1
1685094377.456880569 0.2071663744617623 -0.04124856396488526 0 0 0 0 1
1685094377.490213871 0.20922323851253535 -0.045285663757090956 0 0 0 0 1
1685094377.523547173 0.23080128531315067 -0.05740569018581762 0 0 0 0 1
1685094377.556880474 0.2530186778030495 -0.06960599275786557 0 0 0 0 1
1685094377.590214014 0.27517789534135734 -0.08194198695593867 0 0 0 0 1
1685094377.623547316 0.29699112281274964 -0.09487994591576877 0 0 0 0 1
1685094377.656880617 0.3203384956363433 -0.10928793459287409 0 0 0 0 1
1685094377.690213919 0.3189606396017883 -0.1173454981018351 0 0 0 0 1
1685094377.723547220 0.33705694419833193 -0.09688044828255933 0 0 0 0 1
1685094377.756880522 0.3554265795098534 -0.07595095396808707 0 0 0 0 1
1685094377.790213823 0.3549692484314038 -0.06282558413170217 0 0 0 0 1
1685094377.823547363 0.35330045751944217 -0.03505082741258086 0 0 0 0 1
1685094377.856880665 0.3514433572851487 -0.006967605967690491 0 0 0 0 1
1685094377.890213966 0.3429733810077628 0.012650084895545775 0 0 0 0 1
1685094377.923547268 0.3439407884844197 0.037070215550345946 0 0 0 0 1
1685094377.956880569 0.351102722091226 0.04944082883263402 0 0 0 0 1
1685094377.990213871 0.3612630154914801 0.060906880693512404 0 0 0 0 1
1685094378.023547173 0.3781294171102502 0.061125960956072464 0 0 0 0 1
1685094378.056880474 0.3950128649327472 0.06173808685527458 0 0 0 0 1
1685094378.090214014 0.4119006947257342 0.06126194257614562 0 0 0 0 1
1685094378.123547316 0.4086133371730681 0.056428172718148616 0 0 0 0 1
1685094378.156880617 0.4156246924657963 0.08371690482646653 0 0 0 0 1
1685094378.190213919 0.4226927086758122 0.11112102556423287 0 0 0 0 1
1685094378.223547220 0.42987218205071226 0.13849615750207428 0 0 0 0 1
1685094378.256880522 0.4371629937034441 0.16584184732697196 0 0 0 0 1
1685094378.290213823 0.44456502290327116 0.193157642213448 0 0 0 0 1
1685094378.323547363 0.4520781470777724 0.2204430898310637 0 0 0 0 1
1685094378.356880665 0.46112145159765544 0.25081254259657687 0 0 0 0 1
1685094378.390213966 0.4726092941456801 0.2770675009820287 0 0 0 0 1
1685094378.423547268 0.4840229611099801 0.303741501658955 0 0 0 0 1
1685094378.456880569 0.45153532957805703 0.3017389121688156 0 0 0 0 1
1685094378.490213871 0.4527436206993822 0.27259635532836335 0 0 0 0 1
1685094378.523547173 0.44987426645519457 0.25166236117953045 0 0 0 0 1
1685094378.556880474 0.4468345363250895 0.22968770682745748 0 0 0 0 1
1685094378.590214014 0.4346742088700974 0.21113368221433604 0 0 0 0 1
1685094378.623547316 0.4307244402145809 0.1807363414541985 0 0 0 0 1
1685094378.656880617 0.4281009242382328 0.15001543657377112 0 0 0 0 1
1685094378.690213919 0.43176938129232295 0.15667592945007103 0 0 0 0 1
1685094378.723547220 0.43889414648833236 0.15401934077007592 0 0 0 0 1
1685094378.756880522 0.43730637292731794 0.1465830300159527 0 0 0 0 1
1685094378.790213823 0.4555846933436785 0.14212430713580465 0 0 0 0 1
1685094378.823547363 0.47408959106140086 0.13872637137688698 0 0 0 0 1
1685094378.856880665 0.48238863231838713 0.11387280031048279 0 0 0 0 1
1685094378.890213966 0.45941766961192854 0.09244886910386356 0 0 0 0 1
1685094378.923547268 0.4369957988456279 0.07045092221451092 0 0 0 0 1
1685094378.956880569 0.4151373595629526 0.047893028072258544 0 0 0 0 1
1685094378.990213871 0.39385633097391115 0.024789613212115782 0 0 0 0 1
1685094379.023547173 0.37166526320739474 0.0004650269590511059 0 0 0 0 1
1685094379.056880474 0.3654305568858135 -0.0053997086768258285 0 0 0 0 1
1685094379.090214014 0.3575522581653295 -0.0020532035945183863 0 0 0 0 1
1685094379.123547316 0.3574443598743695 0.006505712514072577 0 0 0 0 1
1685094379.156880617 0.36523579260738487 0.01004975864272086 0 0 0 0 1
1685094379.190213919 0.39194486080085167 -0.004465739518463448 0 0 0 0 1
1685094379.223547220 0.42093996274191026 -0.013595803814963472 0 0 0 0 1
1685094379.256880522 0.4511470838693447 -0.017002245334072078 0 0 0 0 1
1685094379.290213823 0.45950769202913283 -0.001684162464316784 0 0 0 0 1
1685094379.323547363 0.46031984075231713 -0.019116426977501436 0 0 0 0 1
1685094379.356880665 0.4505712360079009 -0.0046420310611479014 0 0 0 0 1
1685094379.390213966 0.46641986591290424 -0.011947122555471609 0 0 0 0 1
1685094379.423547268 0.44908249052682264 -0.013936807537648083 0 0 0 0 1
1685094379.456880569 0.4628641698685598 -0.003231260091219118 0 0 0 0 1
1685094379.490213871 0.4566480712286413 -0.019537809367660437 0 0 0 0 1
1685094379.523547173 0.4836986533651228 -0.000511905767323582 0 0 0 0 1
1685094379.556880474 0.4898244224232523 0.002642963529812203 0 0 0 0 1
1685094379.590214014 0.5196903993494372 0.018295127390051118 0 0 0 0 1
1685094379.623547316 0.5410545426698965 0.02483166126442231 0 0 0 0 1
1685094379.656880617 0.5741380342853654 0.0164580988380964 0 0 0 0 1
1685094379.690213919 0.6070764653554988 0.007530964705774612 0 0 0 0 1
1685094379.723547220 0.639860573901063 -0.0019472309057878806 0 0 0 0 1
1685094379.756880522 0.672481141336878 -0.011973822816493859 0 0 0 0 1
1685094379.790213823 0.7052450361171968 -0.02186857970851939 0 0 0 0 1
1685094379.823547363 0.7382598017013795 -0.03142319305363917 0 0 0 0 1
1685094379.856880665 0.7715653152984419 -0.040519961323562 0 0 0 0 1
1685094379.890213966 0.8037966196073456 -0.05021070165124192 0 0 0 0 1
1685094379.923547268 0.8367820735131317 -0.05976700836840744 0 0 0 0 1
1685094379.956880569 0.8689271525773078 -0.06888626147156753 0 0 0 0 1
1685094379.990213871 0.9009819568773251 -0.07831793186918183 0 0 0 0 1
1685094380.023547173 0.9329434501144899 -0.08806112617353105 0 0 0 0 1
1685094380.056880474 0.9651041768598297 -0.09804248634557895 0 0 0 0 1
1685094380.090214014 0.9719793862987169 -0.08292189035027886 0 0 0 0 1
1685094380.123547316 0.9640954220392021 -0.06830190281142161 0 0 0 0 1
1685094380.156880617 0.9630528146112198 -0.09135614689921649 0 0 0 0 1
1685094380.190213919 0.9856285661603914 -0.08656859609545581 0 0 0 0 1
1685094380.223547220 0.9753184671609536 -0.06592187579100307 0 0 0 0 1
1685094380.256880522 1.000388809719855 -0.0434686993933759 0 0 0 0 1
1685094380.290213823 1.0412227706481207 -0.0346613803200503 0 0 0 0 1
1685094380.323547363 1.0406931660819043 -0.048172266596076534 0 0 0 0 1
1685094380.356880665 0.9851458291792985 -0.0652092334553608 0 0 0 0 1
1685094380.390213966 1.0221956611985616 -0.10996495738069045 0 0 0 0 1
1685094380.423547268 0.9903873879692282 -0.09835999060170889 0 0 0 0 1
1685094380.456880569 0.9584744871534886 -0.08704591700737666 0 0 0 0 1
1685094380.490213871 0.9378528442127201 -0.08284875896573393 0 0 0 0 1
1685094380.523547173 0.9173164928296951 -0.08744512329811666 0 0 0 0 1
1685094380.556880474 0.8880029659025687 -0.10325737694358658 0 0 0 0 1
1685094380.590214014 0.8585880812457335 -0.11888026998172521 0 0 0 0 1
1685094380.623547316 0.8296256838663583 -0.133837780305044 0 0 0 0 1
1685094380.656880617 0.8412729703317307 -0.13135146659630417 0 0 0 0 1
1685094380.690213919 0.8460831238128353 -0.12033854838366805 0 0 0 0 1
1685094380.723547220 0.8744822876876167 -0.13415315336568193 0 0 0 0 1
1685094380.756880522 0.903006355633507 -0.14770798156134715 0 0 0 0 1
1685094380.790213823 0.9325606117886542 -0.16160076763326214 0 0 0 0 1
1685094380.823547363 0.9615198437815413 -0.17551873489303127 0 0 0 0 1
1685094380.856880665 0.9903781944610404 -0.1896446871200817 0 0 0 0 1
1685094380.890213966 1.0186996242051598 -0.20371710315143676 0 0 0 0 1
1685094380.923547268 1.0470193320000463 -0.21779298415842444 0 0 0 0 1
1685094380.956880569 1.0753373174217784 -0.23187232993034118 0 0 0 0 1
1685094380.990213871 1.0750881865786586 -0.23471806920656582 0 0 0 0 1
1685094381.023547173 1.1028507592258532 -0.2498166881496741 0 0 0 0 1
1685094381.056880474 1.1306191454995482 -0.26604443061513994 0 0 0 0 1
1685094381.090214014 1.1587677120027682 -0.2816033864150778 0 0 0 0 1
1685094381.123547316 1.1936112532490883 -0.2909977980040224 0 0 0 0 1
1685094381.156880617 1.2251152355052282 -0.2923834457870357 0 0 0 0 1
1685094381.190213919 1.256624908236221 -0.29363302257918233 0 0 0 0 1
1685094381.223547220 1.2881396837313477 -0.2947465050736613 0 0 0 0 1
1685094381.256880522 1.3196589741847133 -0.295723872502069 0 0 0 0 1
1685094381.290213823 1.3514065469019316 -0.2966343850688893 0 0 0 0 1
1685094381.323547363 1.382716113636882 -0.2973686286954371 0 0 0 0 1
1685094381.356880665 1.4128837839779425 -0.29509070344732535 0 0 0 0 1
1685094381.390213966 1.4171371046912278 -0.3029951136381786 0 0 0 0 1
1685094381.423547268 1.4223445416080613 -0.3087868842853143 0 0 0 0 1
1685094381.456880569 1.4167990435393052 -0.3033179303047761 0 0 0 0 1
1685094381.490213871 1.3955893293388457 -0.28127398975342155 0 0 0 0 1
1685094381.523547173 1.380433661367737 -0.25080858275651857 0 0 0 0 1
1685094381.556880474 1.3847006191746671 -0.21998964949330665 0 0 0 0 1
1685094381.590214014 1.3889358698386798 -0.18916634291822595 0 0 0 0 1
1685094381.623547316 1.3937779332762679 -0.1585491563316228 0 0 0 0 1
1685094381.656880617 1.398691642001384 -0.12794338629757168 0 0 0 0 1
1685094381.690213919 1.4027001952345395 -0.09807940614939355 0 0 0 0 1
1685094381.723547220 1.4068823985761825 -0.06759454769503007 0 0 0 0 1
1685094381.756880522 1.4106615232711215 -0.036991507567477294 0 0 0 0 1
1685094381.790213823 1.4142037898842752 -0.006382366070213275 0 0 0 0 1
1685094381.823547363 1.417956392852121 0.024059659517020215 0 0 0 0 1
1685094381.856880665 1.437873444172789 0.026036443444106976 0 0 0 0 1
1685094381.890213966 1.4215697398311529 0.03306612145593077 0 0 0 0 1
1685094381.923547268 1.3952519414523148 0.023747057879509217 0 0 0 0 1
1685094381.956880569 1.3675951561327984 0.01992950850317558 0 0 0 0 1
1685094381.990213871 1.3441019750600995 0.017023519699174747 0 0 0 0 1
1685094382.023547173 1.3147812970184272 0.026399738587234888 0 0 0 0 1
1685094382.056880474 1.285473662545121 0.035816649069941524 0 0 0 0 1
1685094382.090214014 1.2567574383160969 0.04430584398951426 0 0 0 0 1
1685094382.123547316 1.2280082185027812 0.05268261690512714 0 0 0 0 1
1685094382.156880617 1.1992264432276054 0.06094683957658133 0 0 0 0 1
1685094382.190213919 1.1704125531113936 0.06909838548671211 0 0 0 0 1
1685094382.223547220 1.1823977054974502 0.08321502515369907 0 0 0 0 1
1685094382.256880522 1.184256284584271 0.052208654951538334 0 0 0 0 1
1685094382.290213823 1.186251140663401 0.020099226043680345 0 0 0 0 1
1685094382.323547363 1.1870021115775502 -0.01076480536178347 0 0 0 0 1
1685094382.356880665 1.1793511252724609 -0.036006561726120954 0 0 0 0 1
1685094382.390213966 1.167783384877044 -0.059710385002999376 0 0 0 0 1
1685094382.423547268 1.1525933067880154 -0.08127297722764729 0 0 0 0 1
1685094382.456880569 1.139441493016467 -0.10874754726280225 0 0 0 0 1
1685094382.490213871 1.1348922599572389 -0.10527495716658743 0 0 0 0 1
1685094382.523547173 1.1362131739477799 -0.0997063316958724 0 0 0 0 1
1685094382.556880474 1.141837418538604 -0.09864695632043227 0 0 0 0 1
1685094382.590214014 1.1450937350376695 -0.10335342062619472 0 0 0 0 1
1685094382.623547316 1.1741286287068993 -0.11321279867048765 0 0 0 0 1
1685094382.656880617 1.2028812678951544 -0.12439126592469453 0 0 0 0 1
1685094382.690213919 1.2210989955789546 -0.13990699747514668 0 0 0 0 1
1685094382.723547220 1.233808098796211 -0.1601826533935115 0 0 0 0 1
1685094382.756880522 1.239832227618519 -0.18334152641097584 0 0 0 0 1
1685094382.790213823 1.2386137908934833 -0.20724003974243402 0 0 0 0 1
1685094382.823547363 1.2302655666770972 -0.22966615576683166 0 0 0 0 1
1685094382.856880665 1.2217280856031196 -0.25538828620921045 0 0 0 0 1
1685094382.890213966 1.1837240373874052 -0.2412448701836195 0 0 0 0 1
1685094382.923547268 1.1996686280434774 -0.21586218865303594 0 0 0 0 1
1685094382.956880569 1.2157894538864507 -0.1905910694254816 0 0 0 0 1
1685094382.990213871 1.2320857343618967 -0.16543273610353174 0 0 0 0 1
1685094383.023547173 1.247980938336708 -0.16709503819821217 0 0 0 0 1
1685094383.056880474 1.2178631548914582 -0.16564427163596204 0 0 0 0 1
1685094383.090214014 1.2285840311000018 -0.1603161692951817 0 0 0 0 1
1685094383.123547316 1.229572585037943 -0.12402071113210031 0 0 0 0 1
1685094383.156880617 1.2076153994476864 -0.09510325060889344 0 0 0 0 1
1685094383.190213919 1.1723881810140515 -0.086306626052554 0 0 0 0 1
1685094383.223547220 1.1448828968668834 -0.09944628270245437 0 0 0 0 1
1685094383.256880522 1.1184314310577805 -0.11157574352054209 0 0 0 0 1
1685094383.290213823 1.0935646236441179 -0.12301402175616463 0 0 0 0 1
1685094383.323547363 1.0701614849562335 -0.1338976773823521 0 0 0 0 1
1685094383.356880665 1.0466696970993659 -0.145124664369801 0 0 0 0 1
1685094383.390213966 1.0242205867731062 -0.15623410720725536 0 0 0 0 1
