1685094120.222369194 0.0 0.0 0 0 0 0 1
1685094120.255702496 0.0011678869528873677 -0.0038659272790750477 0 0 0 0 1
1685094120.289036036 -0.0032432795322729505 -0.005263355943152165 0 0 0 0 1
1685094120.322369337 -0.010181475289993884 -0.008176551989399171 0 0 0 0 1
1685094120.355702639 -0.006929202901993535 -0.009110576815020208 0 0 0 0 1
1685094120.389035940 0.0021814259831589152 -0.008575585562594494 0 0 0 0 1
1685094120.422369242 0.014976965170768339 -0.012140619711671335 0 0 0 0 1
1685094120.455702543 0.023672943942851785 -0.019933906093142162 0 0 0 0 1
1685094120.489035845 0.029638333539437525 -0.022904651976603622 0 0 0 0 1
1685094120.522369385 0.039029352603654116 -0.0308004302295287 0 0 0 0 1
1685094120.555702686 0.04614576284678527 -0.03759253445516266 0 0 0 0 1
1685094120.589035988 0.05361909550777726 -0.04419182330410398 0 0 0 0 1
1685094120.622369289 0.06099532078974871 -0.04580701351103178 0 0 0 0 1
1685094120.655702591 0.06710878506539977 -0.05657024370830642 0 0 0 0 1
1685094120.689035892 0.07603388484206539 -0.06399673377714436 0 0 0 0 1
1685094120.722369194 0.08668557566860531 -0.06983559141496967 0 0 0 0 1
1685094120.755702496 0.09206228119816069 -0.07570399108628902 0 0 0 0 1
1685094120.789036036 0.10671399498148845 -0.08184021133850689 0 0 0 0 1
1685094120.822369337 0.11364477713488012 -0.08419116265548592 0 0 0 0 1
1685094120.855702639 0.12715342178724215 -0.08860172514842843 0 0 0 0 1
1685094120.889035940 0.1407348554688024 -0.08874265624677291 0 0 0 0 1
1685094120.922369242 0.15068504936771301 -0.09264856199999097 0 0 0 0 1
1685094120.955702543 0.16488948916117152 -0.1008474134955274 0 0 0 0 1
1685094120.989035845 0.17723102418057265 -0.10695316386307663 0 0 0 0 1
1685094121.022369385 0.18808692729551085 -0.1167090610339284 0 0 0 0 1
1685094121.055702686 0.20243401297257022 -0.12711638108583528 0 0 0 0 1
1685094121.089035988 0.21167201787532172 -0.1370206968690447 0 0 0 0 1
1685094121.122369289 0.21301582110453887 -0.14066937683550026 0 0 0 0 1
1685094121.155702591 0.2191777265947082 -0.15083369498151367 0 0 0 0 1
1685094121.189035892 0.22340654500187018 -0.16654990585824272 0 0 0 0 1
1685094121.222369194 0.22915199597193348 -0.18058433301885496 0 0 0 0 1
1685094121.255702496 0.2362600793367023 -0.19475874710114002 0 0 0 0 1
1685094121.289036036 0.24325068255210183 -0.2051226781369429 0 0 0 0 1
1685094121.322369337 0.24935617781792743 -0.21760223027680123 0 0 0 0 1
1685094121.355702639 0.2483149486667195 -0.22432301533750193 0 0 0 0 1
1685094121.389035940 0.2556047546584153 -0.23715426018953797 0 0 0 0 1
1685094121.422369242 0.2630540393874714 -0.2472903051414441 0 0 0 0 1
1685094121.455702543 0.27249630956839466 -0.2606611015686257 0 0 0 0 1
1685094121.489035845 0.2784998720467478 -0.27734691808226114 0 0 0 0 1
1685094121.522369385 0.28510272628263517 -0.28700516309377166 0 0 0 0 1
