1685094190.937727690 1.9744700076120106e-18 4.189208943965321e-18 0 0 0 0 1
1685094190.971060991 -0.00030678897253064093 -0.014151118683824583 0 0 0 0 1
1685094191.004394293 -0.0010340727771156796 -0.028473835898088634 0 0 0 0 1
1685094191.037727594 -0.0014864567821163018 -0.0440758182345916 0 0 0 0 1
1685094191.071060896 -0.0017374378012971106 -0.060511688992655424 0 0 0 0 1
1685094191.104394436 -0.0018463331717297352 -0.07761370500266669 0 0 0 0 1
1685094191.137727737 -0.0019840739920862892 -0.09491102112750119 0 0 0 0 1
1685094191.171061039 -0.002023616627650864 -0.11225849650063238 0 0 0 0 1
1685094191.204394341 -0.0020595545144489564 -0.12977606231755973 0 0 0 0 1
1685094191.237727642 -0.002263021707841064 -0.1472163409978195 0 0 0 0 1
1685094191.271060944 -0.0019490275566431455 -0.16517827199688673 0 0 0 0 1
1685094191.304394245 -0.0016224306716441973 -0.1837725529683056 0 0 0 0 1
1685094191.337727547 -0.0011536804146097268 -0.20302426042970045 0 0 0 0 1
1685094191.371061087 -0.0007451511632116277 -0.2230008934082549 0 0 0 0 1
1685094191.404394388 -0.0003368606829869878 -0.24430595333017938 0 0 0 0 1
1685094191.437727690 -0.0019493385551620547 -0.2514315842346613 0 0 0 0 1
1685094191.471060991 0.000868034297165586 -0.2738338303520479 0 0 0 0 1
1685094191.504394293 0.00357167285380299 -0.29668228817723874 0 0 0 0 1
1685094191.537727594 -0.004765163335839106 -0.29995835615443905 0 0 0 0 1
1685094191.571060896 0.013693753232040529 -0.315693216625182 0 0 0 0 1
1685094191.604394436 0.03235130216748314 -0.33149636594339316 0 0 0 0 1
1685094191.637727737 0.05126182255806887 -0.3474663673256462 0 0 0 0 1
1685094191.671061039 0.06876090229712249 -0.36288801912717555 0 0 0 0 1
1685094191.704394341 0.0925851757984072 -0.37306953066105114 0 0 0 0 1
1685094191.737727642 0.11690123304994995 -0.38318875478929887 0 0 0 0 1
1685094191.771060944 0.14148688720920358 -0.3936085925752735 0 0 0 0 1
1685094191.804394245 0.165878573062441 -0.4042153145849607 0 0 0 0 1
1685094191.837727547 0.19023171747828244 -0.41491023149043416 0 0 0 0 1
1685094191.871061087 0.21545006996612903 -0.4258768039162071 0 0 0 0 1
1685094191.904394388 0.2407252769672127 -0.4367116977331016 0 0 0 0 1
1685094191.937727690 0.26610414770107177 -0.4477467011016098 0 0 0 0 1
1685094191.971060991 0.2914232380637723 -0.4589181845426897 0 0 0 0 1
1685094192.004394293 0.3175438992775326 -0.4708619582275711 0 0 0 0 1
1685094192.037727594 0.3433254271988211 -0.483262584160043 0 0 0 0 1
1685094192.071060896 0.3689885245604998 -0.4959064814736985 0 0 0 0 1
1685094192.104394436 0.39487519972990687 -0.5085753330196535 0 0 0 0 1
1685094192.137727737 0.4207616308890758 -0.5214239594968942 0 0 0 0 1
1685094192.171061039 0.4466263967320512 -0.5343161435010922 0 0 0 0 1
1685094192.204394341 0.47246942396729014 -0.5472518485003857 0 0 0 0 1
1685094192.237727642 0.49829063936484935 -0.5602310378395895 0 0 0 0 1
1685094192.271060944 0.5240899697565923 -0.5732536747402995 0 0 0 0 1
1685094192.304394245 0.5498673420363971 -0.5863197223009967 0 0 0 0 1
1685094192.337727547 0.575622683160363 -0.5994291434971516 0 0 0 0 1
1685094192.371061087 0.6013559201470181 -0.6125819011813293 0 0 0 0 1
1685094192.404394388 0.6270669800775254 -0.6257779580832946 0 0 0 0 1
1685094192.437727690 0.6527557900958899 -0.6390172768101181 0 0 0 0 1
1685094192.471060991 0.6784222774091652 -0.6522998198462814 0 0 0 0 1
1685094192.504394293 0.7052131237876156 -0.6657607133739414 0 0 0 0 1
1685094192.537727594 0.7323051771621769 -0.6792694971708235 0 0 0 0 1
1685094192.571060896 0.759398740657618 -0.6927752519753313 0 0 0 0 1
1685094192.604394436 0.7864938139352864 -0.7062779776186513 0 0 0 0 1
1685094192.637727737 0.8135903966565106 -0.7197776739320076 0 0 0 0 1
1685094192.671061039 0.8406884884825999 -0.7332743407466629 0 0 0 0 1
1685094192.704394341 0.8677880890748453 -0.7467679778939169 0 0 0 0 1
1685094192.737727642 0.8948891980945188 -0.7602585852051077 0 0 0 0 1
1685094192.771060944 0.862348967520578 -0.7824668449226353 0 0 0 0 1
1685094192.804394245 0.8887129142036241 -0.753192014081452 0 0 0 0 1
1685094192.837727547 0.87002145200262 -0.787872017632127 0 0 0 0 1
1685094192.871061087 0.8799796561913226 -0.7497549928948458 0 0 0 0 1
1685094192.904394388 0.8793198557107853 -0.7891458302661467 0 0 0 0 1
1685094192.937727690 0.8706438076392239 -0.7507166799327558 0 0 0 0 1
1685094192.971060991 0.8869252421159459 -0.7259501347193597 0 0 0 0 1
1685094193.004394293 0.9031684650664733 -0.7011585115654301 0 0 0 0 1
1685094193.037727594 0.9193734378638738 -0.6763418694262828 0 0 0 0 1
1685094193.071060896 0.9355401219721763 -0.6515002673167295 0 0 0 0 1
1685094193.104394436 0.9526194539130455 -0.626852690148026 0 0 0 0 1
1685094193.137727737 0.969695263513647 -0.6022026725756672 0 0 0 0 1
1685094193.171061039 0.9869893317041615 -0.5772835300179847 0 0 0 0 1
1685094193.204394341 1.0043682845091393 -0.5524235127253392 0 0 0 0 1
1685094193.237727642 1.0208822634243568 -0.5282850950179124 0 0 0 0 1
1685094193.271060944 1.041572300400979 -0.5070978884218202 0 0 0 0 1
1685094193.304394245 1.0622701969543804 -0.4859183598221513 0 0 0 0 1
1685094193.337727547 1.0740159073942936 -0.47341172684875593 0 0 0 0 1
1685094193.371061087 1.0972856885205995 -0.4557998500793627 0 0 0 0 1
1685094193.404394388 1.1207884369916372 -0.4378010332292013 0 0 0 0 1
1685094193.437727690 1.1242818525447238 -0.437083363356932 0 0 0 0 1
1685094193.471060991 1.1275231079332575 -0.46593256692860746 0 0 0 0 1
1685094193.504394293 1.1308286154066203 -0.49477447920149975 0 0 0 0 1
1685094193.537727594 1.1363966432521624 -0.4821084904301506 0 0 0 0 1
1685094193.571060896 1.1298114451200487 -0.469940278926175 0 0 0 0 1
1685094193.604394436 1.1558561033961272 -0.4602211973266776 0 0 0 0 1
1685094193.637727737 1.1819174727712718 -0.4505470152864391 0 0 0 0 1
1685094193.671061039 1.2075926227011595 -0.44151177244723505 0 0 0 0 1
1685094193.704394341 1.2333228216754448 -0.4326345094777555 0 0 0 0 1
1685094193.737727642 1.2577444417820165 -0.42439050543526924 0 0 0 0 1
1685094193.771060944 1.2822236880096833 -0.4163192208158599 0 0 0 0 1
