1685093640.127921104 1.4620651787931567e-19 4.82484286816208e-20 0 0 0 0 1
1685093640.161254406 1.1129840830415181e-05 -0.019308286999594308 0 0 0 0 1
1685093640.194587946 8.865388809775174e-05 -0.039485450366480164 0 0 0 0 1
1685093640.227921247 0.00025183529214792646 -0.06044082282896828 0 0 0 0 1
1685093640.261254549 0.0005044743152046521 -0.08139530771255017 0 0 0 0 1
1685093640.294587851 0.005165376251951755 -0.094749804609041 0 0 0 0 1
1685093640.327921152 0.015117866678276805 -0.11108732394921955 0 0 0 0 1
1685093640.361254454 0.025249349945444907 -0.12731445094952037 0 0 0 0 1
1685093640.394587755 0.037468078081559796 -0.1479018377595869 0 0 0 0 1
1685093640.427921295 0.05006481982911155 -0.1688830760669659 0 0 0 0 1
1685093640.461254597 0.07430530891394051 -0.18192686031603061 0 0 0 0 1
1685093640.494587898 0.09835223820129876 -0.19073722711675656 0 0 0 0 1
1685093640.527921200 0.12256144420363634 -0.199091370762333 0 0 0 0 1
1685093640.561254501 0.14554718371527595 -0.20998700092441858 0 0 0 0 1
1685093640.594587803 0.17203392740712342 -0.21791221942113181 0 0 0 0 1
1685093640.627921104 0.1910277307402967 -0.22633147328927808 0 0 0 0 1
1685093640.661254406 0.207842038529316 -0.2385350569568605 0 0 0 0 1
1685093640.694587946 0.2217339507742179 -0.25398378424863133 0 0 0 0 1
1685093640.727921247 0.2410399990685104 -0.26882591901099423 0 0 0 0 1
1685093640.761254549 0.25090684718178685 -0.24276195367332398 0 0 0 0 1
1685093640.794587851 0.2607081792758995 -0.21667328046070808 0 0 0 0 1
1685093640.827921152 0.2704439334798901 -0.19056006405802756 0 0 0 0 1
1685093640.861254454 0.2798710798936089 -0.1648088528362825 0 0 0 0 1
1685093640.894587755 0.2714957035582336 -0.1608487322457552 0 0 0 0 1
1685093640.927921295 0.28320254927314065 -0.16972526248438782 0 0 0 0 1
1685093640.961254597 0.3073650355779592 -0.18286372869361853 0 0 0 0 1
1685093640.994587898 0.331072990853597 -0.19680567602568072 0 0 0 0 1
1685093641.027921200 0.355679540847686 -0.21169068475003167 0 0 0 0 1
1685093641.061254501 0.3802650137244974 -0.22661048068560583 0 0 0 0 1
1685093641.094587803 0.40546500532679774 -0.24152981365238918 0 0 0 0 1
1685093641.127921104 0.423086154052271 -0.24969972708444463 0 0 0 0 1
1685093641.161254406 0.4383105922576524 -0.26214466908141526 0 0 0 0 1
1685093641.194587946 0.42737176428954043 -0.24233449542682634 0 0 0 0 1
1685093641.227921247 0.40990011612027133 -0.22795247721691603 0 0 0 0 1
1685093641.261254549 0.3883569795507834 -0.22102469226865812 0 0 0 0 1
