1685094149.661349058 -4.615513844533988e-21 3.8218819248674306e-19 0 0 0 0 1
1685094149.694682360 -0.00011771805505344334 -0.017469395887086698 0 0 0 0 1
1685094149.728015900 -0.0001701332511968667 -0.03531696319581914 0 0 0 0 1
1685094149.761349201 -0.00021809371847853154 -0.053600348743477355 0 0 0 0 1
1685094149.794682503 -0.000538545079835034 -0.07269533541255417 0 0 0 0 1
1685094149.828015804 -0.00034309028702332513 -0.09209076589429992 0 0 0 0 1
1685094149.861349106 -0.000357054924002611 -0.11200344480806117 0 0 0 0 1
1685094149.894682407 -0.00015874802922817994 -0.13242350881040701 0 0 0 0 1
1685094149.928015709 0.00019374393664602977 -0.15289999013035427 0 0 0 0 1
1685094149.961349249 0.00053739791456888 -0.17383190613468585 0 0 0 0 1
1685094149.994682550 0.0007998962350857647 -0.1952066333433372 0 0 0 0 1
1685094150.028015852 0.0008951722139408583 -0.2166404979591705 0 0 0 0 1
1685094150.061349154 0.0009803887097240512 -0.23857499866448187 0 0 0 0 1
1685094150.094682455 0.0010721657156477042 -0.2611844054869675 0 0 0 0 1
1685094150.128015757 0.0012282378359826068 -0.28384852297755636 0 0 0 0 1
1685094150.161349058 0.001154109262997443 -0.30653490615805984 0 0 0 0 1
1685094150.194682360 0.0010868255575357147 -0.32955132872602216 0 0 0 0 1
1685094150.228015900 0.0012015320351822772 -0.353104961384612 0 0 0 0 1
1685094150.261349201 0.0012716063748170376 -0.3773074125177924 0 0 0 0 1
1685094150.294682503 0.0013299477903263317 -0.401882838330406 0 0 0 0 1
1685094150.328015804 0.00150653513049018 -0.4269430190481642 0 0 0 0 1
1685094150.361349106 0.0019691903567286735 -0.45224443659193025 0 0 0 0 1
1685094150.394682407 0.002475286119494536 -0.47801395608905634 0 0 0 0 1
1685094150.428015709 0.0030183297457174194 -0.5042735277485749 0 0 0 0 1
1685094150.461349249 0.0036022323774450595 -0.5308584296610449 0 0 0 0 1
1685094150.494682550 0.004240641855338157 -0.5574864237380024 0 0 0 0 1
1685094150.528015852 0.005077435395686766 -0.5842200597202637 0 0 0 0 1
1685094150.561349154 0.00488930252102304 -0.6092502492549771 0 0 0 0 1
1685094150.594682455 0.003998318952013175 -0.6353082454070434 0 0 0 0 1
1685094150.628015757 0.00283604932656321 -0.6610850146307308 0 0 0 0 1
1685094150.661349058 0.001882163604846024 -0.6868034526360894 0 0 0 0 1
1685094150.694682360 -0.0014104205050658378 -0.712625814250287 0 0 0 0 1
1685094150.728015900 -0.004608937379499908 -0.7390747571941283 0 0 0 0 1
1685094150.761349201 -0.008104534118778223 -0.7651384388787428 0 0 0 0 1
1685094150.794682503 -0.012888882636170908 -0.7918430208316724 0 0 0 0 1
1685094150.828015804 -0.017942026847307724 -0.8189273586193749 0 0 0 0 1
1685094150.861349106 -0.023153174969683152 -0.8460353043674814 0 0 0 0 1
1685094150.894682407 -0.028340699188199484 -0.8732389371593757 0 0 0 0 1
1685094150.928015709 -0.03373090468410498 -0.899306412536092 0 0 0 0 1
1685094150.961349249 -0.036299334533887104 -0.9248624318496658 0 0 0 0 1
1685094150.994682550 -0.03695853102726493 -0.9522023383280788 0 0 0 0 1
1685094151.028015852 -0.03775235966421412 -0.9797813807185723 0 0 0 0 1
1685094151.061349154 -0.038539099780875746 -1.0070728123655681 0 0 0 0 1
1685094151.094682455 -0.03916194612039573 -1.0345138137391483 0 0 0 0 1
1685094151.128015757 -0.03974023058350434 -1.0623772018274806 0 0 0 0 1
1685094151.161349058 -0.03964244003474157 -1.0912757441079768 0 0 0 0 1
1685094151.194682360 -0.040879488287448015 -1.1186973672198344 0 0 0 0 1
1685094151.228015900 -0.04174760592142783 -1.146153312067703 0 0 0 0 1
1685094151.261349201 -0.04420732653489223 -1.1712995391854129 0 0 0 0 1
1685094151.294682503 -0.046482195948765244 -1.1985823175386108 0 0 0 0 1
1685094151.328015804 -0.04874909469696274 -1.2258661041656955 0 0 0 0 1
1685094151.361349106 -0.051139726348410325 -1.2531093699493485 0 0 0 0 1
1685094151.394682407 -0.053476621603162515 -1.280632614506529 0 0 0 0 1
1685094151.428015709 -0.05581637217828556 -1.3078497593794844 0 0 0 0 1
1685094151.461349249 -0.05846935745452104 -1.3350275963296132 0 0 0 0 1
1685094151.494682550 -0.0611179976515213 -1.3622719278704531 0 0 0 0 1
1685094151.528015852 -0.06356518606297425 -1.3897698249520913 0 0 0 0 1
1685094151.561349154 -0.06581239094746191 -1.4174799816431258 0 0 0 0 1
1685094151.594682455 -0.06813614479993774 -1.4440341718919243 0 0 0 0 1
1685094151.628015757 -0.06947516907026073 -1.472235860896509 0 0 0 0 1
1685094151.661349058 -0.07078959346273615 -1.5007868157597555 0 0 0 0 1
1685094151.694682360 -0.07206624390623316 -1.5295573782969831 0 0 0 0 1
1685094151.728015900 -0.07339034755837211 -1.558058315690938 0 0 0 0 1
1685094151.761349201 -0.07483078395006536 -1.5863708979408095 0 0 0 0 1
1685094151.794682503 -0.07633851304209677 -1.6147607720820738 0 0 0 0 1
1685094151.828015804 -0.07771961977208698 -1.642903600140804 0 0 0 0 1
1685094151.861349106 -0.07917448291565043 -1.6709695994463016 0 0 0 0 1
1685094151.894682407 -0.08067970902574192 -1.698905399360993 0 0 0 0 1
1685094151.928015709 -0.08215090819888665 -1.7272873195603051 0 0 0 0 1
1685094151.961349249 -0.08381223678981735 -1.7559160566514669 0 0 0 0 1
1685094151.994682550 -0.08521319229280033 -1.7842415459625105 0 0 0 0 1
1685094152.028015852 -0.08668473085535758 -1.813158404285261 0 0 0 0 1
1685094152.061349154 -0.08830689826402666 -1.8423053432663694 0 0 0 0 1
1685094152.094682455 -0.08993980280507329 -1.8710785468330962 0 0 0 0 1
1685094152.128015757 -0.09175925349675117 -1.8996854705808588 0 0 0 0 1
1685094152.161349058 -0.09355973407649705 -1.928223262905716 0 0 0 0 1
1685094152.194682360 -0.09529255831220457 -1.9570974251578586 0 0 0 0 1
1685094152.228015900 -0.0968022416186899 -1.9856343552629 0 0 0 0 1
1685094152.261349201 -0.09822191320436147 -2.0137922767918255 0 0 0 0 1
1685094152.294682503 -0.09973210291291523 -2.0420094444265473 0 0 0 0 1
1685094152.328015804 -0.10087659848954392 -2.0707666361592505 0 0 0 0 1
1685094152.361349106 -0.10165104642329996 -2.0996850124297795 0 0 0 0 1
1685094152.394682407 -0.10128700942125753 -2.1260125914012087 0 0 0 0 1
1685094152.428015709 -0.09996509039888699 -2.15478117860447 0 0 0 0 1
1685094152.461349249 -0.09858859259855009 -2.183993648538319 0 0 0 0 1
1685094152.494682550 -0.09694603851484425 -2.213023621073287 0 0 0 0 1
1685094152.528015852 -0.09519073463169027 -2.241779976149913 0 0 0 0 1
1685094152.561349154 -0.09361880941494724 -2.2708381082795435 0 0 0 0 1
1685094152.594682455 -0.09255823397162516 -2.3000526488504267 0 0 0 0 1
1685094152.628015757 -0.09149039102267345 -2.3289011873504744 0 0 0 0 1
1685094152.661349058 -0.09064380905233493 -2.357396733034357 0 0 0 0 1
1685094152.694682360 -0.09005562444334057 -2.385849552260905 0 0 0 0 1
1685094152.728015900 -0.08980300959113309 -2.414970764468746 0 0 0 0 1
1685094152.761349201 -0.08982706692118521 -2.444111929759379 0 0 0 0 1
1685094152.794682503 -0.0897227564940096 -2.473294806258311 0 0 0 0 1
1685094152.828015804 -0.08826467893207182 -2.5000340103344416 0 0 0 0 1
1685094152.861349106 -0.08646385724788697 -2.529135726334328 0 0 0 0 1
1685094152.894682407 -0.08459463774511657 -2.5579387840010583 0 0 0 0 1
1685094152.928015709 -0.08321641225373883 -2.5864376690512962 0 0 0 0 1
1685094152.961349249 -0.08197632203688564 -2.615215539568696 0 0 0 0 1
1685094152.994682550 -0.08066678148384791 -2.6441549096481145 0 0 0 0 1
1685094153.028015852 -0.07928319229874807 -2.6727330311486366 0 0 0 0 1
1685094153.061349154 -0.07814689793432535 -2.700864928266738 0 0 0 0 1
1685094153.094682455 -0.07647876255400157 -2.72902223790791 0 0 0 0 1
1685094153.128015757 -0.07488943717604522 -2.7551815918217635 0 0 0 0 1
1685094153.161349058 -0.074271386585956 -2.782401746781241 0 0 0 0 1
1685094153.194682360 -0.07261134981503169 -2.808821821862659 0 0 0 0 1
1685094153.228015900 -0.0705644772149708 -2.835337806074631 0 0 0 0 1
1685094153.261349201 -0.06867245587760253 -2.861761085425331 0 0 0 0 1
1685094153.294682503 -0.0667425004772543 -2.8879185953610977 0 0 0 0 1
1685094153.328015804 -0.06470463742933731 -2.9135732855646337 0 0 0 0 1
