1685094272.273172140 -6.244667472606433e-19 1.7685609668909491e-19 0 0 0 0 1
1685094272.306505442 -0.0003899946798036309 -0.021427650035100824 0 0 0 0 1
1685094272.339838743 -0.0024092202845654087 -0.04101719113032223 0 0 0 0 1
1685094272.373172045 -0.0015889032571014957 -0.059709978083738256 0 0 0 0 1
1685094272.406505346 -0.0009177741735668112 -0.07964797213283158 0 0 0 0 1
1685094272.439838648 -0.00046262847152394004 -0.10048077283307105 0 0 0 0 1
1685094272.473171949 -0.00032124702142245765 -0.12206035329726023 0 0 0 0 1
1685094272.506505251 0.0010830395711659052 -0.13559623501865326 0 0 0 0 1
1685094272.539838791 0.007394378311788864 -0.15733576204258176 0 0 0 0 1
1685094272.573172092 0.013719425054715028 -0.17961561480072133 0 0 0 0 1
1685094272.606505394 0.03214542761722408 -0.1984727067341884 0 0 0 0 1
1685094272.639838696 0.023562165342327072 -0.20429748577341508 0 0 0 0 1
1685094272.673171997 0.00652520799562228 -0.18439707868222538 0 0 0 0 1
1685094272.706505299 -0.010665883458675349 -0.16409398009021633 0 0 0 0 1
1685094272.739838600 -0.028722910266514513 -0.14363208211690973 0 0 0 0 1
1685094272.773172140 -0.046763243710248224 -0.12239298962001931 0 0 0 0 1
1685094272.806505442 -0.06531888988596207 -0.100453362777368 0 0 0 0 1
1685094272.839838743 -0.08397055911625588 -0.07859531012126933 0 0 0 0 1
1685094272.873172045 -0.10271789278944109 -0.056819251911865896 0 0 0 0 1
1685094272.906505346 -0.12228741732182917 -0.033777700573094455 0 0 0 0 1
1685094272.939838648 -0.15375158822342205 -0.011940847386765645 0 0 0 0 1
1685094272.973171949 -0.18217187373083646 0.00024791091932999316 0 0 0 0 1
1685094273.006505251 -0.2114718588732282 0.012580234508448486 0 0 0 0 1
1685094273.039838791 -0.24566862077064888 0.02676137432924707 0 0 0 0 1
1685094273.073172092 -0.2798265724951875 0.04103574243680305 0 0 0 0 1
1685094273.106505394 -0.31394545988551426 0.055403232618881866 0 0 0 0 1
1685094273.139838696 -0.34413758565861363 0.06797855597856359 0 0 0 0 1
1685094273.173171997 -0.3646886077950616 0.060977948633441206 0 0 0 0 1
1685094273.206505299 -0.37794748142042617 0.043786227246681506 0 0 0 0 1
1685094273.239838600 -0.4019221978036005 0.02055275459906705 0 0 0 0 1
1685094273.273172140 -0.42585629959652227 -0.0027225552439223808 0 0 0 0 1
1685094273.306505442 -0.45006319480829377 -0.02636851030817493 0 0 0 0 1
1685094273.339838743 -0.4582184888656236 -0.02067227252746865 0 0 0 0 1
1685094273.373172045 -0.455573136314239 -0.01108279621774517 0 0 0 0 1
1685094273.406505346 -0.4519333426635168 0.02315347513825642 0 0 0 0 1
1685094273.439838648 -0.45464476400432435 0.047675187812160666 0 0 0 0 1
1685094273.473171949 -0.4495532248485699 0.055833700327641116 0 0 0 0 1
1685094273.506505251 -0.44425504231784435 0.06385955600233059 0 0 0 0 1
1685094273.539838791 -0.41548794912360204 0.07209115899682557 0 0 0 0 1
1685094273.573172092 -0.42021312372305186 0.05892280501104498 0 0 0 0 1
1685094273.606505394 -0.43006776526824747 0.054059076068572284 0 0 0 0 1
1685094273.639838696 -0.4633408898214552 0.05881251389288609 0 0 0 0 1
1685094273.673171997 -0.4966657343184201 0.06318866836182427 0 0 0 0 1
1685094273.706505299 -0.5313712875191432 0.06759310586983966 0 0 0 0 1
1685094273.739838600 -0.5660870456034378 0.07191637238521661 0 0 0 0 1
1685094273.773172140 -0.6002555163090127 0.07563511765139308 0 0 0 0 1
1685094273.806505442 -0.6346232287791039 0.07605200646821929 0 0 0 0 1
1685094273.839838743 -0.668871850988885 0.07316317738983082 0 0 0 0 1
1685094273.873172045 -0.7048659640477 0.06678259624530918 0 0 0 0 1
1685094273.906505346 -0.7408159949398252 0.06015815140156405 0 0 0 0 1
1685094273.939838648 -0.7770638791654729 0.05380828632865747 0 0 0 0 1
1685094273.973171949 -0.8133350616662652 0.04759288471055597 0 0 0 0 1
1685094274.006505251 -0.84962904364463 0.04151203202082351 0 0 0 0 1
1685094274.039838791 -0.886445486064078 0.034927845014103974 0 0 0 0 1
1685094274.073172092 -0.8866259927271405 0.0444556809055892 0 0 0 0 1
1685094274.106505394 -0.8860250545175937 0.08062098455686573 0 0 0 0 1
1685094274.139838696 -0.8759681667549735 0.11536503906192873 0 0 0 0 1
1685094274.173171997 -0.8571581939556844 0.14625962172961873 0 0 0 0 1
1685094274.206505299 -0.8309097438539697 0.1711455451036574 0 0 0 0 1
1685094274.239838600 -0.7990572909535307 0.18828356013300218 0 0 0 0 1
1685094274.273172140 -0.765716105554195 0.20422351425910082 0 0 0 0 1
1685094274.306505442 -0.7326407016808046 0.22070788382505988 0 0 0 0 1
1685094274.339838743 -0.6998399681448544 0.2377322387578788 0 0 0 0 1
1685094274.373172045 -0.6673227199418742 0.25529200386680856 0 0 0 0 1
1685094274.406505346 -0.6633166629144331 0.26083752888956985 0 0 0 0 1
1685094274.439838648 -0.7001281448104514 0.2524003320186432 0 0 0 0 1
1685094274.473171949 -0.7360739360387034 0.24881411913709758 0 0 0 0 1
1685094274.506505251 -0.771389084813089 0.24121141587445075 0 0 0 0 1
1685094274.539838791 -0.8056262550627292 0.22968852547516294 0 0 0 0 1
1685094274.573172092 -0.838351765442677 0.21439140809217916 0 0 0 0 1
1685094274.606505394 -0.8691510827642318 0.19551383191346858 0 0 0 0 1
1685094274.639838696 -0.8976340728760587 0.17329491870542835 0 0 0 0 1
1685094274.673171997 -0.9234399424833334 0.14801611486368804 0 0 0 0 1
1685094274.706505299 -0.9462418093070238 0.11999762633893836 0 0 0 0 1
1685094274.739838600 -0.9657508426932153 0.08959436259648275 0 0 0 0 1
1685094274.773172140 -0.9817199222234894 0.05719144098727239 0 0 0 0 1
1685094274.806505442 -0.9939467679828368 0.023199308476440174 0 0 0 0 1
1685094274.839838743 -1.0022765028340785 -0.011951457477730118 0 0 0 0 1
1685094274.873172045 -1.0066036142425336 -0.04781560303726725 0 0 0 0 1
1685094274.906505346 -1.006873290800552 -0.08393883800329574 0 0 0 0 1
1685094274.939838648 -1.0030821165221875 -0.11986359029816784 0 0 0 0 1
1685094274.973171949 -0.9952781141134057 -0.15513480201906818 0 0 0 0 1
1685094275.006505251 -0.9835601366697143 -0.1893056936446314 0 0 0 0 1
1685094275.039838791 -0.9680766155065751 -0.22194342337951753 0 0 0 0 1
1685094275.073172092 -0.9490236799837918 -0.25263456995017375 0 0 0 0 1
1685094275.106505394 -0.9266426731400108 -0.2809903694013527 0 0 0 0 1
1685094275.139838696 -0.8999923007322359 -0.31059728681991833 0 0 0 0 1
1685094275.173171997 -0.8730850646724353 -0.33997095795794635 0 0 0 0 1
1685094275.206505299 -0.8420379867353853 -0.3543199030099728 0 0 0 0 1
1685094275.239838600 -0.8091561557505039 -0.36373257869848097 0 0 0 0 1
1685094275.273172140 -0.8005691873242619 -0.3618627896639425 0 0 0 0 1
1685094275.306505442 -0.812930405833514 -0.3517869643722229 0 0 0 0 1
1685094275.339838743 -0.7976475248915436 -0.34723114079615136 0 0 0 0 1
1685094275.373172045 -0.8024741674127254 -0.3624306638253603 0 0 0 0 1
1685094275.406505346 -0.8123287746402924 -0.3498923746783867 0 0 0 0 1
1685094275.439838648 -0.8236306213259537 -0.38703524658771543 0 0 0 0 1
1685094275.473171949 -0.8340182180164086 -0.42444410258700316 0 0 0 0 1
1685094275.506505251 -0.8434853169526575 -0.46209644261933414 0 0 0 0 1
1685094275.539838791 -0.852026224021389 -0.4999696201810636 0 0 0 0 1
1685094275.573172092 -0.8369032347947929 -0.49694727842570907 0 0 0 0 1
1685094275.606505394 -0.7986489019552521 -0.4979655834483032 0 0 0 0 1
1685094275.639838696 -0.760391942831707 -0.49887991639467083 0 0 0 0 1
1685094275.673171997 -0.7221326400110403 -0.49969027051104736 0 0 0 0 1
1685094275.706505299 -0.6846230108710878 -0.5006547031877481 0 0 0 0 1
1685094275.739838600 -0.646916598903513 -0.5013381557618808 0 0 0 0 1
1685094275.773172140 -0.609090063373731 -0.5023927204536061 0 0 0 0 1
1685094275.806505442 -0.5712635278437869 -0.5034472851395199 0 0 0 0 1
1685094275.839838743 -0.5334369923136808 -0.5045018498196222 0 0 0 0 1
1685094275.873172045 -0.49561045678341265 -0.5055564144939132 0 0 0 0 1
1685094275.906505346 -0.4577839212529825 -0.5066109791623928 0 0 0 0 1
1685094275.939838648 -0.4199573857223904 -0.5076655438250611 0 0 0 0 1
1685094275.973171949 -0.427884448684311 -0.5126591378540272 0 0 0 0 1
1685094276.006505251 -0.4214440766109711 -0.519463248088681 0 0 0 0 1
1685094276.039838791 -0.4160229299853867 -0.5118222090368052 0 0 0 0 1
1685094276.073172092 -0.4033021275897769 -0.5293537959937795 0 0 0 0 1
1685094276.106505394 -0.38318343859969095 -0.5617649122683094 0 0 0 0 1
1685094276.139838696 -0.3878096065830176 -0.594247899789136 0 0 0 0 1
1685094276.173171997 -0.4054674639615903 -0.6271134002902231 0 0 0 0 1
1685094276.206505299 -0.42341836255221127 -0.6598197649640635 0 0 0 0 1
1685094276.239838600 -0.4416608683195851 -0.6923643810121336 0 0 0 0 1
1685094276.273172140 -0.46019352393292623 -0.72474464855745 0 0 0 0 1
1685094276.306505442 -0.4782543259495259 -0.756247995349802 0 0 0 0 1
1685094276.339838743 -0.4961638581775436 -0.7878375835708535 0 0 0 0 1
1685094276.373172045 -0.5135724595002199 -0.8194006259969309 0 0 0 0 1
1685094276.406505346 -0.5310831533129088 -0.8509071435671182 0 0 0 0 1
1685094276.439838648 -0.548695756084286 -0.8823568060584696 0 0 0 0 1
1685094276.473171949 -0.5664100832149097 -0.9137492838439437 0 0 0 0 1
1685094276.506505251 -0.5842259490391548 -0.9450842478958577 0 0 0 0 1
1685094276.539838791 -0.6027742097940936 -0.9766499653890526 0 0 0 0 1
1685094276.573172092 -0.6144406015762238 -0.9591169919281569 0 0 0 0 1
1685094276.606505394 -0.6343676362330526 -0.9295698625633566 0 0 0 0 1
1685094276.639838696 -0.6298597464736866 -0.9299884329917344 0 0 0 0 1
1685094276.673171997 -0.6311822083428906 -0.9377299771877657 0 0 0 0 1
1685094276.706505299 -0.6388268516830251 -0.9359300215947739 0 0 0 0 1
1685094276.739838600 -0.598765501207667 -0.9274445389214071 0 0 0 0 1
1685094276.773172140 -0.5614345649803553 -0.9106125331436677 0 0 0 0 1
1685094276.806505442 -0.5285508544462229 -0.8862080909329375 0 0 0 0 1
1685094276.839838743 -0.5016266577048688 -0.8553535475407184 0 0 0 0 1
1685094276.873172045 -0.5109802990285567 -0.816390291580027 0 0 0 0 1
1685094276.906505346 -0.549024094411823 -0.8340487338685533 0 0 0 0 1
1685094276.939838648 -0.5516616243599256 -0.8166411277108248 0 0 0 0 1
1685094276.973171949 -0.5530019333677556 -0.8376775366607347 0 0 0 0 1
1685094277.006505251 -0.5334069916310087 -0.8454470403821972 0 0 0 0 1
1685094277.039838791 -0.5199674022354099 -0.8292080636095669 0 0 0 0 1
1685094277.073172092 -0.512591545597299 -0.7977968697568301 0 0 0 0 1
1685094277.106505394 -0.5054303548686601 -0.765990939222861 0 0 0 0 1
1685094277.139838696 -0.5040119589793398 -0.7479136232689262 0 0 0 0 1
1685094277.173171997 -0.48899492678673306 -0.737750457269916 0 0 0 0 1
1685094277.206505299 -0.4598974231100528 -0.7518091549577234 0 0 0 0 1
1685094277.239838600 -0.4307480508742277 -0.7657599900276711 0 0 0 0 1
1685094277.273172140 -0.4015472099175166 -0.779602771117916 0 0 0 0 1
1685094277.306505442 -0.3722953007841684 -0.7933373083487774 0 0 0 0 1
1685094277.339838743 -0.3429927247189278 -0.8069634133253422 0 0 0 0 1
1685094277.373172045 -0.313639883661531 -0.8204808991400483 0 0 0 0 1
1685094277.406505346 -0.28345816639658744 -0.8349531788730749 0 0 0 0 1
1685094277.439838648 -0.25342720996653134 -0.8497357562406397 0 0 0 0 1
1685094277.473171949 -0.22355020443045004 -0.8648270609532527 0 0 0 0 1
1685094277.506505251 -0.1939034473090524 -0.8799052387106082 0 0 0 0 1
1685094277.539838791 -0.17788971322712835 -0.903125231154853 0 0 0 0 1
1685094277.573172092 -0.1553145034954262 -0.9264211048891329 0 0 0 0 1
1685094277.606505394 -0.11116578924625747 -0.9074042383675338 0 0 0 0 1
1685094277.639838696 -0.14364696012513384 -0.9036797062831463 0 0 0 0 1
1685094277.673171997 -0.17613303259649324 -0.8999981717802542 0 0 0 0 1
1685094277.706505299 -0.20862394974147633 -0.896359641309275 0 0 0 0 1
1685094277.739838600 -0.24111965463273552 -0.8927641212452795 0 0 0 0 1
1685094277.773172140 -0.27362009033453455 -0.8892116178879796 0 0 0 0 1
1685094277.806505442 -0.2864983678004017 -0.8822759672225883 0 0 0 0 1
1685094277.839838743 -0.28759595273110183 -0.8909089331087096 0 0 0 0 1
1685094277.873172045 -0.29627467832626425 -0.8902666600243381 0 0 0 0 1
1685094277.906505346 -0.2960894929873493 -0.8815661715862512 0 0 0 0 1
1685094277.939838648 -0.2873912987471907 -0.8812937571381964 0 0 0 0 1
