1685094158.225413084 1.2086895523757842e-19 8.467722379436425e-19 0 0 0 0 1
1685094158.258746386 0.0013898475115121176 -0.008326386661798886 0 0 0 0 1
1685094158.292079687 0.0010030597543983966 -0.015764678907055976 0 0 0 0 1
1685094158.325412989 -0.001167507500293983 -0.029672114674270562 0 0 0 0 1
1685094158.358746290 -0.006812733585767103 -0.04165645467638324 0 0 0 0 1
1685094158.392079830 -0.010476693446425137 -0.05684102921625846 0 0 0 0 1
1685094158.425413132 -0.014630962631445175 -0.0681612027959476 0 0 0 0 1
1685094158.458746433 -0.017838435339300244 -0.07848680215969372 0 0 0 0 1
1685094158.492079735 -0.02244235368593251 -0.08575298247644426 0 0 0 0 1
1685094158.525413036 -0.022979711207814203 -0.0886433058710865 0 0 0 0 1
1685094158.558746338 -0.023734608317979147 -0.10044061830904007 0 0 0 0 1
1685094158.592079639 -0.03054406436721613 -0.11423718624302787 0 0 0 0 1
1685094158.625412941 -0.03695847443834619 -0.13005337388700003 0 0 0 0 1
1685094158.658746481 -0.042406500098141835 -0.14291871639001813 0 0 0 0 1
1685094158.692079782 -0.04864624903108635 -0.15596607483461897 0 0 0 0 1
1685094158.725413084 -0.05631434835570022 -0.16583900313875014 0 0 0 0 1
1685094158.758746386 -0.06304116451823191 -0.1751731198659273 0 0 0 0 1
1685094158.792079687 -0.07179580581874384 -0.18526237001492524 0 0 0 0 1
1685094158.825412989 -0.08072335268981172 -0.19278111817750956 0 0 0 0 1
1685094158.858746290 -0.09236142797648227 -0.20194963296009152 0 0 0 0 1
1685094158.892079830 -0.10467789127706487 -0.20384979830642067 0 0 0 0 1
1685094158.925413132 -0.11918738269187583 -0.21061847576317658 0 0 0 0 1
1685094158.958746433 -0.1337158737660331 -0.21571853226266155 0 0 0 0 1
1685094158.992079735 -0.15061413956592967 -0.22352751141166072 0 0 0 0 1
1685094159.025413036 -0.16800487349109433 -0.23273626529722716 0 0 0 0 1
1685094159.058746338 -0.18502535041291038 -0.2407310689687151 0 0 0 0 1
1685094159.092079639 -0.20071999581330408 -0.25104472740527056 0 0 0 0 1
1685094159.125412941 -0.21618890753984568 -0.258696972684591 0 0 0 0 1
1685094159.158746481 -0.23218018560300516 -0.2700281912267598 0 0 0 0 1
1685094159.192079782 -0.24558944016192485 -0.27653040842394405 0 0 0 0 1
1685094159.225413084 -0.26468362539680407 -0.28462401497711065 0 0 0 0 1
1685094159.258746386 -0.2793299288903883 -0.2916645107588152 0 0 0 0 1
1685094159.292079687 -0.2914435148756387 -0.2976198823910877 0 0 0 0 1
1685094159.325412989 -0.3071193514563983 -0.3025268927414551 0 0 0 0 1
1685094159.358746290 -0.3257069644445955 -0.3071085193414513 0 0 0 0 1
1685094159.392079830 -0.34290934468528045 -0.3075303623542296 0 0 0 0 1
1685094159.425413132 -0.36035098976218405 -0.31122250974273474 0 0 0 0 1
1685094159.458746433 -0.3689595924395838 -0.3081446000831809 0 0 0 0 1
1685094159.492079735 -0.3805210444801286 -0.3114024052652313 0 0 0 0 1
