1685094292.512028217 4.075250503974301e-20 1.0021467925238053e-18 0 0 0 0 1
1685094292.545361519 -0.0006819773928880395 -0.018767174668647225 0 0 0 0 1
1685094292.578694820 -0.0014886609819034407 -0.03787855020168946 0 0 0 0 1
1685094292.612028122 -0.003633854845107791 -0.057704259440786325 0 0 0 0 1
1685094292.645361662 -0.004322510620478955 -0.0777443847549832 0 0 0 0 1
1685094292.678694963 -0.005831694380234483 -0.0984580317607649 0 0 0 0 1
1685094292.712028265 -0.007449398784623979 -0.11900872925396624 0 0 0 0 1
1685094292.745361567 -0.008773460513980846 -0.14053264040677502 0 0 0 0 1
1685094292.778694868 -0.010071889824355132 -0.16297593517686026 0 0 0 0 1
1685094292.812028170 -0.011401703644026198 -0.1860992141781428 0 0 0 0 1
1685094292.845361471 -0.012215330245892678 -0.2095983614511235 0 0 0 0 1
1685094292.878695011 -0.012720913092652362 -0.23339649191226908 0 0 0 0 1
1685094292.912028313 -0.013177591293364363 -0.25804380839626484 0 0 0 0 1
1685094292.945361614 -0.013431793766650884 -0.2835013205337479 0 0 0 0 1
1685094292.978694916 -0.012655919173004987 -0.30868789531708113 0 0 0 0 1
1685094293.012028217 -0.012004171212048135 -0.3349761807979539 0 0 0 0 1
1685094293.045361519 -0.011383651110421611 -0.3616011076682775 0 0 0 0 1
1685094293.078694820 -0.011681393506089294 -0.38707002364135906 0 0 0 0 1
1685094293.112028122 -0.012236266606572453 -0.41417015481966435 0 0 0 0 1
1685094293.145361662 -0.013025502397585135 -0.44149748667624483 0 0 0 0 1
1685094293.178694963 -0.014033981721041982 -0.4692180314163668 0 0 0 0 1
1685094293.212028265 -0.014867867589067328 -0.4970406339020489 0 0 0 0 1
1685094293.245361567 -0.015551380650939965 -0.5252676014003587 0 0 0 0 1
1685094293.278694868 -0.016286416166011963 -0.5535954893664273 0 0 0 0 1
1685094293.312028170 -0.017201777976112765 -0.5821470896112628 0 0 0 0 1
1685094293.345361471 -0.018043016132575352 -0.61107894869426 0 0 0 0 1
1685094293.378695011 -0.018809549496837892 -0.6404306273882608 0 0 0 0 1
1685094293.412028313 -0.019915464111208828 -0.6697293344578721 0 0 0 0 1
1685094293.445361614 -0.021294030778625034 -0.6993113541583856 0 0 0 0 1
1685094293.478694916 -0.023152913479034653 -0.7288958160565369 0 0 0 0 1
1685094293.512028217 -0.024905108327615316 -0.7583328018078935 0 0 0 0 1
1685094293.545361519 -0.027439423763981105 -0.7871410973158054 0 0 0 0 1
1685094293.578694820 -0.030091144294051745 -0.8159166364386081 0 0 0 0 1
1685094293.612028122 -0.032639336410748974 -0.8444231438906631 0 0 0 0 1
1685094293.645361662 -0.03485485372640085 -0.8724636688677571 0 0 0 0 1
1685094293.678694963 -0.036706527053866546 -0.9004291956778714 0 0 0 0 1
1685094293.712028265 -0.038253796997354234 -0.9281110413230413 0 0 0 0 1
1685094293.745361567 -0.039309880436067375 -0.9559491093403888 0 0 0 0 1
1685094293.778694868 -0.04021897194825796 -0.9841652684311739 0 0 0 0 1
1685094293.812028170 -0.04101617887637166 -1.0121983166267998 0 0 0 0 1
1685094293.845361471 -0.04141530993910937 -1.0386747100508011 0 0 0 0 1
1685094293.878695011 -0.041474129332171435 -1.0669599211078418 0 0 0 0 1
1685094293.912028313 -0.041918812418614816 -1.095345996640101 0 0 0 0 1
1685094293.945361614 -0.042536306135569316 -1.1240254431080208 0 0 0 0 1
1685094293.978694916 -0.043416433434775685 -1.1529432908175437 0 0 0 0 1
1685094294.012028217 -0.0443298567907466 -1.1820174292782708 0 0 0 0 1
1685094294.045361519 -0.04578462776374616 -1.209788436423377 0 0 0 0 1
1685094294.078694820 -0.04705915945625995 -1.2374989778977914 0 0 0 0 1
1685094294.112028122 -0.049619405728891626 -1.2648252791065193 0 0 0 0 1
1685094294.145361662 -0.05310995396529311 -1.2930986113341612 0 0 0 0 1
1685094294.178694963 -0.0564541440771265 -1.3213055195932817 0 0 0 0 1
1685094294.212028265 -0.05984737414216332 -1.3491101392092473 0 0 0 0 1
1685094294.245361567 -0.06337202218980033 -1.376779014765216 0 0 0 0 1
1685094294.278694868 -0.06675114916866978 -1.4045724719313488 0 0 0 0 1
1685094294.312028170 -0.07012055453529022 -1.4325412844530234 0 0 0 0 1
1685094294.345361471 -0.07359804523876738 -1.4607235106924554 0 0 0 0 1
1685094294.378695011 -0.0770780691201974 -1.4886409254642252 0 0 0 0 1
1685094294.412028313 -0.0797523983973099 -1.516312420200902 0 0 0 0 1
1685094294.445361614 -0.08278459971507347 -1.5447850197192825 0 0 0 0 1
1685094294.478694916 -0.08404098218204101 -1.5716541462555687 0 0 0 0 1
1685094294.512028217 -0.08309734132080032 -1.6004219931844286 0 0 0 0 1
1685094294.545361519 -0.08172379852210705 -1.6297284514759516 0 0 0 0 1
1685094294.578694820 -0.07980111555023255 -1.6592435672811279 0 0 0 0 1
1685094294.612028122 -0.07813255991381217 -1.689199568358284 0 0 0 0 1
1685094294.645361662 -0.07761004706003544 -1.7174659176354312 0 0 0 0 1
1685094294.678694963 -0.07958004521906803 -1.7473551491834722 0 0 0 0 1
1685094294.712028265 -0.08134525424117818 -1.7772467363279185 0 0 0 0 1
1685094294.745361567 -0.0831942360911476 -1.8068957623950246 0 0 0 0 1
1685094294.778694868 -0.0849530245467328 -1.8364325534182178 0 0 0 0 1
1685094294.812028170 -0.08616830740368954 -1.8661659476112775 0 0 0 0 1
1685094294.845361471 -0.0872544968182134 -1.8949114060218375 0 0 0 0 1
1685094294.878695011 -0.08869081368132162 -1.9243913271633608 0 0 0 0 1
1685094294.912028313 -0.09105692284513901 -1.9542861640395748 0 0 0 0 1
1685094294.945361614 -0.09348373435135854 -1.9847041608895624 0 0 0 0 1
1685094294.978694916 -0.0959784630172643 -2.0151958209256313 0 0 0 0 1
1685094295.012028217 -0.09826154820153787 -2.0456653424643294 0 0 0 0 1
1685094295.045361519 -0.1008126248284728 -2.076207396422714 0 0 0 0 1
1685094295.078694820 -0.103393547431652 -2.1072160439892182 0 0 0 0 1
1685094295.112028122 -0.10590009232842275 -2.138745596201995 0 0 0 0 1
1685094295.145361662 -0.10927171787034916 -2.1776637649816943 0 0 0 0 1
1685094295.178694963 -0.11245634892529184 -2.2089178163407706 0 0 0 0 1
1685094295.212028265 -0.11594202036395847 -2.2403221558950808 0 0 0 0 1
1685094295.245361567 -0.11951620982569876 -2.2711976403188108 0 0 0 0 1
1685094295.278694868 -0.12303037863712352 -2.301794986082849 0 0 0 0 1
1685094295.312028170 -0.12655701435795538 -2.332687225347801 0 0 0 0 1
1685094295.345361471 -0.13036716111253766 -2.3633710780901347 0 0 0 0 1
1685094295.378695011 -0.13496690577834433 -2.4015083822314454 0 0 0 0 1
1685094295.412028313 -0.13814900116643822 -2.431904279380525 0 0 0 0 1
1685094295.445361614 -0.14090743062242617 -2.462054963815849 0 0 0 0 1
1685094295.478694916 -0.1436063303058679 -2.492376720077901 0 0 0 0 1
1685094295.512028217 -0.14662455184778372 -2.521985275553169 0 0 0 0 1
1685094295.545361519 -0.14952005158434126 -2.5515043024831963 0 0 0 0 1
1685094295.578694820 -0.15203908001729033 -2.5805912182220223 0 0 0 0 1
1685094295.612028122 -0.15467729676596936 -2.609476592768038 0 0 0 0 1
1685094295.645361662 -0.1577191119502494 -2.6385252188285113 0 0 0 0 1
1685094295.678694963 -0.16080393476665106 -2.667819871053968 0 0 0 0 1
1685094295.712028265 -0.16350947104998884 -2.6967494119319992 0 0 0 0 1
1685094295.745361567 -0.16621082333493348 -2.725516492775303 0 0 0 0 1
1685094295.778694868 -0.16877217623507232 -2.754176187644757 0 0 0 0 1
1685094295.812028170 -0.17137369710025216 -2.780037370096318 0 0 0 0 1
1685094295.845361471 -0.17206388536031303 -2.8088263896188956 0 0 0 0 1
1685094295.878695011 -0.1728724218479338 -2.8373446144806502 0 0 0 0 1
1685094295.912028313 -0.17188640059527296 -2.863803640903352 0 0 0 0 1
1685094295.945361614 -0.17087722397386612 -2.8913996978190966 0 0 0 0 1
1685094295.978694916 -0.16966382784920245 -2.9182950633897824 0 0 0 0 1
