1685094162.117582321 1.67690167137033e-20 -5.379327801292196e-20 0 0 0 0 1
1685094162.150915623 -0.00011050820187791821 -0.009202023455965887 0 0 0 0 1
1685094162.184249163 -0.0008117503895042144 -0.017767217627572288 0 0 0 0 1
1685094162.217582464 -0.0011359496155982694 -0.022994577959975587 0 0 0 0 1
1685094162.250915766 -0.0005226410843560467 -0.03612103529440869 0 0 0 0 1
1685094162.284249067 -0.001953839430111524 -0.04871916828305837 0 0 0 0 1
1685094162.317582369 -0.0038574908369054983 -0.06283430210154486 0 0 0 0 1
1685094162.350915670 -0.0036827754034100286 -0.07543542353607682 0 0 0 0 1
1685094162.384248972 -0.0007385482673846483 -0.08514336410826351 0 0 0 0 1
1685094162.417582512 0.00019805432601810227 -0.09057744607747156 0 0 0 0 1
1685094162.450915813 0.0010645276756962203 -0.10069798409033666 0 0 0 0 1
1685094162.484249115 0.005593544547379986 -0.10840963626160373 0 0 0 0 1
1685094162.517582417 0.010142547691305459 -0.12009875084116954 0 0 0 0 1
1685094162.550915718 0.01687580881828955 -0.13487660138333818 0 0 0 0 1
1685094162.584249020 0.024240595656127854 -0.1484076837771974 0 0 0 0 1
1685094162.617582321 0.028245154727033848 -0.16166635090962292 0 0 0 0 1
1685094162.650915623 0.03358358471483726 -0.17411492618109362 0 0 0 0 1
1685094162.684249163 0.04008704355523757 -0.18046319935805577 0 0 0 0 1
1685094162.717582464 0.045974176455943115 -0.1853308852595969 0 0 0 0 1
1685094162.750915766 0.05522780603093413 -0.19417134306836123 0 0 0 0 1
1685094162.784249067 0.06455732506326338 -0.19498170624488131 0 0 0 0 1
1685094162.817582369 0.07782276448763871 -0.20699604396355 0 0 0 0 1
1685094162.850915670 0.0933493817412958 -0.21575778408981716 0 0 0 0 1
1685094162.884248972 0.10911356487230119 -0.22483761092226018 0 0 0 0 1
1685094162.917582512 0.10835291287386814 -0.23257337043975138 0 0 0 0 1
1685094162.950915813 0.1090326901271269 -0.250557539001147 0 0 0 0 1
1685094162.984249115 0.11093193763722535 -0.26065584873861214 0 0 0 0 1
1685094163.017582417 0.12331938909037536 -0.2710746748929439 0 0 0 0 1
1685094163.050915718 0.14290478517987457 -0.28071646206586465 0 0 0 0 1
1685094163.084249020 0.15586868052798084 -0.28979810896662744 0 0 0 0 1
1685094163.117582321 0.149165335580985 -0.2952476947834207 0 0 0 0 1
1685094163.150915623 0.167773379542427 -0.29619912123597364 0 0 0 0 1
1685094163.184249163 0.18665111387953534 -0.2971269167656611 0 0 0 0 1
1685094163.217582464 0.2029036743150989 -0.29946566208978603 0 0 0 0 1
1685094163.250915766 0.2099049703086497 -0.29375423358310626 0 0 0 0 1
1685094163.284249067 0.20954085748256382 -0.31014032058872976 0 0 0 0 1
1685094163.317582369 0.20655807195207676 -0.32768896018254906 0 0 0 0 1
1685094163.350915670 0.20499972688546375 -0.3454099788270668 0 0 0 0 1
1685094163.384248972 0.20711723884436528 -0.3619160204750902 0 0 0 0 1
1685094163.417582512 0.20716646474885633 -0.3750494692102642 0 0 0 0 1
1685094163.450915813 0.20891152451631576 -0.3900644562152341 0 0 0 0 1
