1685094208.316799164 7.359031557873033e-20 -3.879291636002466e-19 0 0 0 0 1
1685094208.350132465 7.692311634114895e-05 -0.015955121719152233 0 0 0 0 1
1685094208.383465767 0.0018198410694551547 -0.02930451902016674 0 0 0 0 1
1685094208.416799068 0.0029865161546561818 -0.04778699064687791 0 0 0 0 1
1685094208.450132370 0.004123509843047836 -0.06642305600739191 0 0 0 0 1
1685094208.483465910 0.005696201651844834 -0.08572481420399711 0 0 0 0 1
1685094208.516799212 0.007342420941172285 -0.10569495113654309 0 0 0 0 1
1685094208.550132513 0.008741888282623728 -0.12583954227644206 0 0 0 0 1
1685094208.583465815 0.010168904732156108 -0.14705063522195538 0 0 0 0 1
1685094208.616799116 0.011889440487393006 -0.1691165259832577 0 0 0 0 1
1685094208.650132418 0.013699907856454583 -0.19183521355928715 0 0 0 0 1
1685094208.683465719 0.019545321935742172 -0.21054157851068733 0 0 0 0 1
1685094208.716799259 0.008726115433224917 -0.22378355216734166 0 0 0 0 1
1685094208.750132561 0.03848515728649789 -0.204903548877391 0 0 0 0 1
1685094208.783465862 0.05218054215990223 -0.1965952805037742 0 0 0 0 1
1685094208.816799164 0.06895137841530155 -0.17835614688197174 0 0 0 0 1
1685094208.850132465 0.0857299714224094 -0.1601241486184458 0 0 0 0 1
1685094208.883465767 0.10293591232254712 -0.14133824795414088 0 0 0 0 1
1685094208.916799068 0.1200144238264921 -0.12208128653927672 0 0 0 0 1
1685094208.950132370 0.13746892045247325 -0.10226377965324299 0 0 0 0 1
1685094208.983465910 0.15484707691538116 -0.08199746022663874 0 0 0 0 1
1685094209.016799212 0.1721540105864218 -0.061913702766768594 0 0 0 0 1
1685094209.050132513 0.18955520726222125 -0.04162166518882101 0 0 0 0 1
1685094209.083465815 0.2071744164241287 -0.021092354436254495 0 0 0 0 1
1685094209.116799116 0.19343570924538406 -0.028920593560803405 0 0 0 0 1
1685094209.150132418 0.18538309242056503 -0.050549468711277655 0 0 0 0 1
1685094209.183465719 0.17466504144536046 -0.07549703479873358 0 0 0 0 1
1685094209.216799259 0.16382154216624326 -0.10039033096012709 0 0 0 0 1
1685094209.250132561 0.15269720967213019 -0.1255695386245889 0 0 0 0 1
1685094209.283465862 0.1415243142231344 -0.15072723484931266 0 0 0 0 1
1685094209.316799164 0.13030289741630582 -0.17586332597138446 0 0 0 0 1
1685094209.350132465 0.1190330010293409 -0.2009777184083268 0 0 0 0 1
1685094209.383465767 0.10771466702042717 -0.22607031865844712 0 0 0 0 1
1685094209.416799068 0.09634793752808697 -0.25114103330118587 0 0 0 0 1
1685094209.450132370 0.08493285487102058 -0.2761897689974643 0 0 0 0 1
1685094209.483465910 0.10356805040525531 -0.2773760808424845 0 0 0 0 1
1685094209.516799212 0.12223019484623884 -0.276741877991131 0 0 0 0 1
1685094209.550132513 0.14074186078018971 -0.27429319002762886 0 0 0 0 1
1685094209.583465815 0.1376029326122041 -0.30267701059345625 0 0 0 0 1
1685094209.616799116 0.13444264459432054 -0.3310584608664934 0 0 0 0 1
1685094209.650132418 0.1295268362303473 -0.3570499779270314 0 0 0 0 1
1685094209.683465719 0.12699381490841974 -0.38259845246916063 0 0 0 0 1
1685094209.716799259 0.12208837702383186 -0.40779919506948126 0 0 0 0 1
1685094209.750132561 0.11101322716541409 -0.4340907619196784 0 0 0 0 1
1685094209.783465862 0.0998723485253874 -0.4603545441102349 0 0 0 0 1
1685094209.816799164 0.08866581080748999 -0.4865903773198385 0 0 0 0 1
1685094209.850132465 0.0773237700802707 -0.5123757326677258 0 0 0 0 1
1685094209.883465767 0.06593441980296341 -0.5381402264243578 0 0 0 0 1
1685094209.916799068 0.054305874536116544 -0.5639824509379308 0 0 0 0 1
1685094209.950132370 0.04300519384528261 -0.5893173728387153 0 0 0 0 1
1685094209.983465910 0.03164858212070155 -0.6146272725210955 0 0 0 0 1
1685094210.016799212 0.020236094766720423 -0.6399120265082369 0 0 0 0 1
1685094210.050132513 0.008767787460281033 -0.6651715114459807 0 0 0 0 1
1685094210.083465815 -0.003074749183690423 -0.6905812991151229 0 0 0 0 1
1685094210.116799116 -0.014944439197383221 -0.7159784139617651 0 0 0 0 1
1685094210.150132418 -0.02623305610372764 -0.7147269373095985 0 0 0 0 1
1685094210.183465719 -0.033435674929648856 -0.7059450612277121 0 0 0 0 1
1685094210.216799259 -0.05891310641700837 -0.6949495012286163 0 0 0 0 1
1685094210.250132561 -0.0843512232080316 -0.6838632904687094 0 0 0 0 1
1685094210.283465862 -0.10978939564890365 -0.6728306667115682 0 0 0 0 1
1685094210.316799164 -0.1352018989627065 -0.6617390446740059 0 0 0 0 1
1685094210.350132465 -0.16058859631604433 -0.6505884840787618 0 0 0 0 1
1685094210.383465767 -0.18594935101447316 -0.6393790449659292 0 0 0 0 1
1685094210.416799068 -0.21128402650323708 -0.6281107876926325 0 0 0 0 1
1685094210.450132370 -0.2140666782012666 -0.6424450035691307 0 0 0 0 1
1685094210.483465910 -0.23413174787147836 -0.662099169321803 0 0 0 0 1
1685094210.516799212 -0.24445174116820223 -0.6583830885816452 0 0 0 0 1
1685094210.550132513 -0.25439806908521323 -0.6537590126005344 0 0 0 0 1
1685094210.583465815 -0.2638910296316005 -0.6482639950594766 0 0 0 0 1
1685094210.616799116 -0.28851331075583647 -0.6616240680451793 0 0 0 0 1
1685094210.650132418 -0.31259819353545226 -0.6743572108599727 0 0 0 0 1
1685094210.683465719 -0.33662983655791445 -0.6872813117215397 0 0 0 0 1
1685094210.716799259 -0.3616404885554122 -0.699704623273075 0 0 0 0 1
1685094210.750132561 -0.3859079435152518 -0.7114528880878773 0 0 0 0 1
1685094210.783465862 -0.4099610266038331 -0.723224366407199 0 0 0 0 1
1685094210.816799164 -0.4342477533445304 -0.7347908555533637 0 0 0 0 1
1685094210.850132465 -0.45844213258291505 -0.7459469305156817 0 0 0 0 1
1685094210.883465767 -0.4825560569998127 -0.7571788064218733 0 0 0 0 1
1685094210.916799068 -0.5061151420249345 -0.7682087364403956 0 0 0 0 1
1685094210.950132370 -0.5297052597126104 -0.7792610434880645 0 0 0 0 1
1685094210.983465910 -0.5533621370477396 -0.7901697234423487 0 0 0 0 1
1685094211.016799212 -0.5772560340611775 -0.8010979248881422 0 0 0 0 1
1685094211.050132513 -0.600791765421036 -0.8123015413406757 0 0 0 0 1
1685094211.083465815 -0.6240714811590222 -0.8236483169411265 0 0 0 0 1
1685094211.116799116 -0.6473051402158508 -0.8350891022375768 0 0 0 0 1
1685094211.150132418 -0.6701871070761917 -0.8462788942495861 0 0 0 0 1
