1685094153.561779499 1.643561828944513e-20 -8.569818759732311e-19 0 0 0 0 1
1685094153.595112801 -0.001385153961551662 -0.00949652276098953 0 0 0 0 1
1685094153.628446341 -0.0014799130029633054 -0.019105434067532012 0 0 0 0 1
1685094153.661779642 0.001538444595300872 -0.03226034817999666 0 0 0 0 1
1685094153.695112944 0.004944885049632855 -0.04630688758892655 0 0 0 0 1
1685094153.728446245 0.003480276754407318 -0.05803505538533528 0 0 0 0 1
1685094153.761779547 -0.001353586818375332 -0.06659117610844364 0 0 0 0 1
1685094153.795112848 -0.007840642947688601 -0.07392437370638297 0 0 0 0 1
1685094153.828446150 -0.014338432366120691 -0.0828087262508963 0 0 0 0 1
1685094153.861779690 -0.019803988146532964 -0.08861326167939663 0 0 0 0 1
1685094153.895112991 -0.02652661216611268 -0.09684545047016886 0 0 0 0 1
1685094153.928446293 -0.03213542388163928 -0.10518458062082625 0 0 0 0 1
1685094153.961779594 -0.039122097241831945 -0.11435282978799244 0 0 0 0 1
1685094153.995112896 -0.04578567715799941 -0.12477767586500292 0 0 0 0 1
1685094154.028446198 -0.05263632561628618 -0.13640042634669056 0 0 0 0 1
1685094154.061779499 -0.06248285780811618 -0.1492879527150156 0 0 0 0 1
1685094154.095112801 -0.07297679153216818 -0.1608367047751893 0 0 0 0 1
1685094154.128446341 -0.08405903051575994 -0.170479198907942 0 0 0 0 1
1685094154.161779642 -0.09350666002516626 -0.18309668566682008 0 0 0 0 1
1685094154.195112944 -0.10293238885575239 -0.19238458202221412 0 0 0 0 1
1685094154.228446245 -0.10712929319628822 -0.19547478279489325 0 0 0 0 1
1685094154.261779547 -0.10664560176262378 -0.20475075713644703 0 0 0 0 1
1685094154.295112848 -0.11088462719937613 -0.22124462340112103 0 0 0 0 1
1685094154.328446150 -0.11488229570154891 -0.23639429067572967 0 0 0 0 1
1685094154.361779690 -0.11940962465239954 -0.24983733467081304 0 0 0 0 1
1685094154.395112991 -0.1264319720464408 -0.2658847577634997 0 0 0 0 1
1685094154.428446293 -0.1338878574714905 -0.28300434079439546 0 0 0 0 1
1685094154.461779594 -0.13838905405897373 -0.2966482235422594 0 0 0 0 1
1685094154.495112896 -0.15378832481945692 -0.308249328859648 0 0 0 0 1
1685094154.528446198 -0.16224565627272658 -0.31539191838186026 0 0 0 0 1
1685094154.561779499 -0.17555695306372607 -0.32857280808270906 0 0 0 0 1
1685094154.595112801 -0.1853214919205638 -0.3356533760822974 0 0 0 0 1
1685094154.628446341 -0.19611189005779223 -0.34641838556956533 0 0 0 0 1
1685094154.661779642 -0.20870323569107216 -0.36097104158668114 0 0 0 0 1
1685094154.695112944 -0.22057839028420959 -0.3718376187081797 0 0 0 0 1
1685094154.728446245 -0.2252369852705062 -0.3801592745293421 0 0 0 0 1
1685094154.761779547 -0.2280916950462744 -0.3926108389893 0 0 0 0 1
1685094154.795112848 -0.2296309159661859 -0.4048480279807497 0 0 0 0 1
1685094154.828446150 -0.23325614302474243 -0.42105963704062505 0 0 0 0 1
1685094154.861779690 -0.23667138434061374 -0.43302655549878666 0 0 0 0 1
1685094154.895112991 -0.23689407617267752 -0.4499700448492401 0 0 0 0 1
1685094154.928446293 -0.24120682687046743 -0.4641660292221535 0 0 0 0 1
