1685094209.333675623 3.64126538332966e-20 -4.7792539063139853e-20 0 0 0 0 1
1685094209.367008924 1.875251672414775e-18 -2.4613157617517023e-18 0 0 0 0 1
1685094209.400342226 -0.00015414890862079552 -0.019001245583180122 0 0 0 0 1
1685094209.433675766 -0.0007278886272087608 -0.04304737535732103 0 0 0 0 1
1685094209.467009068 -0.007520088262439075 -0.06200352204606375 0 0 0 0 1
1685094209.500342369 -0.014439035053742133 -0.08139993367779406 0 0 0 0 1
1685094209.533675671 -0.021710178056527335 -0.10139997265801724 0 0 0 0 1
1685094209.567008972 -0.029749697636092327 -0.12275521061462158 0 0 0 0 1
1685094209.600342274 -0.03791656219357077 -0.1440620730432666 0 0 0 0 1
1685094209.633675575 -0.04610346829051014 -0.16580975802183096 0 0 0 0 1
1685094209.667008877 -0.03545413521156994 -0.173297244310717 0 0 0 0 1
1685094209.700342417 -0.025484351842628813 -0.18166827564077734 0 0 0 0 1
1685094209.733675718 -0.020463285419006372 -0.18988635668790743 0 0 0 0 1
1685094209.767009020 -0.04643247815938711 -0.1884982547793875 0 0 0 0 1
1685094209.800342321 -0.07287857520979542 -0.18760299573556466 0 0 0 0 1
1685094209.833675623 -0.09916845269853039 -0.18691145272485735 0 0 0 0 1
1685094209.867008924 -0.12568669514585198 -0.18665457879010053 0 0 0 0 1
1685094209.900342226 -0.1527027808219835 -0.1868924590152579 0 0 0 0 1
1685094209.933675766 -0.17996150493409546 -0.18785902777119418 0 0 0 0 1
1685094209.967009068 -0.2072163313458297 -0.1889298838055977 0 0 0 0 1
1685094210.000342369 -0.2160638577620447 -0.19746323048506334 0 0 0 0 1
1685094210.033675671 -0.19233632998090266 -0.21447279751509993 0 0 0 0 1
1685094210.067008972 -0.16268084809637612 -0.2061072017059352 0 0 0 0 1
1685094210.100342274 -0.19081175044001042 -0.21868031318952205 0 0 0 0 1
1685094210.133675575 -0.1655807900771226 -0.23233216464788806 0 0 0 0 1
1685094210.167008877 -0.14012484497679725 -0.24555975959648432 0 0 0 0 1
1685094210.200342417 -0.11445104833682561 -0.25835939143354464 0 0 0 0 1
1685094210.233675718 -0.08790145345159173 -0.2718735460704848 0 0 0 0 1
1685094210.267009020 -0.06113367663177717 -0.2838982831307773 0 0 0 0 1
1685094210.300342321 -0.06928427444874512 -0.2573484039000531 0 0 0 0 1
1685094210.333675623 -0.054158275074693805 -0.28064073042352866 0 0 0 0 1
1685094210.367008924 -0.02311478101007508 -0.27668890519915906 0 0 0 0 1
1685094210.400342226 0.007962141827967346 -0.2730091887342206 0 0 0 0 1
1685094210.433675766 0.013543579496422795 -0.2903606911006415 0 0 0 0 1
1685094210.467009068 -0.02798752508341617 -0.28181361656316284 0 0 0 0 1
1685094210.500342369 -0.048775477581179116 -0.3053434564306359 0 0 0 0 1
1685094210.533675671 -0.032965573434424425 -0.2782170990616746 0 0 0 0 1
1685094210.567008972 -0.043192550495157904 -0.30790213356455837 0 0 0 0 1
1685094210.600342274 -0.03893977935996808 -0.27679415595575413 0 0 0 0 1
1685094210.633675575 -0.03733954904597134 -0.3066221774394583 0 0 0 0 1
1685094210.667008877 -0.03595739448376356 -0.3365126946999611 0 0 0 0 1
1685094210.700342417 -0.03290043030321607 -0.36890322108147533 0 0 0 0 1
1685094210.733675718 -0.02756786880697899 -0.4009976912774696 0 0 0 0 1
1685094210.767009020 -0.019986239481153478 -0.43263643534291096 0 0 0 0 1
1685094210.800342321 -0.01198875504569247 -0.4626081905693869 0 0 0 0 1
1685094210.833675623 -0.004176948042346535 -0.49262887577132236 0 0 0 0 1
1685094210.867008924 0.0038133899848622962 -0.5232489384447192 0 0 0 0 1
1685094210.900342226 0.012067987266760907 -0.5537988216462223 0 0 0 0 1
1685094210.933675766 0.018083530941342792 -0.5767341411112135 0 0 0 0 1
1685094210.967009068 0.011025194621671865 -0.5993702965502542 0 0 0 0 1
1685094211.000342369 -0.006960003361226495 -0.6148217786208504 0 0 0 0 1
1685094211.033675671 -0.038586671689017686 -0.6197967583271047 0 0 0 0 1
1685094211.067008972 -0.07020465389873498 -0.624826646355655 0 0 0 0 1
1685094211.100342274 -0.10181385466192021 -0.6299114275413505 0 0 0 0 1
1685094211.133675575 -0.13341417867659136 -0.6350510865535371 0 0 0 0 1
1685094211.167008877 -0.15720149705760428 -0.6447949028444259 0 0 0 0 1
1685094211.200342417 -0.13525793301870487 -0.6394999188965963 0 0 0 0 1
1685094211.233675718 -0.14042925371297263 -0.6614729546453064 0 0 0 0 1
1685094211.267009020 -0.15770800363113804 -0.6469470584938618 0 0 0 0 1
1685094211.300342321 -0.1904093598735427 -0.6505914653871048 0 0 0 0 1
1685094211.333675623 -0.1574764280812091 -0.6515584860989124 0 0 0 0 1
1685094211.367008924 -0.190838690941556 -0.6507496345606063 0 0 0 0 1
1685094211.400342226 -0.18261941915897817 -0.679110112315724 0 0 0 0 1
1685094211.433675766 -0.20568010576360202 -0.6606689122339036 0 0 0 0 1
1685094211.467009068 -0.21847358967359884 -0.6922284164030573 0 0 0 0 1
1685094211.500342369 -0.231933835705704 -0.7235093580562969 0 0 0 0 1
1685094211.533675671 -0.24605478309520412 -0.7544976522781663 0 0 0 0 1
1685094211.567008972 -0.26083007358241683 -0.7851793459239979 0 0 0 0 1
1685094211.600342274 -0.2756554448676903 -0.8153923335295139 0 0 0 0 1
1685094211.633675575 -0.30074183004332866 -0.8298208719338342 0 0 0 0 1
1685094211.667008877 -0.3279301167195025 -0.8199059080267078 0 0 0 0 1
1685094211.700342417 -0.32904879025011885 -0.8125107073686881 0 0 0 0 1
1685094211.733675718 -0.32205286889274454 -0.8098654271185236 0 0 0 0 1
1685094211.767009020 -0.2904207617356032 -0.8182911284579252 0 0 0 0 1
1685094211.800342321 -0.2952207957578131 -0.8068449406419896 0 0 0 0 1
1685094211.833675623 -0.29419143200506476 -0.8192140939030893 0 0 0 0 1
1685094211.867008924 -0.2913494324153671 -0.8071319343087038 0 0 0 0 1
1685094211.900342226 -0.2977847889854808 -0.8177452150431206 0 0 0 0 1
1685094211.933675766 -0.29783840965038677 -0.8526980916833958 0 0 0 0 1
1685094211.967009068 -0.2948572759603639 -0.8801845601488661 0 0 0 0 1
1685094212.000342369 -0.3217180515959335 -0.9014579344305226 0 0 0 0 1
1685094212.033675671 -0.3480838493430414 -0.9233417739069596 0 0 0 0 1
1685094212.067008972 -0.35222881154522523 -0.9191983883525087 0 0 0 0 1
1685094212.100342274 -0.34952881033983485 -0.9139966243246758 0 0 0 0 1
1685094212.133675575 -0.3437548856011547 -0.9150016858264866 0 0 0 0 1
1685094212.167008877 -0.342971367218079 -0.9208098227441004 0 0 0 0 1
1685094212.200342417 -0.3302981461006024 -0.9526053364543318 0 0 0 0 1
1685094212.233675718 -0.31733658645812657 -0.9842844020533124 0 0 0 0 1
1685094212.267009020 -0.30408775811868755 -1.0158444047976412 0 0 0 0 1
1685094212.300342321 -0.2905527546210565 -1.0472827397711904 0 0 0 0 1
1685094212.333675623 -0.2767326931244807 -1.0785968121001104 0 0 0 0 1
1685094212.367008924 -0.26262871431647433 -1.109784037167007 0 0 0 0 1
1685094212.400342226 -0.2482419823186683 -1.1408418408242729 0 0 0 0 1
1685094212.433675766 -0.2335736845907253 -1.1717676596065525 0 0 0 0 1
1685094212.467009068 -0.2186250318323285 -1.2025589409423276 0 0 0 0 1
1685094212.500342369 -0.20339725788325236 -1.2332131433646027 0 0 0 0 1
1685094212.533675671 -0.18789161962152282 -1.2637277367206734 0 0 0 0 1
1685094212.567008972 -0.17210939685967708 -1.2941002023809625 0 0 0 0 1
1685094212.600342274 -0.14314144721071498 -1.2967320098555628 0 0 0 0 1
1685094212.633675575 -0.17209564217091566 -1.299511058551583 0 0 0 0 1
1685094212.667008877 -0.14676723037849163 -1.3218309749492625 0 0 0 0 1
1685094212.700342417 -0.12136683045680155 -1.3440689333929736 0 0 0 0 1
1685094212.733675718 -0.09589470760506973 -1.3662247017017526 0 0 0 0 1
1685094212.767009020 -0.0829512718872432 -1.3891756684999899 0 0 0 0 1
1685094212.800342321 -0.07744433634921968 -1.4149429552437534 0 0 0 0 1
1685094212.833675623 -0.06395311465852174 -1.4465485875922515 0 0 0 0 1
1685094212.867008924 -0.046606206810596934 -1.4762136149303746 0 0 0 0 1
1685094212.900342226 -0.02567730592559069 -1.5034699933875646 0 0 0 0 1
1685094212.933675766 -0.005843882952920461 -1.5316774410026954 0 0 0 0 1
1685094212.967009068 0.01339388700729089 -1.5602944459950279 0 0 0 0 1
1685094213.000342369 0.009911335709102773 -1.5284277615515012 0 0 0 0 1
1685094213.033675671 0.025612165153560174 -1.5563758866357333 0 0 0 0 1
1685094213.067008972 0.000208600983830141 -1.5368240921287772 0 0 0 0 1
1685094213.100342274 0.0312448111651703 -1.5448470216777332 0 0 0 0 1
1685094213.133675575 0.037528332277662335 -1.531873240050379 0 0 0 0 1
1685094213.167008877 0.008757792082277055 -1.5063113749569443 0 0 0 0 1
1685094213.200342417 0.019968007645159293 -1.5431282732133558 0 0 0 0 1
1685094213.233675718 0.029610754997560777 -1.5058701149968392 0 0 0 0 1
1685094213.267009020 0.01710195807492755 -1.5078028819317926 0 0 0 0 1
1685094213.300342321 0.021306527451867955 -1.4743300860870663 0 0 0 0 1
1685094213.333675623 0.025360918607609605 -1.441451969511638 0 0 0 0 1
1685094213.367008924 0.026137233206920282 -1.4346829447573586 0 0 0 0 1
1685094213.400342226 0.032880659017401455 -1.43565688973511 0 0 0 0 1
1685094213.433675766 0.03170991684476611 -1.4423689477836048 0 0 0 0 1
1685094213.467009068 0.02503496854217471 -1.4410024099543137 0 0 0 0 1
1685094213.500342369 0.026596132992010354 -1.43437028163516 0 0 0 0 1
1685094213.533675671 0.0331797677215285 -1.4361247371716253 0 0 0 0 1
1685094213.567008972 0.031233521987639293 -1.4426542461902627 0 0 0 0 1
1685094213.600342274 0.02476372449804727 -1.4405178752194763 0 0 0 0 1
1685094213.633675575 0.027088393098212468 -1.4341133239954982 0 0 0 0 1
1685094213.667008877 0.03342221913642126 -1.4366243015340001 0 0 0 0 1
1685094213.700342417 0.018767722260876023 -1.4680797750200318 0 0 0 0 1
1685094213.733675718 0.004067377353690443 -1.4995138481018897 0 0 0 0 1
1685094213.767009020 -0.006780316042150838 -1.486642783089893 0 0 0 0 1
1685094213.800342321 0.009861173290584103 -1.4841134354780186 0 0 0 0 1
1685094213.833675623 0.003327565247099298 -1.4996262924839776 0 0 0 0 1
1685094213.867008924 -0.013041680988535021 -1.5281781717476557 0 0 0 0 1
1685094213.900342226 -0.02949638486964571 -1.5566808865656412 0 0 0 0 1
1685094213.933675766 -0.04688846246116783 -1.5846346517554109 0 0 0 0 1
1685094213.967009068 -0.06553314367820905 -1.6117690066132144 0 0 0 0 1
1685094214.000342369 -0.08378519989898543 -1.6380979124929325 0 0 0 0 1
1685094214.033675671 -0.07273396313747059 -1.638338137676331 0 0 0 0 1
1685094214.067008972 -0.10113512928686894 -1.6182975435226457 0 0 0 0 1
1685094214.100342274 -0.12985389074020387 -1.606682729654486 0 0 0 0 1
1685094214.133675575 -0.1584029283909183 -1.59465677398254 0 0 0 0 1
1685094214.167008877 -0.18574566774324938 -1.5822139757141382 0 0 0 0 1
1685094214.200342417 -0.21344133700561752 -1.5687372080809714 0 0 0 0 1
1685094214.233675718 -0.2326927283608825 -1.5594222544391254 0 0 0 0 1
1685094214.267009020 -0.25264090253842714 -1.5517115620288657 0 0 0 0 1
1685094214.300342321 -0.25627239320639333 -1.5463051949592557 0 0 0 0 1
1685094214.333675623 -0.25923902099612334 -1.5405072945703135 0 0 0 0 1
1685094214.367008924 -0.28572396810375156 -1.5252056420616567 0 0 0 0 1
1685094214.400342226 -0.3137232244443833 -1.5110190121501104 0 0 0 0 1
1685094214.433675766 -0.3418249100255507 -1.4974486669287048 0 0 0 0 1
1685094214.467009068 -0.3521215117596694 -1.5002332684203077 0 0 0 0 1
1685094214.500342369 -0.3567545126587366 -1.5232700261190972 0 0 0 0 1
1685094214.533675671 -0.3712532191378545 -1.5047782870706496 0 0 0 0 1
1685094214.567008972 -0.34777635296027276 -1.5057751105672759 0 0 0 0 1
1685094214.600342274 -0.36379036180849944 -1.5229712852352777 0 0 0 0 1
1685094214.633675575 -0.36944603125877695 -1.5523525810291756 0 0 0 0 1
1685094214.667008877 -0.3753395109009889 -1.5819154933735335 0 0 0 0 1
1685094214.700342417 -0.38089968361792437 -1.6115429024389785 0 0 0 0 1
1685094214.733675718 -0.40952616127317637 -1.588808276683374 0 0 0 0 1
1685094214.767009020 -0.4048617877178554 -1.5789839906497236 0 0 0 0 1
1685094214.800342321 -0.3746092600390288 -1.5774400461129616 0 0 0 0 1
1685094214.833675623 -0.3439902121336288 -1.5757913581417526 0 0 0 0 1
1685094214.867008924 -0.31357182204073625 -1.5729324960210858 0 0 0 0 1
1685094214.900342226 -0.2841060069260886 -1.5695164526221992 0 0 0 0 1
1685094214.933675766 -0.2547047258938359 -1.565583478361394 0 0 0 0 1
1685094214.967009068 -0.22613203924671554 -1.561614491608724 0 0 0 0 1
1685094215.000342369 -0.1975758538029754 -1.5575284726439962 0 0 0 0 1
1685094215.033675671 -0.1690366489183093 -1.5533254900567797 0 0 0 0 1
1685094215.067008972 -0.14051490366336875 -1.5490056144000424 0 0 0 0 1
1685094215.100342274 -0.1120110968157208 -1.5445689181889666 0 0 0 0 1
1685094215.133675575 -0.08352570685181115 -1.5400154758997318 0 0 0 0 1
1685094215.167008877 -0.05505921193893223 -1.5353453639682644 0 0 0 0 1
1685094215.200342417 -0.02661208992719647 -1.5305586607889548 0 0 0 0 1
1685094215.233675718 0.003275575649683632 -1.525784350960124 0 0 0 0 1
1685094215.267009020 0.0331644966873531 -1.5210179070885315 0 0 0 0 1
1685094215.300342321 0.06305467111561754 -1.5162593295043147 0 0 0 0 1
1685094215.333675623 0.09294609686419557 -1.511508618537067 0 0 0 0 1
1685094215.367008924 0.1225840928681064 -1.5061422383888772 0 0 0 0 1
1685094215.400342226 0.15195619522555057 -1.4994722724124625 0 0 0 0 1
1685094215.433675766 0.1810050966664311 -1.4915117342333744 0 0 0 0 1
1685094215.467009068 0.18180388530973887 -1.4966669727096673 0 0 0 0 1
1685094215.500342369 0.17682032273858558 -1.4982092603428685 0 0 0 0 1
1685094215.533675671 0.17456753382016293 -1.4935039984869078 0 0 0 0 1
1685094215.567008972 0.1788938244778216 -1.4905889073751961 0 0 0 0 1
