1685094146.066510201 1.907161483190429e-17 -6.314549406927689e-17 0 0 0 0 1
1685094146.099843502 -5.4154604844866e-05 -0.01883119519793316 0 0 0 0 1
1685094146.133176804 -0.00018775430089201561 -0.03846409857876379 0 0 0 0 1
1685094146.166510105 -8.935855814314947e-06 -0.058924300396065575 0 0 0 0 1
1685094146.199843645 0.0003081472872199654 -0.08019882150860941 0 0 0 0 1
1685094146.233176947 0.0008375584582608952 -0.10170484491752042 0 0 0 0 1
1685094146.266510248 0.0017025872755388903 -0.12352007209493865 0 0 0 0 1
1685094146.299843550 0.002889627788258803 -0.1448034967583107 0 0 0 0 1
1685094146.333176851 0.0037209120977940054 -0.16757311136058303 0 0 0 0 1
1685094146.366510153 0.004615795309214096 -0.190655245844515 0 0 0 0 1
1685094146.399843454 0.005496709263286389 -0.21397442312697942 0 0 0 0 1
1685094146.433176994 0.0061569470158875025 -0.23651713338344973 0 0 0 0 1
1685094146.466510296 0.0059003167148928256 -0.25928523211891286 0 0 0 0 1
1685094146.499843597 0.0051221677711091864 -0.283284794517766 0 0 0 0 1
1685094146.533176899 0.00556244516039112 -0.30957311307829694 0 0 0 0 1
1685094146.566510201 0.005997219484923953 -0.3339675706903905 0 0 0 0 1
1685094146.599843502 0.006204055937441419 -0.35826264579231376 0 0 0 0 1
1685094146.633176804 0.006341868284153264 -0.38285360403165514 0 0 0 0 1
1685094146.666510105 0.006700380393936876 -0.4078360319543959 0 0 0 0 1
1685094146.699843645 0.006776111414546629 -0.43332317497560585 0 0 0 0 1
1685094146.733176947 0.006849976502834451 -0.4587862648071595 0 0 0 0 1
1685094146.766510248 0.007278426002682803 -0.48411566798235084 0 0 0 0 1
1685094146.799843550 0.007906679946127195 -0.5097167521556996 0 0 0 0 1
1685094146.833176851 0.009609461591446825 -0.532357400497391 0 0 0 0 1
1685094146.866510153 0.012076576066459479 -0.5581878330159735 0 0 0 0 1
1685094146.899843454 0.014541249885928904 -0.5839198940470552 0 0 0 0 1
1685094146.933176994 0.01723237805344257 -0.6095407862656839 0 0 0 0 1
1685094146.966510296 0.01983519177508657 -0.6354174808959836 0 0 0 0 1
1685094146.999843597 0.02014971676001509 -0.6587681944254961 0 0 0 0 1
1685094147.033176899 0.02098056156517113 -0.6833532790798461 0 0 0 0 1
1685094147.066510201 0.021213465570956262 -0.7096071331580882 0 0 0 0 1
1685094147.099843502 0.021644844340331794 -0.7363473212477806 0 0 0 0 1
1685094147.133176804 0.022097368699891488 -0.763631911421525 0 0 0 0 1
1685094147.166510105 0.022388858312847353 -0.7909736585422592 0 0 0 0 1
1685094147.199843645 0.02239287955677468 -0.8171719996918935 0 0 0 0 1
1685094147.233176947 0.022347912466254245 -0.8448736791318806 0 0 0 0 1
1685094147.266510248 0.022424839368855306 -0.8728368304270603 0 0 0 0 1
1685094147.299843550 0.02246262300569686 -0.9008777441356445 0 0 0 0 1
1685094147.333176851 0.022699738939312403 -0.9287779124303415 0 0 0 0 1
1685094147.366510153 0.0236765308560873 -0.9545208501581439 0 0 0 0 1
1685094147.399843454 0.026763168534950393 -0.9824590782030624 0 0 0 0 1
1685094147.433176994 0.028878996378640887 -1.0098881841112666 0 0 0 0 1
1685094147.466510296 0.031740600291772454 -1.0371044511335727 0 0 0 0 1
1685094147.499843597 0.03536652144795222 -1.0714259333703091 0 0 0 0 1
1685094147.533176899 0.038562726007111796 -1.0995800466523913 0 0 0 0 1
1685094147.566510201 0.04172644073830164 -1.1275752951030296 0 0 0 0 1
1685094147.599843502 0.04488543631816454 -1.1550160623745966 0 0 0 0 1
1685094147.633176804 0.04881672015018689 -1.1898968437774438 0 0 0 0 1
1685094147.666510105 0.05184876687690127 -1.2181130860431444 0 0 0 0 1
1685094147.699843645 0.05475513562595346 -1.2464709735697685 0 0 0 0 1
1685094147.733176947 0.057795524854002474 -1.2747418990907649 0 0 0 0 1
1685094147.766510248 0.060833254771589663 -1.3031614945887713 0 0 0 0 1
1685094147.799843550 0.06616433344792125 -1.3276714793822335 0 0 0 0 1
1685094147.833176851 0.0757182544953795 -1.3629481181100436 0 0 0 0 1
1685094147.866510153 0.08328808424751921 -1.391013868939445 0 0 0 0 1
1685094147.899843454 0.09131922697796079 -1.4193080861255545 0 0 0 0 1
1685094147.933176994 0.09952540728339267 -1.4475829446708663 0 0 0 0 1
1685094147.966510296 0.10652313449408064 -1.474694531519171 0 0 0 0 1
1685094147.999843597 0.11395420552507586 -1.4993130515450501 0 0 0 0 1
1685094148.033176899 0.12453826537258306 -1.5262232185591165 0 0 0 0 1
1685094148.066510201 0.1350660713444446 -1.55283045218322 0 0 0 0 1
1685094148.099843502 0.14540735381550776 -1.5790215356982722 0 0 0 0 1
1685094148.133176804 0.15428026133154496 -1.6037125037096498 0 0 0 0 1
1685094148.166510105 0.16239146315353997 -1.6304038010958681 0 0 0 0 1
1685094148.199843645 0.17053735715516635 -1.6572146241231758 0 0 0 0 1
1685094148.233176947 0.17881628764589852 -1.6839152891301756 0 0 0 0 1
1685094148.266510248 0.18696952438448766 -1.7105804003861704 0 0 0 0 1
1685094148.299843550 0.19506026069373103 -1.7378429917169838 0 0 0 0 1
1685094148.333176851 0.20303589792139004 -1.765436870037103 0 0 0 0 1
1685094148.366510153 0.21089760329259502 -1.7930836553057432 0 0 0 0 1
1685094148.399843454 0.21892770239309625 -1.8206490749210178 0 0 0 0 1
1685094148.433176994 0.22708896681833313 -1.8488111421310254 0 0 0 0 1
1685094148.466510296 0.2350700067773404 -1.8771268387097133 0 0 0 0 1
1685094148.499843597 0.24319806033516728 -1.9024098373292022 0 0 0 0 1
1685094148.533176899 0.2518052652443352 -1.9298087839071103 0 0 0 0 1
1685094148.566510201 0.26038015506756745 -1.957226449053572 0 0 0 0 1
1685094148.599843502 0.26890259684697243 -1.9847348965006324 0 0 0 0 1
1685094148.633176804 0.27751415214807523 -2.012132190027491 0 0 0 0 1
1685094148.666510105 0.28606613068090175 -2.0394042890589588 0 0 0 0 1
1685094148.699843645 0.2950902168599035 -2.0670290743856534 0 0 0 0 1
1685094148.733176947 0.3044491946337729 -2.0947730038673424 0 0 0 0 1
1685094148.766510248 0.3127355307654672 -2.120735546788887 0 0 0 0 1
1685094148.799843550 0.32105567868667034 -2.1487080039026316 0 0 0 0 1
1685094148.833176851 0.3296189149282049 -2.177282258602174 0 0 0 0 1
1685094148.866510153 0.3377318573706314 -2.206048916977019 0 0 0 0 1
1685094148.899843454 0.3457406346469608 -2.234607556884849 0 0 0 0 1
1685094148.933176994 0.3536138584903216 -2.262917215980319 0 0 0 0 1
1685094148.966510296 0.36193749787371854 -2.2901418090892705 0 0 0 0 1
1685094148.999843597 0.371782834541858 -2.3186528776231343 0 0 0 0 1
1685094149.033176899 0.3819031454221801 -2.346816119260148 0 0 0 0 1
1685094149.066510201 0.39223641870447323 -2.3748286935707843 0 0 0 0 1
1685094149.099843502 0.40313850812028956 -2.403055317519342 0 0 0 0 1
1685094149.133176804 0.4140710814172407 -2.4312825217344067 0 0 0 0 1
1685094149.166510105 0.4212599161571298 -2.4563907095143604 0 0 0 0 1
1685094149.199843645 0.4249513397995853 -2.485078328792936 0 0 0 0 1
1685094149.233176947 0.43007672389848206 -2.514005412986522 0 0 0 0 1
1685094149.266510248 0.4350291579135928 -2.542365733126594 0 0 0 0 1
1685094149.299843550 0.4399635640560015 -2.570066847757844 0 0 0 0 1
1685094149.333176851 0.4428084388312164 -2.596922935893537 0 0 0 0 1
1685094149.366510153 0.4442626897846619 -2.624860188332766 0 0 0 0 1
1685094149.399843454 0.4466171018580767 -2.651067769554924 0 0 0 0 1
1685094149.433176994 0.4494696736869138 -2.678212812594717 0 0 0 0 1
1685094149.466510296 0.45289271166771267 -2.7060082305109208 0 0 0 0 1
1685094149.499843597 0.45687791051921445 -2.7336758955016913 0 0 0 0 1
1685094149.533176899 0.46081299323375596 -2.7609337635125937 0 0 0 0 1
1685094149.566510201 0.4647947704986565 -2.787238337898983 0 0 0 0 1
1685094149.599843502 0.46866533300148755 -2.8134924405296733 0 0 0 0 1
