1685093667.606748104 7.470541461368712e-20 -5.493539291632982e-20 0 0 0 0 1
1685093667.640081406 3.296957472398583e-05 -0.015807036644905546 0 0 0 0 1
1685093667.673414707 0.0016287505313951236 -0.03237721544615942 0 0 0 0 1
1685093667.706748009 0.003657413129435876 -0.043758341915533655 0 0 0 0 1
1685093667.740081310 0.0030044133729883226 -0.06063816266041266 0 0 0 0 1
1685093667.773414612 0.0023592394361085615 -0.07819242878797147 0 0 0 0 1
1685093667.806747913 0.001836839198924672 -0.09623309489882788 0 0 0 0 1
1685093667.840081453 0.0013903883238921442 -0.11441156909810142 0 0 0 0 1
1685093667.873414755 0.001031700202437645 -0.13268845802481838 0 0 0 0 1
1685093667.906748056 0.0020374313325438797 -0.14497863423478324 0 0 0 0 1
1685093667.940081358 -0.0021227163477427536 -0.16370328429854972 0 0 0 0 1
1685093667.973414660 -0.005090357052558649 -0.18094544689879807 0 0 0 0 1
1685093668.006747961 -0.011750598143966486 -0.1998708200446946 0 0 0 0 1
1685093668.040081263 -0.018537653882962402 -0.21923954376309052 0 0 0 0 1
1685093668.073414803 -0.025574702374620437 -0.2394165518554239 0 0 0 0 1
1685093668.106748104 -0.03522157854637281 -0.2590042816969063 0 0 0 0 1
1685093668.140081406 -0.03702361410124279 -0.28100123621601486 0 0 0 0 1
1685093668.173414707 -0.03899803341652606 -0.3033917167322501 0 0 0 0 1
1685093668.206748009 -0.04091573117195639 -0.3262534075651421 0 0 0 0 1
1685093668.240081310 -0.042678026447073344 -0.34915124911470535 0 0 0 0 1
1685093668.273414612 -0.04446857197082575 -0.37269790724269136 0 0 0 0 1
1685093668.306747913 -0.0461134375247895 -0.3962551901840296 0 0 0 0 1
1685093668.340081453 -0.04786671040482678 -0.4138803637941908 0 0 0 0 1
1685093668.373414755 -0.05847656156013158 -0.43619690926446647 0 0 0 0 1
1685093668.406748056 -0.06942769943928165 -0.45873537767230027 0 0 0 0 1
1685093668.440081358 -0.08053898355959868 -0.4816972448224323 0 0 0 0 1
1685093668.473414660 -0.09183412283864407 -0.5047736505544287 0 0 0 0 1
1685093668.506747961 -0.1032882762896414 -0.5277879744958699 0 0 0 0 1
1685093668.540081263 -0.114638921769994 -0.5510692167361119 0 0 0 0 1
1685093668.573414803 -0.10840613975962368 -0.5131146799576967 0 0 0 0 1
1685093668.606748104 -0.08986567483458809 -0.4944029855582781 0 0 0 0 1
1685093668.640081406 -0.07142722966687304 -0.4757974385760311 0 0 0 0 1
1685093668.673414707 -0.053061156382811434 -0.4571204476289884 0 0 0 0 1
1685093668.706748009 -0.03937072907274717 -0.4347818162537085 0 0 0 0 1
1685093668.740081310 -0.02268050131264413 -0.4141974185298784 0 0 0 0 1
1685093668.773414612 -0.006122771016642435 -0.3935062924178997 0 0 0 0 1
1685093668.806747913 0.010324309154804739 -0.37271658109575806 0 0 0 0 1
1685093668.840081453 0.02647457266594892 -0.35182717109142964 0 0 0 0 1
1685093668.873414755 0.04291235551432219 -0.33092202405465265 0 0 0 0 1
1685093668.906748056 0.0593438277084417 -0.310011916471634 0 0 0 0 1
1685093668.940081358 0.07576898775132837 -0.289096850247376 0 0 0 0 1
1685093668.973414660 0.09218783414657813 -0.26817682728733294 0 0 0 0 1
1685093669.006747961 0.10860036539836211 -0.24725184949741041 0 0 0 0 1
1685093669.040081263 0.12500658001142687 -0.22632191878396568 0 0 0 0 1
1685093669.073414803 0.14140647649109434 -0.20538703705380706 0 0 0 0 1
1685093669.106748104 0.15780005334326205 -0.1844472062141941 0 0 0 0 1
1685093669.140081406 0.17418730907440344 -0.1635024281728371 0 0 0 0 1
1685093669.173414707 0.19056824219156762 -0.1425527048378971 0 0 0 0 1
1685093669.206748009 0.20694285120237985 -0.12159803811798567 0 0 0 0 1
1685093669.240081310 0.22004149585728855 -0.09909264396490293 0 0 0 0 1
1685093669.273414612 0.23490404401152534 -0.07596037125750314 0 0 0 0 1
1685093669.306747913 0.24946206865270518 -0.052675894107825236 0 0 0 0 1
1685093669.340081453 0.2636970547479094 -0.029621486204077185 0 0 0 0 1
1685093669.373414755 0.27781822373152143 -0.006991242096955131 0 0 0 0 1
1685093669.406748056 0.29173932702271105 0.016327465639254267 0 0 0 0 1
1685093669.440081358 0.28421688080077057 0.007565752592517027 0 0 0 0 1
1685093669.473414660 0.2947834647251215 0.002907199507598817 0 0 0 0 1
1685093669.506747961 0.29512487932132964 -0.023909932947523426 0 0 0 0 1
1685093669.540081263 0.2957461272756571 -0.05091109304157367 0 0 0 0 1
1685093669.573414803 0.2959741355018498 -0.07573833559991243 0 0 0 0 1
1685093669.606748104 0.2937778091673412 -0.10247123230526375 0 0 0 0 1
1685093669.640081406 0.2930115425864805 -0.1318367343840444 0 0 0 0 1
1685093669.673414707 0.28483588541727545 -0.1581374484521698 0 0 0 0 1
1685093669.706748009 0.2764825066720629 -0.18396144502540324 0 0 0 0 1
1685093669.740081310 0.26882964896294004 -0.2102214094580325 0 0 0 0 1
1685093669.773414612 0.257874967487362 -0.22650096560566318 0 0 0 0 1
1685093669.806747913 0.23179771764526688 -0.2349761261162335 0 0 0 0 1
1685093669.840081453 0.2056377838319264 -0.24364800929650107 0 0 0 0 1
1685093669.873414755 0.1794993182452709 -0.25238438793903867 0 0 0 0 1
1685093669.906748056 0.15303209155777614 -0.2612575080960559 0 0 0 0 1
1685093669.940081358 0.12643683904632225 -0.27053352876238723 0 0 0 0 1
1685093669.973414660 0.11668148079120051 -0.26481731181790635 0 0 0 0 1
1685093670.006747961 0.10632666740032677 -0.26027638784999807 0 0 0 0 1
1685093670.040081263 0.0823689300854045 -0.2756715715289076 0 0 0 0 1
1685093670.073414803 0.05829797678875312 -0.2916795209102404 0 0 0 0 1
1685093670.106748104 0.0342745241582984 -0.3077586676449768 0 0 0 0 1
1685093670.140081406 0.010298782781756364 -0.3239088707845679 0 0 0 0 1
1685093670.173414707 -0.013629037171389946 -0.34012998875759 0 0 0 0 1
1685093670.206748009 -0.02020582006850682 -0.34190041887600936 0 0 0 0 1
1685093670.240081310 -0.04392800171594631 -0.35963115367759857 0 0 0 0 1
1685093670.273414612 -0.06807637822629796 -0.37736184467142275 0 0 0 0 1
1685093670.306747913 -0.09223943353141834 -0.39507252646309515 0 0 0 0 1
1685093670.340081453 -0.10373723202313498 -0.4123689760791917 0 0 0 0 1
1685093670.373414755 -0.12009883675439732 -0.4370597594239282 0 0 0 0 1
1685093670.406748056 -0.13632874570018214 -0.4616384518511376 0 0 0 0 1
1685093670.440081358 -0.15270968295048565 -0.4865740407695356 0 0 0 0 1
1685093670.473414660 -0.1675029650771642 -0.500129247075918 0 0 0 0 1
1685093670.506747961 -0.18344711326034385 -0.5123099265643909 0 0 0 0 1
1685093670.540081263 -0.1980276040969785 -0.5121830866552296 0 0 0 0 1
1685093670.573414803 -0.2265268898253077 -0.5029549357389631 0 0 0 0 1
1685093670.606748104 -0.2547313848720838 -0.4933686156769434 0 0 0 0 1
1685093670.640081406 -0.28354256790196025 -0.48365509208487595 0 0 0 0 1
1685093670.673414707 -0.31190138878285023 -0.47422230574818824 0 0 0 0 1
1685093670.706748009 -0.3402049232621219 -0.465023364020482 0 0 0 0 1
1685093670.740081310 -0.36883695528755706 -0.45632082531603485 0 0 0 0 1
1685093670.773414612 -0.3970724242635932 -0.4473955703582974 0 0 0 0 1
1685093670.806747913 -0.4250165299809286 -0.438667435652915 0 0 0 0 1
1685093670.840081453 -0.46069961187754277 -0.42840411721961813 0 0 0 0 1
1685093670.873414755 -0.48932796549931623 -0.4201636878771734 0 0 0 0 1
1685093670.906748056 -0.5178820374517266 -0.4121968705791004 0 0 0 0 1
1685093670.940081358 -0.5461055668934846 -0.40406143922594484 0 0 0 0 1
1685093670.973414660 -0.5747992876634282 -0.39604676395235966 0 0 0 0 1
1685093671.006747961 -0.6034404846778709 -0.3883929150684174 0 0 0 0 1
1685093671.040081263 -0.6314033054981071 -0.3805274257847514 0 0 0 0 1
1685093671.073414803 -0.6595195055980015 -0.37251190732796297 0 0 0 0 1
1685093671.106748104 -0.6878774594248003 -0.3647238823264356 0 0 0 0 1
1685093671.140081406 -0.7165302920573015 -0.35696171152280387 0 0 0 0 1
1685093671.173414707 -0.7450804518096754 -0.3493447229010767 0 0 0 0 1
1685093671.206748009 -0.7770613475012762 -0.3397756052363394 0 0 0 0 1
1685093671.240081310 -0.8016447253589818 -0.32243137003292355 0 0 0 0 1
1685093671.273414612 -0.8262299705250681 -0.30508978181818486 0 0 0 0 1
1685093671.306747913 -0.8508170827145235 -0.2877508407931607 0 0 0 0 1
1685093671.340081453 -0.8754060616423147 -0.27041454715885777 0 0 0 0 1
1685093671.373414755 -0.8999969070233869 -0.2530809011162522 0 0 0 0 1
1685093671.406748056 -0.9245896185726634 -0.23574990286628922 0 0 0 0 1
1685093671.440081358 -0.9491841960050459 -0.21842155260988355 0 0 0 0 1
1685093671.473414660 -0.9541002172432491 -0.21422574255797638 0 0 0 0 1
1685093671.506747961 -0.9535929919751678 -0.20778254386993567 0 0 0 0 1
1685093671.540081263 -0.9480809857429662 -0.2044076551158699 0 0 0 0 1
1685093671.573414803 -0.9421116547195119 -0.2068853907633061 0 0 0 0 1
1685093671.606748104 -0.9406097522644641 -0.21317159596371688 0 0 0 0 1
1685093671.640081406 -0.944814361808163 -0.2180800932277669 0 0 0 0 1
1685093671.673414707 -0.9638473607427871 -0.21890926042723302 0 0 0 0 1
1685093671.706748009 -0.9935306634379673 -0.22210478738864606 0 0 0 0 1
1685093671.740081310 -1.023491474519553 -0.22533772396449842 0 0 0 0 1
1685093671.773414612 -1.0226454779424559 -0.2335081931262889 0 0 0 0 1
1685093671.806747913 -1.045575199657914 -0.2383564236286029 0 0 0 0 1
1685093671.840081453 -1.068824278725702 -0.2413157815744479 0 0 0 0 1
1685093671.873414755 -1.0922373835691577 -0.24236649492320683 0 0 0 0 1
1685093671.906748056 -1.1156580867238073 -0.24150154365655516 0 0 0 0 1
1685093671.940081358 -1.138929909959397 -0.23872670668055604 0 0 0 0 1
1685093671.973414660 -1.1618973697410964 -0.23406052321567516 0 0 0 0 1
1685093672.006747961 -1.1844070160449525 -0.22753416893267728 0 0 0 0 1
1685093672.040081263 -1.2114741228687502 -0.21717608640184846 0 0 0 0 1
1685093672.073414803 -1.238480715918378 -0.20666123607585127 0 0 0 0 1
1685093672.106748104 -1.2572391309894306 -0.2028037515815367 0 0 0 0 1
1685093672.140081406 -1.2763832295680833 -0.20229207569524044 0 0 0 0 1
1685093672.173414707 -1.305187287299862 -0.2014423034428398 0 0 0 0 1
1685093672.206748009 -1.3304457527684361 -0.19639867429540525 0 0 0 0 1
1685093672.240081310 -1.3573170792904612 -0.1865540678118737 0 0 0 0 1
1685093672.273414612 -1.384646827018369 -0.1770640030977418 0 0 0 0 1
1685093672.306747913 -1.412030303344029 -0.1677301044765066 0 0 0 0 1
1685093672.340081453 -1.4398628967456577 -0.1503871011178864 0 0 0 0 1
1685093672.373414755 -1.4367551514806158 -0.11774089245095047 0 0 0 0 1
1685093672.406748056 -1.4061501974953603 -0.10596083249703223 0 0 0 0 1
1685093672.440081358 -1.381955844017995 -0.12809827319756964 0 0 0 0 1
1685093672.473414660 -1.39097747433722 -0.15962672395780766 0 0 0 0 1
1685093672.506747961 -1.4232198530431692 -0.16561521594992687 0 0 0 0 1
1685093672.540081263 -1.4429610369906805 -0.13942898526836375 0 0 0 0 1
1685093672.573414803 -1.4283293939089914 -0.11008025375084197 0 0 0 0 1
1685093672.606748104 -1.3955355987936153 -0.1100850379175103 0 0 0 0 1
1685093672.640081406 -1.3784953527947517 -0.13172892043626627 0 0 0 0 1
1685093672.673414707 -1.3595709820949586 -0.14964375500400737 0 0 0 0 1
1685093672.706748009 -1.3396008588316104 -0.1691199752278577 0 0 0 0 1
1685093672.740081310 -1.3225762596434096 -0.18680943860638735 0 0 0 0 1
1685093672.773414612 -1.3035521674056303 -0.20668779381468672 0 0 0 0 1
1685093672.806747913 -1.2902358615948037 -0.2243098268880887 0 0 0 0 1
1685093672.840081453 -1.2621998880633107 -0.2293209581309877 0 0 0 0 1
1685093672.873414755 -1.2349842859565858 -0.23387486825702605 0 0 0 0 1
1685093672.906748056 -1.2083048043111653 -0.2387407979058853 0 0 0 0 1
1685093672.940081358 -1.1815601993549278 -0.2434538368494287 0 0 0 0 1
1685093672.973414660 -1.1550499577756694 -0.2483998607592656 0 0 0 0 1
1685093673.006747961 -1.1373159210047628 -0.25518847746576745 0 0 0 0 1
1685093673.040081263 -1.118327434181287 -0.2550515645943618 0 0 0 0 1
1685093673.073414803 -1.0961244052499444 -0.24026873491876777 0 0 0 0 1
1685093673.106748104 -1.0743435432687207 -0.225464320508159 0 0 0 0 1
1685093673.140081406 -1.0528345402721635 -0.2108785237368283 0 0 0 0 1
1685093673.173414707 -1.0315576723397362 -0.1967380605820989 0 0 0 0 1
1685093673.206748009 -1.0097221411462616 -0.1825857623404061 0 0 0 0 1
1685093673.240081310 -0.9876750419749994 -0.168357112657017 0 0 0 0 1
1685093673.273414612 -0.9656069664544916 -0.15416101824689019 0 0 0 0 1
1685093673.306747913 -0.9608689280538273 -0.14028330018063587 0 0 0 0 1
1685093673.340081453 -0.9622564344807706 -0.12568484503881328 0 0 0 0 1
1685093673.373414755 -0.9695240282760649 -0.112948199207229 0 0 0 0 1
1685093673.406748056 -0.9813860324343552 -0.10432654484386493 0 0 0 0 1
1685093673.440081358 -0.9957439936830312 -0.10134509965836684 0 0 0 0 1
1685093673.473414660 -1.0100579103184821 -0.1045312975753169 0 0 0 0 1
1685093673.506747961 -1.0217955723695504 -0.11332148279449901 0 0 0 0 1
1685093673.540081263 -1.0430466742517739 -0.12209507948570603 0 0 0 0 1
1685093673.573414803 -1.0642772381206844 -0.13091825849991176 0 0 0 0 1
1685093673.606748104 -1.0833213075721437 -0.13937647576322357 0 0 0 0 1
