1685094193.839784622 9.236558862876673e-20 -2.3571432118907433e-19 0 0 0 0 1
1685094193.873117924 0.002529902798055981 -0.011837817398981654 0 0 0 0 1
1685094193.906451464 0.0038897696538828684 -0.024120148573415587 0 0 0 0 1
1685094193.939784765 0.005246192409988002 -0.03681273962265844 0 0 0 0 1
1685094193.973118067 0.0066746433206771915 -0.050171402353326046 0 0 0 0 1
1685094194.006451368 0.008133414046227389 -0.06428688788435376 0 0 0 0 1
1685094194.039784670 0.009712167049552885 -0.07914939558611854 0 0 0 0 1
1685094194.073117971 0.011885999044145184 -0.09437059119127769 0 0 0 0 1
1685094194.106451273 0.014966568381013484 -0.11063596964759746 0 0 0 0 1
1685094194.139784813 0.015149098274988348 -0.12788481653469363 0 0 0 0 1
1685094194.173118114 0.015310359152023941 -0.1457982134811148 0 0 0 0 1
1685094194.206451416 0.015290720421595084 -0.1645512668403247 0 0 0 0 1
1685094194.239784718 0.015385567221006046 -0.18390287234011662 0 0 0 0 1
1685094194.273118019 0.015633931029902643 -0.20376990085309787 0 0 0 0 1
1685094194.306451321 0.015616312958233614 -0.22419843942277612 0 0 0 0 1
1685094194.339784622 0.015660869471007567 -0.2451936307846242 0 0 0 0 1
1685094194.373117924 0.015611231188720142 -0.2664347976220117 0 0 0 0 1
1685094194.406451464 0.01912791645230788 -0.2802561260861231 0 0 0 0 1
1685094194.439784765 0.017447747778803504 -0.3013299470723175 0 0 0 0 1
1685094194.473118067 0.01237544462983443 -0.3181856945493661 0 0 0 0 1
1685094194.506451368 0.007535956727493541 -0.3388298230535071 0 0 0 0 1
1685094194.539784670 0.002662687681335949 -0.35960495769310874 0 0 0 0 1
1685094194.573117971 -0.0021336226582117745 -0.38032565478807 0 0 0 0 1
1685094194.606451273 -0.006938198450455201 -0.4012310107254822 0 0 0 0 1
1685094194.639784813 -0.011533629710117742 -0.4224647055802352 0 0 0 0 1
1685094194.673118114 -0.01593775465428455 -0.44404751952906285 0 0 0 0 1
1685094194.706451416 -0.02025703778012909 -0.4656474724862418 0 0 0 0 1
1685094194.739784718 -0.024644666620695425 -0.4881963481309726 0 0 0 0 1
1685094194.773118019 -0.029232914154380254 -0.5115079843757939 0 0 0 0 1
1685094194.806451321 -0.03365165137088107 -0.535025693967937 0 0 0 0 1
1685094194.839784622 -0.03808523807923043 -0.5587817222162671 0 0 0 0 1
1685094194.873117924 -0.04242635322596484 -0.5825548223195077 0 0 0 0 1
1685094194.906451464 -0.04717147244678743 -0.6070715427756568 0 0 0 0 1
1685094194.939784765 -0.05190168303368783 -0.6315911440397141 0 0 0 0 1
1685094194.973118067 -0.05661698323770405 -0.6561136170457302 0 0 0 0 1
1685094195.006451368 -0.06131737131538712 -0.6806389527266941 0 0 0 0 1
1685094195.039784670 -0.06630101582812634 -0.7052044837911152 0 0 0 0 1
1685094195.073117971 -0.07127273238152969 -0.7298170586856617 0 0 0 0 1
1685094195.106451273 -0.0761918689198811 -0.754883209649586 0 0 0 0 1
1685094195.139784813 -0.08108908776879493 -0.7801035738479435 0 0 0 0 1
1685094195.173118114 -0.08603678665996647 -0.8056620002285689 0 0 0 0 1
1685094195.206451416 -0.09090465811192246 -0.8312357506554967 0 0 0 0 1
1685094195.239784718 -0.09602316519298962 -0.8573327682514493 0 0 0 0 1
1685094195.273118019 -0.07267965726425017 -0.8969498625785561 0 0 0 0 1
1685094195.306451321 -0.059464100385336525 -0.9190370921530644 0 0 0 0 1
1685094195.339784622 -0.048659595270819554 -0.9423985844668531 0 0 0 0 1
1685094195.373117924 -0.04038742887058898 -0.9667720929739131 0 0 0 0 1
1685094195.406451464 -0.024790656446335213 -0.987228386943222 0 0 0 0 1
1685094195.439784765 -0.027084993172366432 -1.013844290417244 0 0 0 0 1
1685094195.473118067 -0.029421448023424442 -1.0404565296593642 0 0 0 0 1
1685094195.506451368 -0.031800015147937385 -1.067065038020132 0 0 0 0 1
1685094195.539784670 -0.03422068858886457 -1.0936697488594413 0 0 0 0 1
1685094195.573117971 -0.03633423444547153 -1.1209824383482438 0 0 0 0 1
1685094195.606451273 -0.038430176572651964 -1.1482462889133531 0 0 0 0 1
1685094195.639784813 -0.04011797279825203 -1.175626659510631 0 0 0 0 1
1685094195.673118114 -0.04821347738309836 -1.1879949488928623 0 0 0 0 1
1685094195.706451416 -0.05764033914086354 -1.211185722647124 0 0 0 0 1
1685094195.739784718 -0.06253699013802824 -1.235735682299501 0 0 0 0 1
1685094195.773118019 -0.0627286371115838 -1.260768480412355 0 0 0 0 1
1685094195.806451321 -0.0582084389368773 -1.2853905339088187 0 0 0 0 1
1685094195.839784622 -0.05169504419213664 -1.3115430747725088 0 0 0 0 1
1685094195.873117924 -0.04615301519041688 -1.3379185485933125 0 0 0 0 1
1685094195.906451464 -0.04096686014039935 -1.365671703079731 0 0 0 0 1
1685094195.939784765 -0.0359109403035055 -1.3936776182552006 0 0 0 0 1
1685094195.973118067 -0.030571805317960016 -1.42198766489087 0 0 0 0 1
1685094196.006451368 -0.025345084091073465 -1.4503186812532256 0 0 0 0 1
1685094196.039784670 -0.02023085897287665 -1.4786702209706388 0 0 0 0 1
1685094196.073117971 -0.015338889814811315 -1.507087096942376 0 0 0 0 1
1685094196.106451273 -0.010090880752807412 -1.5353630089805277 0 0 0 0 1
1685094196.139784813 -0.0049863716840747065 -1.563199665443715 0 0 0 0 1
1685094196.173118114 -0.008519377153117524 -1.5785523307086726 0 0 0 0 1
1685094196.206451416 -0.018112382006918087 -1.6045697069808296 0 0 0 0 1
1685094196.239784718 -0.027270008987322625 -1.6304794895919574 0 0 0 0 1
1685094196.273118019 -0.035077273664759774 -1.6630757929379305 0 0 0 0 1
1685094196.306451321 -0.03890811961915719 -1.635975688442276 0 0 0 0 1
1685094196.339784622 -0.042686267276993296 -1.6088681868112271 0 0 0 0 1
1685094196.373117924 -0.04641170235553873 -1.581753390520691 0 0 0 0 1
1685094196.406451464 -0.05008441077133637 -1.554631402074151 0 0 0 0 1
1685094196.439784765 -0.05370437864025434 -1.527502324002279 0 0 0 0 1
1685094196.473118067 -0.05078683499402236 -1.4930131630145056 0 0 0 0 1
1685094196.506451368 -0.03595864412882469 -1.488689515726372 0 0 0 0 1
1685094196.539784670 -0.021038554530440935 -1.4846945067672936 0 0 0 0 1
1685094196.573117971 -0.006033848877001942 -1.481030086149983 0 0 0 0 1
1685094196.606451273 0.01551673366565748 -1.4811526234983037 0 0 0 0 1
1685094196.639784813 -0.004481417625863033 -1.4731204028681684 0 0 0 0 1
1685094196.673118114 0.019455598503188086 -1.4818585810597593 0 0 0 0 1
1685094196.706451416 0.04280611472310034 -1.4903658424602562 0 0 0 0 1
1685094196.739784718 0.06590961899136959 -1.4988280224743278 0 0 0 0 1
1685094196.773118019 0.0890503541125936 -1.5071878536995287 0 0 0 0 1
1685094196.806451321 0.10090050149149282 -1.509086118880113 0 0 0 0 1
1685094196.839784622 0.12398127968416997 -1.4999219352427509 0 0 0 0 1
1685094196.873117924 0.14712055304797506 -1.4910884583305235 0 0 0 0 1
1685094196.906451464 0.1656507662434262 -1.4756980632032486 0 0 0 0 1
