1685094329.209178686 9.36741867967734e-20 2.049729705203455e-18 0 0 0 0 1
1685094329.242511988 0.00012488522418177534 -0.020144309307673153 0 0 0 0 1
1685094329.275845289 0.0005043107740713762 -0.0405297716685581 0 0 0 0 1
1685094329.309178591 0.0009982157421235317 -0.06133991495118089 0 0 0 0 1
1685094329.342512131 0.0016239293903322332 -0.08211999355420468 0 0 0 0 1
1685094329.375845432 0.0024310348185028374 -0.10270208121567258 0 0 0 0 1
1685094329.409178734 0.0041671237852133 -0.12188782326702692 0 0 0 0 1
1685094329.442512035 0.005747086767586238 -0.14185731260771198 0 0 0 0 1
1685094329.475845337 0.007556664307640021 -0.16202151169478404 0 0 0 0 1
1685094329.509178638 0.00929565792741228 -0.18245652522267097 0 0 0 0 1
1685094329.542511940 0.01115422294571079 -0.2029982162392951 0 0 0 0 1
1685094329.575845480 0.012913749320119053 -0.22416919040196165 0 0 0 0 1
1685094329.609178782 0.014293031281479173 -0.24578427116826668 0 0 0 0 1
1685094329.642512083 0.015262791752926424 -0.2677176697796241 0 0 0 0 1
1685094329.675845385 0.015803287616875165 -0.29041344142880743 0 0 0 0 1
1685094329.709178686 0.016008105097963108 -0.31352274754663334 0 0 0 0 1
1685094329.742511988 0.01590340160231478 -0.3367973720244931 0 0 0 0 1
1685094329.775845289 0.015517408455612123 -0.35980543270413873 0 0 0 0 1
1685094329.809178591 0.015405122319882378 -0.3828649713710809 0 0 0 0 1
1685094329.842512131 0.015659428660638183 -0.4057510234479447 0 0 0 0 1
1685094329.875845432 0.015691387186880162 -0.42809995893579933 0 0 0 0 1
1685094329.909178734 0.015544685858150213 -0.4510423232344239 0 0 0 0 1
1685094329.942512035 0.015435331516379493 -0.47430058343699355 0 0 0 0 1
1685094329.975845337 0.01423078488078047 -0.49605172543136994 0 0 0 0 1
1685094330.009178638 0.012448564397639474 -0.5197767657743165 0 0 0 0 1
1685094330.042511940 0.010584662100577116 -0.5437488192741172 0 0 0 0 1
1685094330.075845480 0.008951386661763943 -0.5678390942803816 0 0 0 0 1
1685094330.109178782 0.007241470506214184 -0.5919105788141363 0 0 0 0 1
1685094330.142512083 0.005562955578687359 -0.6155438937266949 0 0 0 0 1
1685094330.175845385 0.003988139041519524 -0.6393027712528176 0 0 0 0 1
1685094330.209178686 0.0021237784851318824 -0.6621933859538014 0 0 0 0 1
1685094330.242511988 0.0009735865610926187 -0.6858135572563229 0 0 0 0 1
1685094330.275845289 -9.649439661920139e-05 -0.7092891866105652 0 0 0 0 1
1685094330.309178591 -0.0010445384738284559 -0.7326675115018673 0 0 0 0 1
1685094330.342512131 -0.0017157700526348608 -0.7540599408393263 0 0 0 0 1
1685094330.375845432 -0.002420214648431385 -0.7771909087077818 0 0 0 0 1
1685094330.409178734 -0.003469670891555932 -0.8001494957680727 0 0 0 0 1
1685094330.442512035 -0.004547620013853763 -0.8233719380372035 0 0 0 0 1
1685094330.475845337 -0.0057245239916366 -0.8583467389433982 0 0 0 0 1
1685094330.509178638 -0.0068108980193227 -0.8818149132759014 0 0 0 0 1
1685094330.542511940 -0.008182878454345939 -0.9057761126958067 0 0 0 0 1
1685094330.575845480 -0.0098772773176497 -0.9299579341339792 0 0 0 0 1
1685094330.609178782 -0.011886046606280174 -0.9542109634132067 0 0 0 0 1
1685094330.642512083 -0.013957484987264767 -0.9787512258169164 0 0 0 0 1
1685094330.675845385 -0.01668238344384796 -1.003083188802684 0 0 0 0 1
1685094330.709178686 -0.019120296717468167 -1.0276767510300078 0 0 0 0 1
1685094330.742511988 -0.0213825148493186 -1.051942772267678 0 0 0 0 1
1685094330.775845289 -0.023630040178269588 -1.076169451894334 0 0 0 0 1
1685094330.809178591 -0.025535625040831636 -1.1002447998547693 0 0 0 0 1
1685094330.842512131 -0.02712215808064482 -1.1239665694196574 0 0 0 0 1
1685094330.875845432 -0.028601322656580507 -1.147213045862158 0 0 0 0 1
1685094330.909178734 -0.03006417640936585 -1.1704161368133044 0 0 0 0 1
1685094330.942512035 -0.03150953449818584 -1.1933651342323865 0 0 0 0 1
1685094330.975845337 -0.03295021707704532 -1.2162390113807588 0 0 0 0 1
1685094331.009178638 -0.03423998276397143 -1.2391806016680333 0 0 0 0 1
1685094331.042511940 -0.035609679670117536 -1.26245851508034 0 0 0 0 1
1685094331.075845480 -0.03716634767411865 -1.285954137032757 0 0 0 0 1
1685094331.109178782 -0.038753572423361866 -1.3097592010061285 0 0 0 0 1
1685094331.142512083 -0.040166711083457624 -1.3339877995045393 0 0 0 0 1
1685094331.175845385 -0.04193842016521124 -1.3586508137746143 0 0 0 0 1
1685094331.209178686 -0.04386053587980856 -1.383452604625893 0 0 0 0 1
1685094331.242511988 -0.04580079278126911 -1.408216882157094 0 0 0 0 1
1685094331.275845289 -0.04764364793951581 -1.4333303940750257 0 0 0 0 1
1685094331.309178591 -0.04969995519724576 -1.4587979281077805 0 0 0 0 1
1685094331.342512131 -0.05159726024402366 -1.4836730239239921 0 0 0 0 1
1685094331.375845432 -0.053554617964198616 -1.5085665186641815 0 0 0 0 1
1685094331.409178734 -0.055330481235635956 -1.533899675131775 0 0 0 0 1
1685094331.442512035 -0.05699308324218722 -1.5595250072027085 0 0 0 0 1
1685094331.475845337 -0.05850298543165412 -1.5854462788861026 0 0 0 0 1
1685094331.509178638 -0.059994734591740755 -1.611693727794116 0 0 0 0 1
1685094331.542511940 -0.06166777598499759 -1.6381626973522487 0 0 0 0 1
1685094331.575845480 -0.06307923926021634 -1.6649530852576304 0 0 0 0 1
1685094331.609178782 -0.06449814073618251 -1.6921120958412517 0 0 0 0 1
1685094331.642512083 -0.06600623083262121 -1.7195278151179132 0 0 0 0 1
1685094331.675845385 -0.06756344272556308 -1.7469860497815126 0 0 0 0 1
1685094331.709178686 -0.06878575560590934 -1.7746168468243637 0 0 0 0 1
1685094331.742511988 -0.06965875781055396 -1.8024025530959444 0 0 0 0 1
1685094331.775845289 -0.07063572679918693 -1.8297119532036652 0 0 0 0 1
1685094331.809178591 -0.07259286887119781 -1.8570286362583635 0 0 0 0 1
1685094331.842512131 -0.07435699761907477 -1.885133421331803 0 0 0 0 1
1685094331.875845432 -0.07521984533275636 -1.913558163009242 0 0 0 0 1
1685094331.909178734 -0.0760448893017755 -1.9422749692606518 0 0 0 0 1
1685094331.942512035 -0.07670955865544184 -1.9708541247028946 0 0 0 0 1
1685094331.975845337 -0.07798267277428031 -1.9979964597406765 0 0 0 0 1
1685094332.009178638 -0.08066394170122347 -2.026721520827693 0 0 0 0 1
1685094332.042511940 -0.0833941740200781 -2.0554840790216145 0 0 0 0 1
1685094332.075845480 -0.0861426716145377 -2.08396317686944 0 0 0 0 1
1685094332.109178782 -0.08884342541890752 -2.112595583354695 0 0 0 0 1
1685094332.142512083 -0.09139660191276434 -2.141398364605762 0 0 0 0 1
1685094332.175845385 -0.09377568938259132 -2.169932027611596 0 0 0 0 1
1685094332.209178686 -0.09621566988014768 -2.1985162301751586 0 0 0 0 1
1685094332.242511988 -0.09829018321216101 -2.2276876094571225 0 0 0 0 1
1685094332.275845289 -0.10019865103923092 -2.2571032628603658 0 0 0 0 1
1685094332.309178591 -0.10264607231464987 -2.2858052631219246 0 0 0 0 1
1685094332.342512131 -0.10479954125867762 -2.315151738480211 0 0 0 0 1
1685094332.375845432 -0.10681945897390709 -2.3447375749332107 0 0 0 0 1
1685094332.409178734 -0.108774154013698 -2.3744908339613997 0 0 0 0 1
1685094332.442512035 -0.10987920990961404 -2.4031828828457864 0 0 0 0 1
1685094332.475845337 -0.11155145136866956 -2.4322926965532794 0 0 0 0 1
1685094332.509178638 -0.11301578763953957 -2.4615521734949533 0 0 0 0 1
1685094332.542511940 -0.11426618325087053 -2.4904422461037834 0 0 0 0 1
1685094332.575845480 -0.11544164140352316 -2.518727184732593 0 0 0 0 1
1685094332.609178782 -0.11737674185312008 -2.5465459180115273 0 0 0 0 1
1685094332.642512083 -0.11936770193350496 -2.5747523994264814 0 0 0 0 1
1685094332.675845385 -0.12149258170237996 -2.6029764601627554 0 0 0 0 1
1685094332.709178686 -0.12340879522314868 -2.631002981178895 0 0 0 0 1
1685094332.742511988 -0.1253149903698565 -2.6585665947783346 0 0 0 0 1
1685094332.775845289 -0.12750361223599072 -2.6861335253372096 0 0 0 0 1
1685094332.809178591 -0.12982224907184683 -2.7138146341368596 0 0 0 0 1
1685094332.842512131 -0.13221476168277055 -2.740975551906536 0 0 0 0 1
1685094332.875845432 -0.1350519976577664 -2.76683077583838 0 0 0 0 1
1685094332.909178734 -0.13685608724537485 -2.7929339997876497 0 0 0 0 1
1685094332.942512035 -0.13844653808703028 -2.818740162206722 0 0 0 0 1
1685094332.975845337 -0.13991533867463216 -2.8437585021867493 0 0 0 0 1
1685094333.009178638 -0.14103790000923008 -2.866443110310859 0 0 0 0 1
1685094333.042511940 -0.14197450030160402 -2.890522395938338 0 0 0 0 1
1685094333.075845480 -0.14272455415682286 -2.914158027069178 0 0 0 0 1
