1685093632.262064219 -2.6702907605632553e-21 1.3049004178606116e-20 0 0 0 0 1
1685093632.295397520 0.0001712114162843531 -0.021593664916887204 0 0 0 0 1
1685093632.328730822 -0.0002273710566315828 -0.005653594295234973 0 0 0 0 1
1685093632.362064362 0.012775765174692656 -0.0009836330402964387 0 0 0 0 1
1685093632.395397663 0.004861516227327287 -0.022455263133481 0 0 0 0 1
1685093632.428730965 0.0018495318541942528 -0.04187182371202781 0 0 0 0 1
1685093632.462064266 0.00030755209575544784 -0.06567910415355595 0 0 0 0 1
1685093632.495397568 -0.0012852222254451811 -0.09011691665106304 0 0 0 0 1
1685093632.528730869 -0.002962751594947723 -0.11477267942053983 0 0 0 0 1
1685093632.562064171 -0.004749461929654763 -0.13992574091045598 0 0 0 0 1
1685093632.595397472 -0.016241566619422002 -0.16893477707556717 0 0 0 0 1
1685093632.628731012 -0.03801063736453522 -0.18413099615914597 0 0 0 0 1
1685093632.662064314 -0.05726394868788758 -0.18366074630175866 0 0 0 0 1
1685093632.695397615 -0.08438921041924367 -0.19055807228745691 0 0 0 0 1
1685093632.728730917 -0.11156720366140781 -0.19787038963508297 0 0 0 0 1
1685093632.762064219 -0.1388572266650478 -0.20555161154281268 0 0 0 0 1
1685093632.795397520 -0.16609370114756644 -0.2134206002515411 0 0 0 0 1
1685093632.828730822 -0.187170336443842 -0.2186272226042975 0 0 0 0 1
1685093632.862064362 -0.2162066815801088 -0.21805519261780848 0 0 0 0 1
1685093632.895397663 -0.2452793189523553 -0.21748322133551115 0 0 0 0 1
1685093632.928730965 -0.27450207406907 -0.21656909724074866 0 0 0 0 1
1685093632.962064266 -0.303358106723987 -0.21539025510832024 0 0 0 0 1
1685093632.995397568 -0.33220061740495876 -0.2139172082751015 0 0 0 0 1
1685093633.028730869 -0.36070033457713646 -0.21203766663505902 0 0 0 0 1
1685093633.062064171 -0.3893091972951496 -0.20983398647438448 0 0 0 0 1
1685093633.095397472 -0.4179075958978683 -0.20749842880464187 0 0 0 0 1
1685093633.128731012 -0.4470711959669707 -0.20534815146497826 0 0 0 0 1
1685093633.162064314 -0.476422533361513 -0.2030029585203806 0 0 0 0 1
1685093633.195397615 -0.505773115411333 -0.20064833113320474 0 0 0 0 1
1685093633.228730917 -0.5351229390839041 -0.19828426954673278 0 0 0 0 1
1685093633.262064219 -0.5644720013467783 -0.1959107740052215 0 0 0 0 1
1685093633.295397520 -0.5929070540786062 -0.19338437983610146 0 0 0 0 1
1685093633.328730822 -0.6213355081765116 -0.19078478583647668 0 0 0 0 1
