1685094278.009160280 1.007217807334259e-19 -8.975629279558778e-19 0 0 0 0 1
1685094278.042493582 0.0007767007822693423 -0.012075094630685212 0 0 0 0 1
1685094278.075827122 0.0012195275074758337 -0.026768686377811286 0 0 0 0 1
1685094278.109160423 0.001598344138025126 -0.0423198320715261 0 0 0 0 1
1685094278.142493725 0.002164129614824164 -0.0585321885027629 0 0 0 0 1
1685094278.175827026 0.0037155993647244767 -0.07536342802278205 0 0 0 0 1
1685094278.209160328 0.004503235893396437 -0.09205310907975045 0 0 0 0 1
1685094278.242493629 0.007379122867579835 -0.10930859277195311 0 0 0 0 1
1685094278.275826931 0.010249835092114875 -0.1265649381168996 0 0 0 0 1
1685094278.309160471 0.013091063187175003 -0.1448599239500346 0 0 0 0 1
1685094278.342493773 0.01591598606763413 -0.16337451195412267 0 0 0 0 1
1685094278.375827074 0.02224181268622285 -0.1755889968985159 0 0 0 0 1
1685094278.409160376 0.03754305308777651 -0.18721990089859944 0 0 0 0 1
1685094278.442493677 0.05112381619311505 -0.20318685795393734 0 0 0 0 1
1685094278.475826979 0.06458295706233955 -0.21925646812944255 0 0 0 0 1
1685094278.509160280 0.07957848942698541 -0.24958584468680253 0 0 0 0 1
1685094278.542493582 0.048491738673655395 -0.23623103278780477 0 0 0 0 1
1685094278.575827122 0.06774216353314289 -0.22442417670378553 0 0 0 0 1
1685094278.609160423 0.08734380536560313 -0.21232476059544722 0 0 0 0 1
1685094278.642493725 0.10717118445603949 -0.1997487423828197 0 0 0 0 1
1685094278.675827026 0.12675303212568845 -0.1870740106889308 0 0 0 0 1
1685094278.709160328 0.1459679622381854 -0.1738496376436305 0 0 0 0 1
1685094278.742493629 0.166017600695085 -0.1600411750272586 0 0 0 0 1
1685094278.775826931 0.19158165344670164 -0.14451407678419584 0 0 0 0 1
1685094278.809160471 0.21257612325755526 -0.1318299293828038 0 0 0 0 1
1685094278.842493773 0.23390106596207624 -0.11940996280606996 0 0 0 0 1
1685094278.875827074 0.2551995175130071 -0.10694462235139568 0 0 0 0 1
1685094278.909160376 0.26074442297412875 -0.1346041529779834 0 0 0 0 1
1685094278.942493677 0.23285158647042106 -0.13038689286822575 0 0 0 0 1
1685094278.975826979 0.20827207545504864 -0.1254943865884621 0 0 0 0 1
1685094279.009160280 0.18265988462680674 -0.1204763693581756 0 0 0 0 1
1685094279.042493582 0.15675396112209072 -0.11509789753407516 0 0 0 0 1
1685094279.075827122 0.13507595620647692 -0.10892705809466861 0 0 0 0 1
1685094279.109160423 0.1127773282343286 -0.10237752610576699 0 0 0 0 1
1685094279.142493725 0.09051636307540245 -0.0957011042416996 0 0 0 0 1
1685094279.175827026 0.06829378278750285 -0.0888980090592274 0 0 0 0 1
1685094279.209160328 0.041493017698492805 -0.08233844827147524 0 0 0 0 1
1685094279.242493629 0.014843811652842508 -0.0755579041266696 0 0 0 0 1
1685094279.275826931 -0.012231736782809057 -0.06890620851802678 0 0 0 0 1
1685094279.309160471 -0.039372485351219205 -0.061906420904131725 0 0 0 0 1
1685094279.342493773 -0.06653758804906829 -0.05500175183830328 0 0 0 0 1
1685094279.375827074 -0.09372671152119524 -0.04819228605083288 0 0 0 0 1
1685094279.409160376 -0.12093952211766934 -0.041478107103729844 0 0 0 0 1
1685094279.442493677 -0.14817568589788452 -0.03485929738969589 0 0 0 0 1
1685094279.475826979 -0.17135737278629276 -0.03348354038669423 0 0 0 0 1
1685094279.509160280 -0.17511911880910352 -0.018321010306238828 0 0 0 0 1
1685094279.542493582 -0.15998741601269587 -0.022204902949198507 0 0 0 0 1
1685094279.575827122 -0.17058665899044725 -0.033681361456919225 0 0 0 0 1
1685094279.609160423 -0.17565897760083252 -0.01890554894133866 0 0 0 0 1
1685094279.642493725 -0.1650153178793633 -0.01092939794496783 0 0 0 0 1
1685094279.675827026 -0.1529404015058418 -0.005352403095069188 0 0 0 0 1
1685094279.709160328 -0.1265087339741165 0.01474976990943939 0 0 0 0 1
1685094279.742493629 -0.10215734796476549 0.03732720128314618 0 0 0 0 1
1685094279.775826931 -0.0883545017040994 0.01931878079007357 0 0 0 0 1
1685094279.809160471 -0.07437669864606401 -0.0070473888491375605 0 0 0 0 1
1685094279.842493773 -0.06084562412378294 -0.033645582435269654 0 0 0 0 1
1685094279.875827074 -0.04776512831927489 -0.06046823161988841 0 0 0 0 1
1685094279.909160376 -0.03513893320522274 -0.08750770418713291 0 0 0 0 1
1685094279.942493677 -0.02297063148590971 -0.11475630622541455 0 0 0 0 1
1685094279.975826979 -0.01126368557493795 -0.1422062843166711 0 0 0 0 1
1685094280.009160280 -2.1426610020591798e-05 -0.16984982774255297 0 0 0 0 1
1685094280.042493582 0.010752946494872549 -0.19767907070691404 0 0 0 0 1
1685094280.075827122 0.021730439734932577 -0.2274271131218515 0 0 0 0 1
1685094280.109160423 0.03286794618864113 -0.25633965678617776 0 0 0 0 1
1685094280.142493725 0.04452526769808381 -0.28504655641629206 0 0 0 0 1
1685094280.175827026 0.056698609514626366 -0.31353846720103207 0 0 0 0 1
1685094280.209160328 0.06938400891216623 -0.341806114313462 0 0 0 0 1
1685094280.242493629 0.08621579273844741 -0.37718435971102215 0 0 0 0 1
1685094280.275826931 0.10294672739413505 -0.4126104097269604 0 0 0 0 1
1685094280.309160471 0.11957667710893337 -0.4480839768815042 0 0 0 0 1
1685094280.342493773 0.13172725589613862 -0.4757437225650603 0 0 0 0 1
1685094280.375827074 0.14393941810692326 -0.5038892924263465 0 0 0 0 1
1685094280.409160376 0.15524242281016715 -0.5320938687498159 0 0 0 0 1
1685094280.442493677 0.1660740875486973 -0.5606843418338427 0 0 0 0 1
1685094280.475826979 0.176872044411725 -0.589287562627323 0 0 0 0 1
1685094280.509160280 0.18763627839660293 -0.6179034913890314 0 0 0 0 1
1685094280.542493582 0.19840517926448473 -0.6470965101486564 0 0 0 0 1
1685094280.575827122 0.19702797886351467 -0.6393264431469582 0 0 0 0 1
1685094280.609160423 0.2053730484673688 -0.6102868787248668 0 0 0 0 1
1685094280.642493725 0.21390240188094534 -0.5813009059300083 0 0 0 0 1
1685094280.675827026 0.22261569498596345 -0.5523696942066116 0 0 0 0 1
1685094280.709160328 0.2298301266413813 -0.5473032016204707 0 0 0 0 1
1685094280.742493629 0.2386455040528455 -0.5472226266270523 0 0 0 0 1
1685094280.775826931 0.24595134091088514 -0.5521563999335415 0 0 0 0 1
1685094280.809160471 0.24916978893227143 -0.5603636506041223 0 0 0 0 1
1685094280.842493773 0.261414897453492 -0.5866541267284022 0 0 0 0 1
1685094280.875827074 0.27394817903837193 -0.6124523226505783 0 0 0 0 1
1685094280.909160376 0.2860753461869724 -0.6384438958441112 0 0 0 0 1
1685094280.942493677 0.30817144297806315 -0.6613893935411778 0 0 0 0 1
1685094280.975826979 0.3370831535663977 -0.6747627382545894 0 0 0 0 1
1685094281.009160280 0.36887634934351443 -0.676744167093904 0 0 0 0 1
1685094281.042493582 0.39715482916703965 -0.6773541097918834 0 0 0 0 1
1685094281.075827122 0.42525496359158804 -0.6779544696645303 0 0 0 0 1
1685094281.109160423 0.45360684441178456 -0.6786652605717511 0 0 0 0 1
1685094281.142493725 0.48246084159599556 -0.6793129161372886 0 0 0 0 1
1685094281.175827026 0.4728085162014464 -0.6872526033654396 0 0 0 0 1
1685094281.209160328 0.4820814875087467 -0.6788729839267593 0 0 0 0 1
1685094281.242493629 0.47320790257053325 -0.6876744331907972 0 0 0 0 1
1685094281.275826931 0.48166293164710944 -0.6784701677601737 0 0 0 0 1
1685094281.309160471 0.5118821521993381 -0.6735594975797117 0 0 0 0 1
1685094281.342493773 0.5181398226922805 -0.6777283788159848 0 0 0 0 1
1685094281.375827074 0.5148051662525409 -0.6844676723389953 0 0 0 0 1
1685094281.409160376 0.507694853783428 -0.6820219684828489 0 0 0 0 1
1685094281.442493677 0.49220871405521893 -0.6560059767415498 0 0 0 0 1
1685094281.475826979 0.4771141102657368 -0.6302864357827352 0 0 0 0 1
1685094281.509160280 0.4620120296143303 -0.6045712843989303 0 0 0 0 1
1685094281.542493582 0.44640522090814233 -0.577975055587143 0 0 0 0 1
1685094281.575827122 0.4521078176516711 -0.5787131327001439 0 0 0 0 1
1685094281.609160423 0.44652973987814026 -0.5801093475104373 0 0 0 0 1
1685094281.642493725 0.4173483703242228 -0.5709797889559088 0 0 0 0 1
1685094281.675827026 0.38780922496977865 -0.5611230334963473 0 0 0 0 1
1685094281.709160328 0.3583930515431662 -0.5509051336438318 0 0 0 0 1
1685094281.742493629 0.33293312774859196 -0.5391244083468351 0 0 0 0 1
1685094281.775826931 0.3099828820181074 -0.5229912304497434 0 0 0 0 1
1685094281.809160471 0.3046678793837849 -0.5127842047662974 0 0 0 0 1
1685094281.842493773 0.31210855579766544 -0.5215630976810848 0 0 0 0 1
1685094281.875827074 0.32355470452581414 -0.5252225200094298 0 0 0 0 1
1685094281.909160376 0.35268505867140393 -0.5403049409364782 0 0 0 0 1
1685094281.942493677 0.381397130827345 -0.5561691732273952 0 0 0 0 1
1685094281.975826979 0.4096699433768092 -0.5728036261553098 0 0 0 0 1
1685094282.009160280 0.43748283963486273 -0.5901961462546769 0 0 0 0 1
1685094282.042493582 0.4648154989406558 -0.6083340262008444 0 0 0 0 1
1685094282.075827122 0.49164795150410484 -0.6272040140942798 0 0 0 0 1
1685094282.109160423 0.5179605929962233 -0.6467923231426738 0 0 0 0 1
1685094282.142493725 0.5437341988724376 -0.667084641733848 0 0 0 0 1
1685094282.175827026 0.568949938418426 -0.6880661438921066 0 0 0 0 1
1685094282.209160328 0.5935893885082171 -0.7097215001103923 0 0 0 0 1
1685094282.242493629 0.6103089075237823 -0.7288291667762744 0 0 0 0 1
1685094282.275826931 0.6109786610172236 -0.7542101965383692 0 0 0 0 1
1685094282.309160471 0.5952901330392831 -0.7741730453183328 0 0 0 0 1
1685094282.342493773 0.5704701035156656 -0.7795220055886156 0 0 0 0 1
1685094282.375827074 0.5479516967884943 -0.7677931266994804 0 0 0 0 1
1685094282.409160376 0.5381078152692382 -0.7443892116816642 0 0 0 0 1
1685094282.442493677 0.5454729548299385 -0.7200910644111885 0 0 0 0 1
1685094282.475826979 0.566654429885171 -0.7060914088436085 0 0 0 0 1
1685094282.509160280 0.5918951836262151 -0.708839060952279 0 0 0 0 1
1685094282.542493582 0.6095682888676831 -0.7270683393979638 0 0 0 0 1
1685094282.575827122 0.6115327879388812 -0.7523820903038564 0 0 0 0 1
1685094282.609160423 0.5968837519343212 -0.7731197609942551 0 0 0 0 1
1685094282.642493725 0.5686381831861219 -0.7865295139515348 0 0 0 0 1
1685094282.675827026 0.5777781064640382 -0.7807294740049116 0 0 0 0 1
1685094282.709160328 0.5884737354180068 -0.7790614865386373 0 0 0 0 1
1685094282.742493629 0.5989457236902882 -0.7818030413044267 0 0 0 0 1
1685094282.775826931 0.5739593601467341 -0.7634348055449026 0 0 0 0 1
1685094282.809160471 0.5492167052463882 -0.74473957950908 0 0 0 0 1
1685094282.842493773 0.5247639584538075 -0.7263306236635966 0 0 0 0 1
1685094282.875827074 0.5117474689630795 -0.7190408777854793 0 0 0 0 1
1685094282.909160376 0.48178409899654057 -0.7195759668051432 0 0 0 0 1
1685094282.942493677 0.4504178458369399 -0.7251360244285955 0 0 0 0 1
1685094282.975826979 0.41901617154310583 -0.7304924158997473 0 0 0 0 1
1685094283.009160280 0.38758039853794485 -0.7356449156441688 0 0 0 0 1
1685094283.042493582 0.35688216602765843 -0.740652326027174 0 0 0 0 1
1685094283.075827122 0.3262854387350283 -0.7456550495374145 0 0 0 0 1
1685094283.109160423 0.29570179238900024 -0.7507371297926424 0 0 0 0 1
1685094283.142493725 0.29264574663133003 -0.7610910460290016 0 0 0 0 1
1685094283.175827026 0.2926811653552182 -0.7303200131963908 0 0 0 0 1
1685094283.209160328 0.2926880639278416 -0.6995489607528801 0 0 0 0 1
1685094283.242493629 0.2927567200945206 -0.6692167708402073 0 0 0 0 1
1685094283.275826931 0.2896888838452352 -0.6573724622199983 0 0 0 0 1
1685094283.309160471 0.313630640196752 -0.6397204780630869 0 0 0 0 1
1685094283.342493773 0.34059788993352097 -0.6266706692752908 0 0 0 0 1
1685094283.375827074 0.3669662442551141 -0.6126377350151879 0 0 0 0 1
1685094283.409160376 0.3930426679019793 -0.5980694995912712 0 0 0 0 1
1685094283.442493677 0.41566934730514377 -0.5780214354463441 0 0 0 0 1
1685094283.475826979 0.4114331343200111 -0.603703735169111 0 0 0 0 1
1685094283.509160280 0.41393780142562353 -0.5928265852510466 0 0 0 0 1
1685094283.542493582 0.40996427257788165 -0.6032571564792271 0 0 0 0 1
1685094283.575827122 0.3780602231632247 -0.588174003456579 0 0 0 0 1
1685094283.609160423 0.39070538428138507 -0.5695566727004305 0 0 0 0 1
1685094283.642493725 0.4059465690832984 -0.5446053279119699 0 0 0 0 1
1685094283.675827026 0.42175758479631975 -0.5200111191822443 0 0 0 0 1
1685094283.709160328 0.43813006682468264 -0.4957870577319083 0 0 0 0 1
1685094283.742493629 0.45404734675295755 -0.4692912010407552 0 0 0 0 1
1685094283.775826931 0.47038547113887613 -0.4428200582335998 0 0 0 0 1
1685094283.809160471 0.48741931914105846 -0.4168458786685786 0 0 0 0 1
1685094283.842493773 0.4986099738502065 -0.3997101842790069 0 0 0 0 1
1685094283.875827074 0.5093556317820056 -0.38229198659253705 0 0 0 0 1
1685094283.909160376 0.5217211306114247 -0.39626916549114327 0 0 0 0 1
1685094283.942493677 0.5114873058075354 -0.4118748029708269 0 0 0 0 1
1685094283.975826979 0.5183959195853506 -0.4132754698149026 0 0 0 0 1
1685094284.009160280 0.5211252289419226 -0.4197748299661203 0 0 0 0 1
1685094284.042493582 0.5172879780745236 -0.42568806239177004 0 0 0 0 1
1685094284.075827122 0.5099886573053959 -0.40556749383291635 0 0 0 0 1
1685094284.109160423 0.5036918602651634 -0.38511101051206476 0 0 0 0 1
1685094284.142493725 0.49973216893580824 -0.3547741361541049 0 0 0 0 1
1685094284.175827026 0.49277373911644 -0.3391889677759237 0 0 0 0 1
1685094284.209160328 0.4870249526969022 -0.32311822810315594 0 0 0 0 1
1685094284.242493629 0.4866287304398277 -0.33490477063543866 0 0 0 0 1
1685094284.275826931 0.46155381587445543 -0.3476486528739369 0 0 0 0 1
1685094284.309160471 0.43356857210824545 -0.34482305447444045 0 0 0 0 1
1685094284.342493773 0.40534629788629284 -0.337145479667585 0 0 0 0 1
1685094284.375827074 0.3747680832661784 -0.33953642329117145 0 0 0 0 1
1685094284.409160376 0.34411474763197614 -0.3416944109706289 0 0 0 0 1
1685094284.442493677 0.313904153564477 -0.3444441656974887 0 0 0 0 1
1685094284.475826979 0.283591728695564 -0.34656189426587775 0 0 0 0 1
1685094284.509160280 0.2531976855365411 -0.34860438497741253 0 0 0 0 1
1685094284.542493582 0.22280843751704343 -0.3507170214034726 0 0 0 0 1
1685094284.575827122 0.19267132880856963 -0.35304607859251486 0 0 0 0 1
1685094284.609160423 0.21334562469147622 -0.34696782651278846 0 0 0 0 1
1685094284.642493725 0.2355783040837284 -0.36642669785180626 0 0 0 0 1
1685094284.675827026 0.2580895030001138 -0.38406953602514715 0 0 0 0 1
1685094284.709160328 0.27771805696584306 -0.40487202829598384 0 0 0 0 1
1685094284.742493629 0.29402502248235196 -0.4283689789727664 0 0 0 0 1
1685094284.775826931 0.30664573506608883 -0.45403493754326346 0 0 0 0 1
