1685093623.293910503 5.778418580251356e-20 2.4402888095821184e-19 0 0 0 0 1
1685093623.327243805 2.9472823968572037e-18 1.2446693073273595e-17 0 0 0 0 1
1685093623.360577106 8.545171930796884e-05 -0.021471902863359323 0 0 0 0 1
1685093623.393910408 0.0004320306275730559 -0.043314371715896666 0 0 0 0 1
1685093623.427243710 -0.003817298766079385 -0.05657983736993609 0 0 0 0 1
1685093623.460577011 0.006575695962413123 -0.07628314726953583 0 0 0 0 1
1685093623.493910313 0.017391362084119434 -0.09695792944701079 0 0 0 0 1
1685093623.527243614 0.02624133990684111 -0.11260776247432008 0 0 0 0 1
1685093623.560577154 0.027895287850386644 -0.14168313696505586 0 0 0 0 1
1685093623.593910456 0.03347827212843832 -0.15432790942000238 0 0 0 0 1
1685093623.627243757 0.020880570549252082 -0.16001630979340392 0 0 0 0 1
1685093623.660577059 0.01469090570913914 -0.13492538519652214 0 0 0 0 1
1685093623.693910360 0.02290099206467478 -0.12658524071725633 0 0 0 0 1
1685093623.727243662 0.017455522366560595 -0.13289467558779047 0 0 0 0 1
1685093623.760576963 0.008840461197229437 -0.14720703427678763 0 0 0 0 1
1685093623.793910503 -0.015918872097446062 -0.15829426385491865 0 0 0 0 1
1685093623.827243805 -0.027601312323451265 -0.1561523123569306 0 0 0 0 1
1685093623.860577106 -0.0082251284046283 -0.16632094535509243 0 0 0 0 1
1685093623.893910408 0.013434183804703738 -0.1828014706160054 0 0 0 0 1
1685093623.927243710 0.03515458589367496 -0.19920139901067604 0 0 0 0 1
1685093623.960577011 0.05693577795342958 -0.21552050409376786 0 0 0 0 1
1685093623.993910313 0.0787774592357419 -0.23175856053592858 0 0 0 0 1
1685093624.027243614 0.10067932815716908 -0.2479153441269015 0 0 0 0 1
1685093624.060577154 0.1236110498268969 -0.26500403463328476 0 0 0 0 1
1685093624.093910456 0.14659550933483512 -0.2820676279549488 0 0 0 0 1
1685093624.127243757 0.13968979617232372 -0.27852895537858813 0 0 0 0 1
1685093624.160577059 0.13769614665859173 -0.26894744803294607 0 0 0 0 1
1685093624.193910360 0.127928936024913 -0.2683297767323745 0 0 0 0 1
1685093624.227243662 0.10937496824568312 -0.2738140106422842 0 0 0 0 1
1685093624.260576963 0.08630755640151405 -0.26579282195185316 0 0 0 0 1
1685093624.293910503 0.07894300056055643 -0.2382559308022458 0 0 0 0 1
1685093624.327243805 0.07166087716859182 -0.21069712575151647 0 0 0 0 1
1685093624.360577106 0.06446125143020105 -0.18311665356290074 0 0 0 0 1
1685093624.393910408 0.05734418781127585 -0.15551476119364324 0 0 0 0 1
