1685094189.394478321 3.0863023099059255e-20 5.934372139566944e-19 0 0 0 0 1
1685094189.427811861 2.6377142297455823e-05 -0.01682180492058154 0 0 0 0 1
1685094189.461145163 -0.00018544183824298308 -0.033276316827631124 0 0 0 0 1
1685094189.494478464 -0.0006216349237779065 -0.05129314828796247 0 0 0 0 1
1685094189.527811766 -0.0003556514055141464 -0.06937064299318704 0 0 0 0 1
1685094189.561145067 -0.0007617297850076759 -0.08926477835211133 0 0 0 0 1
1685094189.594478369 -0.0009543736218728913 -0.10976267337485096 0 0 0 0 1
1685094189.627811670 -0.0012182112816499378 -0.13033946728274584 0 0 0 0 1
1685094189.661145210 -0.0014572869573437287 -0.1513360145735737 0 0 0 0 1
1685094189.694478512 -0.001586842007530348 -0.17271479619432287 0 0 0 0 1
1685094189.727811813 -0.0017620765511571477 -0.1946645322568214 0 0 0 0 1
1685094189.761145115 -0.0020320411087982855 -0.2173508634873879 0 0 0 0 1
1685094189.794478416 -0.002187741887106954 -0.24075145052412353 0 0 0 0 1
1685094189.827811718 -0.002303245847624595 -0.26476891958238924 0 0 0 0 1
1685094189.861145020 -0.002300420740547239 -0.2887414772289061 0 0 0 0 1
1685094189.894478321 -0.0025316672293837885 -0.3127269417361977 0 0 0 0 1
1685094189.927811861 -0.0026069268763146535 -0.3373136567558041 0 0 0 0 1
1685094189.961145163 -0.002584705517259752 -0.36219432597769996 0 0 0 0 1
1685094189.994478464 -0.002409646392133014 -0.38735225322635003 0 0 0 0 1
1685094190.027811766 -0.0030156815949920496 -0.41071933442392383 0 0 0 0 1
1685094190.061145067 -0.0037571897084812803 -0.4365710549845405 0 0 0 0 1
1685094190.094478369 -0.004496206593135427 -0.4629689555445419 0 0 0 0 1
1685094190.127811670 -0.005661178182690593 -0.4892915469684915 0 0 0 0 1
1685094190.161145210 -0.007055160672972931 -0.5153191249582866 0 0 0 0 1
1685094190.194478512 -0.008505570054741427 -0.5415748425886339 0 0 0 0 1
1685094190.227811813 -0.010331173315095192 -0.5664901154392661 0 0 0 0 1
1685094190.261145115 -0.013467799139131004 -0.5927832739801565 0 0 0 0 1
1685094190.294478416 -0.016428932018275645 -0.6190872812805116 0 0 0 0 1
1685094190.327811718 -0.019130583184798076 -0.6455206823807731 0 0 0 0 1
1685094190.361145020 -0.021791431170108132 -0.6722778240575815 0 0 0 0 1
1685094190.394478321 -0.024342202973430142 -0.6994419830677715 0 0 0 0 1
1685094190.427811861 -0.02676870212020459 -0.726848134073278 0 0 0 0 1
1685094190.461145163 -0.028668337463792406 -0.7543176825151324 0 0 0 0 1
1685094190.494478464 -0.03018256130342819 -0.7821644115420182 0 0 0 0 1
1685094190.527811766 -0.029269144250829528 -0.8078724239112254 0 0 0 0 1
1685094190.561145067 -0.027656773803701205 -0.8358641251171156 0 0 0 0 1
1685094190.594478369 -0.026433504017495394 -0.8639537284672657 0 0 0 0 1
1685094190.627811670 -0.023882056054911276 -0.8913937897237344 0 0 0 0 1
1685094190.661145210 -0.022594267911408637 -0.9204525295909989 0 0 0 0 1
1685094190.694478512 -0.02157648392842385 -0.9494110633901511 0 0 0 0 1
1685094190.727811813 -0.02061466939747467 -0.9782783835371088 0 0 0 0 1
1685094190.761145115 -0.01982330573121066 -1.0074096390529934 0 0 0 0 1
1685094190.794478416 -0.019889710075827963 -1.0361726480081175 0 0 0 0 1
1685094190.827811718 -0.020698715213225787 -1.0656239538686456 0 0 0 0 1
1685094190.861145020 -0.020718236016782073 -1.093893375134636 0 0 0 0 1
1685094190.894478321 -0.021009297196644617 -1.1239121239622276 0 0 0 0 1
1685094190.927811861 -0.02107404699002678 -1.1542998594825065 0 0 0 0 1
1685094190.961145163 -0.021113089750539923 -1.184290359527578 0 0 0 0 1
1685094190.994478464 -0.021003680441040833 -1.2143007758068671 0 0 0 0 1
1685094191.027811766 -0.02059872846104734 -1.2447173564165739 0 0 0 0 1
1685094191.061145067 -0.020237807423305058 -1.274933711516724 0 0 0 0 1
1685094191.094478369 -0.01995013970654865 -1.3046047565178056 0 0 0 0 1
1685094191.127811670 -0.019703465918039755 -1.3339894085752126 0 0 0 0 1
1685094191.161145210 -0.018922950951921477 -1.363507202836119 0 0 0 0 1
1685094191.194478512 -0.018569785689919655 -1.3935482429483785 0 0 0 0 1
1685094191.227811813 -0.018136602477721586 -1.423242725547536 0 0 0 0 1
1685094191.261145115 -0.01752982913858709 -1.452771376505452 0 0 0 0 1
1685094191.294478416 -0.01666835448961772 -1.4823158613642518 0 0 0 0 1
1685094191.327811718 -0.01642098615533878 -1.5108235818657632 0 0 0 0 1
1685094191.361145020 -0.01821483236265283 -1.5473668185325933 0 0 0 0 1
1685094191.394478321 -0.019538437636337832 -1.5766114165558625 0 0 0 0 1
1685094191.427811861 -0.020640886547319413 -1.6059099999117168 0 0 0 0 1
1685094191.461145163 -0.021721688846911273 -1.634978196033463 0 0 0 0 1
1685094191.494478464 -0.022839060173413573 -1.6639288041408022 0 0 0 0 1
1685094191.527811766 -0.02432098852695282 -1.7002686768631146 0 0 0 0 1
1685094191.561145067 -0.025428638145674625 -1.7298593436457979 0 0 0 0 1
1685094191.594478369 -0.026607559570148456 -1.759208501912392 0 0 0 0 1
1685094191.627811670 -0.028057688882315284 -1.7884614535618073 0 0 0 0 1
1685094191.661145210 -0.029416507287892323 -1.8182707180828974 0 0 0 0 1
1685094191.694478512 -0.03032898093292593 -1.8481293502930096 0 0 0 0 1
1685094191.727811813 -0.03142708938756245 -1.8773280787727138 0 0 0 0 1
1685094191.761145115 -0.03345121039756605 -1.9060431315453616 0 0 0 0 1
1685094191.794478416 -0.035439760734568206 -1.9353161232336862 0 0 0 0 1
1685094191.827811718 -0.037649347107666424 -1.9645051979719381 0 0 0 0 1
1685094191.861145020 -0.03983560244495741 -1.9931412111396005 0 0 0 0 1
1685094191.894478321 -0.04202272549281077 -2.0216397970694824 0 0 0 0 1
1685094191.927811861 -0.04444672488930708 -2.0506740350371326 0 0 0 0 1
1685094191.961145163 -0.04683747591819303 -2.0812343387693826 0 0 0 0 1
1685094191.994478464 -0.04905501365675617 -2.1105531323154043 0 0 0 0 1
1685094192.027811766 -0.05112801941184193 -2.1401908261935447 0 0 0 0 1
1685094192.061145067 -0.0526002937334697 -2.169807241859626 0 0 0 0 1
1685094192.094478369 -0.05463363317564897 -2.199905123817444 0 0 0 0 1
1685094192.127811670 -0.056777554299508516 -2.229494337053729 0 0 0 0 1
1685094192.161145210 -0.05838300792205207 -2.259449743747277 0 0 0 0 1
1685094192.194478512 -0.05967927893280878 -2.289474394948901 0 0 0 0 1
1685094192.227811813 -0.06091839538726575 -2.319332859237672 0 0 0 0 1
1685094192.261145115 -0.061996821561346165 -2.3491566621002264 0 0 0 0 1
1685094192.294478416 -0.06306141199025705 -2.379148689854674 0 0 0 0 1
1685094192.327811718 -0.06415535241294854 -2.4092754678205774 0 0 0 0 1
1685094192.361145020 -0.06518563284438476 -2.4392463100371278 0 0 0 0 1
1685094192.394478321 -0.06658874734618346 -2.469259085096569 0 0 0 0 1
1685094192.427811861 -0.06716900776613349 -2.498312154606826 0 0 0 0 1
1685094192.461145163 -0.06792937452341416 -2.5282429750999653 0 0 0 0 1
1685094192.494478464 -0.0688618296566513 -2.557397688132166 0 0 0 0 1
1685094192.527811766 -0.07001430995962914 -2.5845588941135853 0 0 0 0 1
1685094192.561145067 -0.0700518322236837 -2.6136250232550045 0 0 0 0 1
1685094192.594478369 -0.07005057500502818 -2.6425189939823692 0 0 0 0 1
1685094192.627811670 -0.06969087545455203 -2.6707456815452595 0 0 0 0 1
1685094192.661145210 -0.0688422237926444 -2.6983998540116643 0 0 0 0 1
1685094192.694478512 -0.06590382111541151 -2.723459260540527 0 0 0 0 1
1685094192.727811813 -0.0637188922773616 -2.751005818621529 0 0 0 0 1
1685094192.761145115 -0.06183742574715178 -2.7785973288139902 0 0 0 0 1
1685094192.794478416 -0.06020604784825096 -2.806441559338685 0 0 0 0 1
1685094192.827811718 -0.057950554463267155 -2.834503159270269 0 0 0 0 1
1685094192.861145020 -0.05589399454561301 -2.8621668345376676 0 0 0 0 1
1685094192.894478321 -0.05437829701092911 -2.8890033126876955 0 0 0 0 1
