1685093616.803298712 4.366036718226547e-21 1.1661322178477238e-19 0 0 0 0 1
1685093616.836632013 0.0002525662437188921 -0.012115173085135057 0 0 0 0 1
1685093616.869965315 0.0005088560033241529 -0.02486872962684883 0 0 0 0 1
1685093616.903298616 0.0007969603709903828 -0.03799848607862062 0 0 0 0 1
1685093616.936631918 0.001140354567497362 -0.05158336151796189 0 0 0 0 1
1685093616.969965458 0.0014519216437210009 -0.0657371142741496 0 0 0 0 1
1685093617.003298759 0.0016589355622612606 -0.08037912616031963 0 0 0 0 1
1685093617.036632061 0.0016890344411305011 -0.09549689528708286 0 0 0 0 1
1685093617.069965363 0.001521051982360431 -0.11100580194454804 0 0 0 0 1
1685093617.103298664 0.001368422654769577 -0.1269559587820014 0 0 0 0 1
1685093617.136631966 0.0013003293996762318 -0.14320685604342923 0 0 0 0 1
1685093617.169965267 0.001216042253366785 -0.15972985547247515 0 0 0 0 1
1685093617.203298569 0.0012493050135664121 -0.1765883439399261 0 0 0 0 1
1685093617.236632109 0.0013425607429833426 -0.19356820524384166 0 0 0 0 1
1685093617.269965410 0.001778268201905801 -0.21070537321262542 0 0 0 0 1
1685093617.303298712 0.002543248370460983 -0.22811653010092328 0 0 0 0 1
1685093617.336632013 0.003320448034998922 -0.24588370180067728 0 0 0 0 1
1685093617.369965315 0.004101849407816893 -0.2643190340718707 0 0 0 0 1
1685093617.403298616 0.004954221576252886 -0.2830698424552963 0 0 0 0 1
1685093617.436631918 0.00586654242348825 -0.3024004337756461 0 0 0 0 1
1685093617.469965458 0.006631231634851727 -0.32197307946189146 0 0 0 0 1
1685093617.503298759 0.007444948517554909 -0.3416772157308673 0 0 0 0 1
1685093617.536632061 0.00807948367078496 -0.3614067557949985 0 0 0 0 1
1685093617.569965363 0.008640553900833518 -0.38113588429442546 0 0 0 0 1
1685093617.603298664 0.009025048042010337 -0.39934763946529434 0 0 0 0 1
1685093617.636631966 0.009607530605058805 -0.41855242957432676 0 0 0 0 1
1685093617.669965267 0.011115842032653494 -0.4377071135674615 0 0 0 0 1
1685093617.703298569 0.012670145978506334 -0.4570378345012919 0 0 0 0 1
1685093617.736632109 0.014307047938912168 -0.47669957454722584 0 0 0 0 1
1685093617.769965410 0.016135786819953975 -0.4961275802352571 0 0 0 0 1
1685093617.803298712 0.018009981453679207 -0.5157049476607238 0 0 0 0 1
1685093617.836632013 0.019825527725264427 -0.5354886341952271 0 0 0 0 1
1685093617.869965315 0.022006901389387816 -0.5522704773185092 0 0 0 0 1
1685093617.903298616 0.022224077203055546 -0.5713298433787778 0 0 0 0 1
1685093617.936631918 0.022265847049088766 -0.5922886135501748 0 0 0 0 1
1685093617.969965458 0.02231070405575513 -0.613403285353962 0 0 0 0 1
1685093618.003298759 0.022127872962554293 -0.6350012615319907 0 0 0 0 1
1685093618.036632061 0.021986635636242414 -0.6568466006781071 0 0 0 0 1
1685093618.069965363 0.021811199954506998 -0.6787294767676302 0 0 0 0 1
1685093618.103298664 0.021767137092117535 -0.7007138775645527 0 0 0 0 1
1685093618.136631966 0.021578479029432135 -0.7227278887237889 0 0 0 0 1
1685093618.169965267 0.021210463458005573 -0.744353408040666 0 0 0 0 1
1685093618.203298569 0.020868223833316966 -0.7657984626503561 0 0 0 0 1
1685093618.236632109 0.020595113136180128 -0.7869653974175627 0 0 0 0 1
1685093618.269965410 0.0204083398812475 -0.8083113376131359 0 0 0 0 1
1685093618.303298712 0.02019794250576778 -0.8296670955422243 0 0 0 0 1
1685093618.336632013 0.02001251230807403 -0.8509441387309177 0 0 0 0 1
1685093618.369965315 0.019765989392026916 -0.8719498294190106 0 0 0 0 1
1685093618.403298616 0.019847364685939922 -0.8931887842783947 0 0 0 0 1
1685093618.436631918 0.01991859369343204 -0.9146505362635915 0 0 0 0 1
1685093618.469965458 0.019990306339181918 -0.9364933854922771 0 0 0 0 1
1685093618.503298759 0.019977307247779817 -0.9585964338457363 0 0 0 0 1
1685093618.536632061 0.020128928891163682 -0.9808305512814441 0 0 0 0 1
1685093618.569965363 0.020270550098313918 -1.0030281906141492 0 0 0 0 1
1685093618.603298664 0.020400933357854093 -1.025261377350548 0 0 0 0 1
1685093618.636631966 0.020595516961549917 -1.0475583073470245 0 0 0 0 1
1685093618.669965267 0.020774495009994415 -1.069661117332522 0 0 0 0 1
1685093618.703298569 0.0209449915995119 -1.0918713523624823 0 0 0 0 1
1685093618.736632109 0.021019367599057075 -1.1140242822519515 0 0 0 0 1
1685093618.769965410 0.021382223582867038 -1.1361592133015315 0 0 0 0 1
1685093618.803298712 0.021800016915886383 -1.1583751900233457 0 0 0 0 1
1685093618.836632013 0.022380064942144708 -1.1805969446208864 0 0 0 0 1
1685093618.869965315 0.023229692178831435 -1.2019259469494301 0 0 0 0 1
1685093618.903298616 0.02280143114280623 -1.2237298363942846 0 0 0 0 1
1685093618.936631918 0.021244630486461778 -1.2437770474099636 0 0 0 0 1
1685093618.969965458 0.02071697972628999 -1.2663878945157176 0 0 0 0 1
1685093619.003298759 0.019862560290502238 -1.2890596284635938 0 0 0 0 1
1685093619.036632061 0.018832166088691628 -1.311578505403529 0 0 0 0 1
1685093619.069965363 0.017839068577793157 -1.3338531909765894 0 0 0 0 1
1685093619.103298664 0.016896206754501385 -1.3560730075006726 0 0 0 0 1
1685093619.136631966 0.015951902269760055 -1.3780968011052215 0 0 0 0 1
1685093619.169965267 0.014483151177428924 -1.4004918360871161 0 0 0 0 1
1685093619.203298569 0.012820221432564538 -1.421800772949943 0 0 0 0 1
1685093619.236632109 0.010946888038188213 -1.4427592554574544 0 0 0 0 1
