1685094237.121896505 6.497663237151965e-20 7.904440011177914e-19 0 0 0 0 1
1685094237.155229807 0.0013979479584485862 -0.013966116085327461 0 0 0 0 1
1685094237.188563108 -0.0006508944121018562 -0.029606592326671764 0 0 0 0 1
1685094237.221896648 -0.002728032253005061 -0.04625898017275138 0 0 0 0 1
1685094237.255229950 -0.004005373019522108 -0.0611784365650239 0 0 0 0 1
1685094237.288563251 -0.0051398235546610315 -0.07599998777061634 0 0 0 0 1
1685094237.321896553 -0.008007105829810256 -0.09264461674874674 0 0 0 0 1
1685094237.355229855 -0.010785324874730636 -0.10987930706633786 0 0 0 0 1
1685094237.388563156 -0.012904363181874904 -0.12769019952700666 0 0 0 0 1
1685094237.421896458 -0.015981001822817514 -0.14591367425048768 0 0 0 0 1
1685094237.455229998 -0.019347577120086123 -0.16463689976386947 0 0 0 0 1
1685094237.488563299 -0.023173376207649445 -0.18389476113210299 0 0 0 0 1
1685094237.521896601 -0.02748679799475128 -0.20367929388379225 0 0 0 0 1
1685094237.555229902 -0.0320482815691055 -0.22421449572538585 0 0 0 0 1
1685094237.588563204 -0.03681235837197752 -0.24506298944005603 0 0 0 0 1
1685094237.621896505 -0.04157446075059808 -0.2663333212584918 0 0 0 0 1
1685094237.655229807 -0.04658070755517154 -0.2878538316267016 0 0 0 0 1
1685094237.688563108 -0.051559648476821984 -0.3094629059100409 0 0 0 0 1
1685094237.721896648 -0.05618130758697786 -0.3315403283485799 0 0 0 0 1
1685094237.755229950 -0.06077063825722851 -0.3536244936816707 0 0 0 0 1
1685094237.788563251 -0.06560335625785423 -0.3774063317022845 0 0 0 0 1
1685094237.821896553 -0.07022425601945481 -0.4013974065289469 0 0 0 0 1
1685094237.855229855 -0.07483195591119929 -0.42574620493212156 0 0 0 0 1
1685094237.888563156 -0.07948469001266406 -0.45093009161339176 0 0 0 0 1
1685094237.921896458 -0.0660783930980833 -0.4729225468430623 0 0 0 0 1
1685094237.955229998 -0.044101217548377626 -0.45949121634871515 0 0 0 0 1
1685094237.988563299 -0.04760606214313273 -0.4507219695920747 0 0 0 0 1
1685094238.021896601 -0.04150154174491544 -0.4435165233866005 0 0 0 0 1
1685094238.055229902 -0.032275609890427895 -0.44553290770725595 0 0 0 0 1
1685094238.088563204 -0.029733691625374856 -0.4546280864216091 0 0 0 0 1
1685094238.121896505 -0.05601255218171032 -0.45936790016865514 0 0 0 0 1
1685094238.155229807 -0.08230640347626919 -0.4640238351548459 0 0 0 0 1
1685094238.188563108 -0.10907581702175137 -0.4685437872682687 0 0 0 0 1
1685094238.221896648 -0.13655185999721928 -0.4797201012116123 0 0 0 0 1
1685094238.255229950 -0.14554677153290066 -0.4952072592155919 0 0 0 0 1
1685094238.288563251 -0.14627128115052807 -0.5131023865520745 0 0 0 0 1
1685094238.321896553 -0.1385577963105312 -0.5292660076871452 0 0 0 0 1
1685094238.355229855 -0.12419058941153653 -0.5399591766513224 0 0 0 0 1
1685094238.388563156 -0.10649306242385796 -0.5427083647306199 0 0 0 0 1
1685094238.421896458 -0.0895589822483292 -0.5368776336286287 0 0 0 0 1
1685094238.455229998 -0.06026373910766162 -0.5386661321481816 0 0 0 0 1
1685094238.488563299 -0.030965717701592843 -0.5404085268551323 0 0 0 0 1
1685094238.521896601 -0.001664990586619692 -0.5421048134344435 0 0 0 0 1
1685094238.555229902 0.027638369674060335 -0.5437549876852646 0 0 0 0 1
1685094238.588563204 0.05694429051072876 -0.5453590455209422 0 0 0 0 1
1685094238.621896505 0.08625269934732585 -0.5469169829690297 0 0 0 0 1
1685094238.655229807 0.11511009565215993 -0.5485247302936894 0 0 0 0 1
1685094238.688563108 0.16366810070244836 -0.5701790899192297 0 0 0 0 1
1685094238.721896648 0.18119027171231933 -0.6203763474972778 0 0 0 0 1
1685094238.755229950 0.1566559789293748 -0.6675447651397727 0 0 0 0 1
1685094238.788563251 0.13334900571555586 -0.6846075585366205 0 0 0 0 1
1685094238.821896553 0.10997773411423567 -0.701657948033807 0 0 0 0 1
1685094238.855229855 0.08632850687861295 -0.7188885043196066 0 0 0 0 1
1685094238.888563156 0.06256554993650706 -0.7359618723566358 0 0 0 0 1
1685094238.921896458 0.03903780707531851 -0.7526375377670431 0 0 0 0 1
1685094238.955229998 0.015393064804002448 -0.7695585655177742 0 0 0 0 1
1685094238.988563299 -0.00867794389806918 -0.7863778751264243 0 0 0 0 1
1685094239.021896601 -0.03278762598295139 -0.8031417012234925 0 0 0 0 1
1685094239.055229902 -0.05693585356177881 -0.8198499548859192 0 0 0 0 1
1685094239.088563204 -0.08112249854122298 -0.8365025474854264 0 0 0 0 1
1685094239.121896505 -0.10534743262417184 -0.8530993906889883 0 0 0 0 1
1685094239.155229807 -0.12961052731041028 -0.8696403964592994 0 0 0 0 1
1685094239.188563108 -0.15391165389730177 -0.8861254770552416 0 0 0 0 1
1685094239.221896648 -0.15434953719032118 -0.9113397085670559 0 0 0 0 1
1685094239.255229950 -0.17243114695853717 -0.8937611818739672 0 0 0 0 1
1685094239.288563251 -0.14723930271567437 -0.8926121839831874 0 0 0 0 1
1685094239.321896553 -0.16364565815830642 -0.9117637038602022 0 0 0 0 1
1685094239.355229855 -0.1428842332263976 -0.8929379320714733 0 0 0 0 1
1685094239.388563156 -0.12217945124385736 -0.8740498815712215 0 0 0 0 1
1685094239.421896458 -0.0994694254652244 -0.8560138670289906 0 0 0 0 1
1685094239.455229998 -0.07872750495209425 -0.8373034021606122 0 0 0 0 1
1685094239.488563299 -0.057967945548272 -0.8182130871247509 0 0 0 0 1
1685094239.521896601 -0.06379560855931983 -0.7929076721236223 0 0 0 0 1
1685094239.555229902 -0.04551615175318231 -0.8113518349786351 0 0 0 0 1
1685094239.588563204 -0.05367807199700981 -0.7841917856532749 0 0 0 0 1
1685094239.621896505 -0.06194096550941802 -0.7570622848796668 0 0 0 0 1
1685094239.655229807 -0.07030471795756744 -0.7299637080460271 0 0 0 0 1
1685094239.688563108 -0.07876921361304351 -0.7028964301126805 0 0 0 0 1
1685094239.721896648 -0.08733433535345783 -0.6758608256068723 0 0 0 0 1
1685094239.755229950 -0.09599996466406886 -0.6488572686175852 0 0 0 0 1
1685094239.788563251 -0.10476598163942176 -0.6218861327903639 0 0 0 0 1
1685094239.821896553 -0.1124365902570835 -0.5955043036276509 0 0 0 0 1
1685094239.855229855 -0.12536234006326594 -0.5651491226516319 0 0 0 0 1
1685094239.888563156 -0.1297247017539405 -0.5908791470590755 0 0 0 0 1
1685094239.921896458 -0.13362852558859836 -0.6160938612846592 0 0 0 0 1
1685094239.955229998 -0.1376537124993383 -0.6412894863879087 0 0 0 0 1
1685094239.988563299 -0.14166372756990586 -0.6654026670870629 0 0 0 0 1
1685094240.021896601 -0.14540554598553523 -0.6891626800074366 0 0 0 0 1
