1685093622.078639746 -1.9318626480814907e-19 6.723219392533831e-20 0 0 0 0 1
1685093622.111973047 -0.049339395125452226 0.03269423175367298 0 0 0 0 1
1685093622.145306349 -0.051280118106830336 0.04613160182428689 0 0 0 0 1
1685093622.178639650 -0.05807178400853235 0.024702912674662365 0 0 0 0 1
1685093622.211972952 -0.06388495887629363 0.0034875532759323703 0 0 0 0 1
1685093622.245306253 -0.06986225578059885 -0.018094809934756453 0 0 0 0 1
1685093622.278639793 -0.07574486405778481 -0.040083249149539625 0 0 0 0 1
1685093622.311973095 -0.08136095209763998 -0.06196578019280633 0 0 0 0 1
1685093622.345306396 -0.08670768542353849 -0.08415617546531087 0 0 0 0 1
1685093622.378639698 -0.09201877883349559 -0.10635941813559313 0 0 0 0 1
1685093622.411973000 -0.09772708594908798 -0.1287560880756122 0 0 0 0 1
1685093622.445306301 -0.10365429677402838 -0.15109582322097115 0 0 0 0 1
1685093622.478639603 -0.09703674252307659 -0.1471874269717141 0 0 0 0 1
1685093622.511972904 -0.08078612583739522 -0.16462559474263225 0 0 0 0 1
1685093622.545306444 -0.07644231980726592 -0.15633731170800222 0 0 0 0 1
1685093622.578639746 -0.07880969605272574 -0.1657035725572037 0 0 0 0 1
1685093622.611973047 -0.08783371875797831 -0.16225417742212017 0 0 0 0 1
1685093622.645306349 -0.11266390636588211 -0.15271789486477877 0 0 0 0 1
1685093622.678639650 -0.13778227941438947 -0.14289795067916827 0 0 0 0 1
1685093622.711972952 -0.16301431556852308 -0.1333738591251679 0 0 0 0 1
1685093622.745306253 -0.18912098270442906 -0.12383156135174614 0 0 0 0 1
1685093622.778639793 -0.21538776014982186 -0.11473926140201678 0 0 0 0 1
1685093622.811973095 -0.24180689198550415 -0.10609964400363148 0 0 0 0 1
1685093622.845306396 -0.26859074991345083 -0.09772946472861681 0 0 0 0 1
1685093622.878639698 -0.2861140562076697 -0.08312845546059508 0 0 0 0 1
1685093622.911973000 -0.30052880234267887 -0.06545161103097175 0 0 0 0 1
1685093622.945306301 -0.3140219476095112 -0.049489346697240505 0 0 0 0 1
1685093622.978639603 -0.3342031624053591 -0.030937085049181457 0 0 0 0 1
1685093623.011972904 -0.3544776978245845 -0.012486853169100207 0 0 0 0 1
1685093623.045306444 -0.36850511300949734 -0.005087542933363041 0 0 0 0 1
1685093623.078639746 -0.3920120310182498 0.01067353467276699 0 0 0 0 1
1685093623.111973047 -0.4160890975960918 0.02646607700069897 0 0 0 0 1
1685093623.145306349 -0.440992252129478 0.047872085516004026 0 0 0 0 1
1685093623.178639650 -0.4590376005566763 0.07530837000228308 0 0 0 0 1
1685093623.211972952 -0.470654311055059 0.10103018210889714 0 0 0 0 1
1685093623.245306253 -0.48515875237770484 0.12342959838913606 0 0 0 0 1
