1685094249.541136503 -1.2817863505515235e-18 -3.3762573856965622e-18 0 0 0 0 1
1685094249.574469805 0.00010190495888086216 -0.01790897564151899 0 0 0 0 1
1685094249.607803106 1.9975399894818318e-06 -0.03650997662105901 0 0 0 0 1
1685094249.641136646 0.0009996212247814049 -0.05488299340449097 0 0 0 0 1
1685094249.674469948 0.001959123616817943 -0.07487227424429234 0 0 0 0 1
1685094249.707803249 0.0028959011895997523 -0.09522925259279634 0 0 0 0 1
1685094249.741136551 0.0038043895488221948 -0.11606559034943313 0 0 0 0 1
1685094249.774469852 0.004266497284392373 -0.13738182524992595 0 0 0 0 1
1685094249.807803154 0.004707626392686444 -0.1591769197720998 0 0 0 0 1
1685094249.841136456 0.004952981188070928 -0.18126098222996473 0 0 0 0 1
1685094249.874469757 0.005505159060865833 -0.20237058675168054 0 0 0 0 1
1685094249.907803297 0.005972605985678153 -0.22566103776133992 0 0 0 0 1
1685094249.941136599 0.0063292883879473546 -0.24956201215907314 0 0 0 0 1
1685094249.974469900 0.006566003975410285 -0.2739076232384221 0 0 0 0 1
1685094250.007803202 0.006645235346965942 -0.2985854867485584 0 0 0 0 1
1685094250.041136503 0.006876089890999636 -0.32320185606459806 0 0 0 0 1
1685094250.074469805 0.007932727556611821 -0.349461767259035 0 0 0 0 1
1685094250.107803106 0.00956772346530953 -0.37534617403592796 0 0 0 0 1
1685094250.141136646 0.010682944911947174 -0.400568084134562 0 0 0 0 1
1685094250.174469948 0.01388022201075592 -0.4264305513372448 0 0 0 0 1
1685094250.207803249 0.017431794677148095 -0.45248182816638843 0 0 0 0 1
1685094250.241136551 0.021368747097637135 -0.4786710489044242 0 0 0 0 1
1685094250.274469852 0.025698484359929278 -0.5047064357127276 0 0 0 0 1
1685094250.307803154 0.03004636252565785 -0.5306233061221987 0 0 0 0 1
1685094250.341136456 0.03478585807459441 -0.557065267061367 0 0 0 0 1
1685094250.374469757 0.03933216555595364 -0.5816816000675122 0 0 0 0 1
1685094250.407803297 0.0435982569458235 -0.6084694944203219 0 0 0 0 1
1685094250.441136599 0.047472964672748294 -0.6351284097660571 0 0 0 0 1
1685094250.474469900 0.051262708379237694 -0.6619708869385319 0 0 0 0 1
1685094250.507803202 0.0547168531492013 -0.6893449008642952 0 0 0 0 1
1685094250.541136503 0.0579910320451936 -0.7169860964911265 0 0 0 0 1
1685094250.574469805 0.0611124209416028 -0.7445494755094451 0 0 0 0 1
1685094250.607803106 0.06415713432973154 -0.7719311782680258 0 0 0 0 1
1685094250.641136646 0.06715851291313414 -0.7990586038688635 0 0 0 0 1
1685094250.674469948 0.0713419478261115 -0.8220837351832019 0 0 0 0 1
1685094250.707803249 0.07878389748500093 -0.8473839848001201 0 0 0 0 1
1685094250.741136551 0.08723262183464753 -0.8736822956257456 0 0 0 0 1
1685094250.774469852 0.09862387837346259 -0.9065869268716954 0 0 0 0 1
1685094250.807803154 0.1080337201450714 -0.9328697045526002 0 0 0 0 1
1685094250.841136456 0.11721935085442044 -0.9591935342502005 0 0 0 0 1
1685094250.874469757 0.1265638777787935 -0.9855849685567255 0 0 0 0 1
1685094250.907803297 0.13602936652369257 -1.012083724665672 0 0 0 0 1
1685094250.941136599 0.14538037834720482 -1.0388234199546285 0 0 0 0 1
1685094250.974469900 0.15467043050095183 -1.0657856500818246 0 0 0 0 1
1685094251.007803202 0.1639573804056279 -1.0928429792776628 0 0 0 0 1
1685094251.041136503 0.1729176402570592 -1.120163595122046 0 0 0 0 1
1685094251.074469805 0.1815870234931211 -1.1477918316671334 0 0 0 0 1
1685094251.107803106 0.19241312617866424 -1.1821313725899885 0 0 0 0 1
1685094251.141136646 0.2006161178861144 -1.209342276475702 0 0 0 0 1
1685094251.174469948 0.20779478358820666 -1.234632391682846 0 0 0 0 1
1685094251.207803249 0.21639706887344137 -1.2614769948084066 0 0 0 0 1
1685094251.241136551 0.2251132396890578 -1.2880283848579437 0 0 0 0 1
1685094251.274469852 0.23431517254751605 -1.3143386407632973 0 0 0 0 1
1685094251.307803154 0.2438099603660864 -1.340612252865252 0 0 0 0 1
1685094251.341136456 0.25336880630793235 -1.3668643611452094 0 0 0 0 1
1685094251.374469757 0.26307076608374097 -1.393267709824688 0 0 0 0 1
1685094251.407803297 0.27307696204851795 -1.419661558034837 0 0 0 0 1
1685094251.441136599 0.2833638229864118 -1.4461741428615105 0 0 0 0 1
1685094251.474469900 0.29365799037506274 -1.472817430040922 0 0 0 0 1
1685094251.507803202 0.30420342324427296 -1.499817225500223 0 0 0 0 1
1685094251.541136503 0.3145816838250737 -1.5272253575056676 0 0 0 0 1
1685094251.574469805 0.3252724878667162 -1.5553278887021276 0 0 0 0 1
1685094251.607803106 0.3359762483121503 -1.5841612909042053 0 0 0 0 1
1685094251.641136646 0.3460548787274218 -1.6130679692196113 0 0 0 0 1
1685094251.674469948 0.355923455383841 -1.6420456322793726 0 0 0 0 1
1685094251.707803249 0.36591802782882454 -1.671099769621645 0 0 0 0 1
1685094251.741136551 0.37590584924711856 -1.6998846135752184 0 0 0 0 1
1685094251.774469852 0.38598485347038347 -1.7283119058806509 0 0 0 0 1
1685094251.807803154 0.3961692322705986 -1.7568627136038217 0 0 0 0 1
1685094251.841136456 0.4058990496584527 -1.7855426263736192 0 0 0 0 1
1685094251.874469757 0.4164774140956365 -1.8143066362148441 0 0 0 0 1
1685094251.907803297 0.42971811989398967 -1.8498269399835234 0 0 0 0 1
1685094251.941136599 0.4402561450529387 -1.8784325925551748 0 0 0 0 1
1685094251.974469900 0.4509070339391238 -1.9074161428214647 0 0 0 0 1
1685094252.007803202 0.46318901405626445 -1.9322238537320855 0 0 0 0 1
1685094252.041136503 0.47784037518570277 -1.9594578082076533 0 0 0 0 1
1685094252.074469805 0.49252453351219905 -1.9870136321728018 0 0 0 0 1
1685094252.107803106 0.5071463540103744 -2.015092613876176 0 0 0 0 1
1685094252.141136646 0.5217052856136484 -2.0432232685449527 0 0 0 0 1
1685094252.174469948 0.5363611602007408 -2.0711110924445237 0 0 0 0 1
1685094252.207803249 0.5508884618116199 -2.0987748471842886 0 0 0 0 1
1685094252.241136551 0.563687809399222 -2.124827022552476 0 0 0 0 1
1685094252.274469852 0.5784504588518403 -2.151904957216189 0 0 0 0 1
1685094252.307803154 0.5932896266514578 -2.178930143752317 0 0 0 0 1
1685094252.341136456 0.608407061498375 -2.2060090941962813 0 0 0 0 1
1685094252.374469757 0.6233239850938247 -2.2330896674590606 0 0 0 0 1
1685094252.407803297 0.6382999024771661 -2.260310399802908 0 0 0 0 1
1685094252.441136599 0.6532978027269731 -2.2874448746673828 0 0 0 0 1
1685094252.474469900 0.6682973278675056 -2.314095083057169 0 0 0 0 1
1685094252.507803202 0.6830876448717494 -2.3402523494468963 0 0 0 0 1
1685094252.541136503 0.697842475458684 -2.3664954198787647 0 0 0 0 1
1685094252.574469805 0.7124877522642775 -2.392671301348109 0 0 0 0 1
1685094252.607803106 0.7272481492024232 -2.418303273707773 0 0 0 0 1
1685094252.641136646 0.7417096868513469 -2.4425238979243593 0 0 0 0 1
1685094252.674469948 0.7571833386729747 -2.4675352031646116 0 0 0 0 1
1685094252.707803249 0.7727144991763232 -2.4928346542448536 0 0 0 0 1
1685094252.741136551 0.7878663338849137 -2.517686234579511 0 0 0 0 1
1685094252.774469852 0.8029785856804034 -2.542130710885862 0 0 0 0 1
1685094252.807803154 0.817922606525455 -2.5664994371521295 0 0 0 0 1
1685094252.841136456 0.8327981248666322 -2.5906941762284963 0 0 0 0 1
1685094252.874469757 0.8472177377446193 -2.614902765045791 0 0 0 0 1
1685094252.907803297 0.8616031509378057 -2.638900976824337 0 0 0 0 1
1685094252.941136599 0.8761498468855862 -2.6627176312806045 0 0 0 0 1
1685094252.974469900 0.89051174418213 -2.6860331887490827 0 0 0 0 1
1685094253.007803202 0.9045731377224735 -2.7090096315056584 0 0 0 0 1
