1685094148.269226551 9.109583493577503e-20 -2.40613296260635e-18 0 0 0 0 1
1685094148.302559853 6.322207310276298e-05 -0.013511409221179185 0 0 0 0 1
1685094148.335893154 -6.727090522120184e-05 -0.02783708291780535 0 0 0 0 1
1685094148.369226456 -0.0005749889160483088 -0.04311776275725032 0 0 0 0 1
1685094148.402559757 -0.0007034657523246436 -0.05965644424576803 0 0 0 0 1
1685094148.435893059 -0.000800196390198196 -0.07732412261161949 0 0 0 0 1
1685094148.469226360 -0.000703009145024813 -0.09572253177568961 0 0 0 0 1
1685094148.502559662 -0.0002644423225593951 -0.1149384062699245 0 0 0 0 1
1685094148.535893202 3.4640413899016806e-05 -0.13484048732676113 0 0 0 0 1
1685094148.569226503 0.0005327917546817959 -0.15547125400564657 0 0 0 0 1
1685094148.602559805 0.0010564617980181772 -0.1765489232675517 0 0 0 0 1
1685094148.635893106 0.0017708331284171277 -0.1978996850126704 0 0 0 0 1
1685094148.669226408 0.00227602766918412 -0.2196428321694244 0 0 0 0 1
1685094148.702559710 0.002802681075784945 -0.24158628491068332 0 0 0 0 1
1685094148.735893011 0.0033102906318070715 -0.2638440850579497 0 0 0 0 1
1685094148.769226551 0.003721262691301325 -0.2866432372740595 0 0 0 0 1
1685094148.802559853 0.004115103177625176 -0.30944269186135975 0 0 0 0 1
1685094148.835893154 0.00432313744049478 -0.33253283006067413 0 0 0 0 1
1685094148.869226456 0.004360563982982632 -0.3558132143191862 0 0 0 0 1
1685094148.902559757 0.004393203426666117 -0.3798833157242456 0 0 0 0 1
1685094148.935893059 0.014198213789072411 -0.418410130895085 0 0 0 0 1
1685094148.969226360 0.029969511003216653 -0.43798384425631764 0 0 0 0 1
1685094149.002559662 0.04625649787674683 -0.45796751948671965 0 0 0 0 1
1685094149.035893202 0.06278908358499297 -0.4783795871757649 0 0 0 0 1
1685094149.069226503 0.07970296529223751 -0.49878432718066484 0 0 0 0 1
1685094149.102559805 0.0966054401751926 -0.5194203466567092 0 0 0 0 1
1685094149.135893106 0.11353471766619264 -0.5398277438776444 0 0 0 0 1
1685094149.169226408 0.13050689740555593 -0.5602570100564171 0 0 0 0 1
1685094149.202559710 0.14745869637298845 -0.5807031909583888 0 0 0 0 1
1685094149.235893011 0.1649464878220915 -0.6021128786389064 0 0 0 0 1
1685094149.269226551 0.17806455760845452 -0.6194598740977144 0 0 0 0 1
1685094149.302559853 0.20115994616738897 -0.6348261185186447 0 0 0 0 1
1685094149.335893154 0.22419229343865799 -0.6502866948166872 0 0 0 0 1
1685094149.369226456 0.24816588576494378 -0.6662117625678116 0 0 0 0 1
1685094149.402559757 0.2526455705084177 -0.680239812436421 0 0 0 0 1
1685094149.435893059 0.25473847091189405 -0.6876167155332149 0 0 0 0 1
1685094149.469226360 0.22650900823440057 -0.6835413757478628 0 0 0 0 1
1685094149.502559662 0.19829013110521632 -0.6793933724939979 0 0 0 0 1
1685094149.535893202 0.1700820265619333 -0.675172733265008 0 0 0 0 1
1685094149.569226503 0.1415432717344186 -0.6712845564918202 0 0 0 0 1
1685094149.602559805 0.11300146695203618 -0.66741883204627 0 0 0 0 1
1685094149.635893106 0.08445662987872898 -0.6635755623207757 0 0 0 0 1
1685094149.669226408 0.05520950571025803 -0.6600607697497611 0 0 0 0 1
1685094149.702559710 0.036398281001772434 -0.6584167501282039 0 0 0 0 1
1685094149.735893011 0.01077051546026321 -0.6624266395555412 0 0 0 0 1
1685094149.769226551 -0.015167317288662104 -0.662125953408838 0 0 0 0 1
1685094149.802559853 -0.043876140564937785 -0.6556704923334172 0 0 0 0 1
1685094149.835893154 -0.072411059145827 -0.6488712395800021 0 0 0 0 1
1685094149.869226456 -0.10096228972305481 -0.6421408124799755 0 0 0 0 1
1685094149.902559757 -0.10446889891503609 -0.6066468474595008 0 0 0 0 1
1685094149.935893059 -0.08046107274597647 -0.6220846795343851 0 0 0 0 1
1685094149.969226360 -0.05612048733905019 -0.6369923379214101 0 0 0 0 1
1685094150.002559662 -0.04778583338017968 -0.6476666646219515 0 0 0 0 1
1685094150.035893202 -0.04289408510653679 -0.66029514457606 0 0 0 0 1
1685094150.069226503 -0.04186324576662704 -0.6737986655013336 0 0 0 0 1
1685094150.102559805 -0.04478140128978816 -0.6870233422636084 0 0 0 0 1
1685094150.135893106 -0.04819878965297325 -0.7168538754281594 0 0 0 0 1
1685094150.169226408 -0.051644652037089483 -0.7466811328370452 0 0 0 0 1
1685094150.202559710 -0.05518726453704395 -0.7764661124517679 0 0 0 0 1
1685094150.235893011 -0.05866240081161803 -0.80625904016704 0 0 0 0 1
1685094150.269226551 -0.06207004303035999 -0.8360597631194002 0 0 0 0 1
1685094150.302559853 -0.06541017370912097 -0.8658681284053914 0 0 0 0 1
1685094150.335893154 -0.06868277571014464 -0.8956839830823444 0 0 0 0 1
1685094150.369226456 -0.07246341042229736 -0.9241154926236519 0 0 0 0 1
1685094150.402559757 -0.07640332152975408 -0.952525368267335 0 0 0 0 1
1685094150.435893059 -0.08050238529068453 -0.9809127177369142 0 0 0 0 1
1685094150.469226360 -0.08476047296470889 -1.009276649463396 0 0 0 0 1
1685094150.502559662 -0.08875609031632169 -1.036605720766409 0 0 0 0 1
1685094150.535893202 -0.09298335053180672 -1.0644485369976284 0 0 0 0 1
1685094150.569226503 -0.09725717198388968 -1.0922842441884038 0 0 0 0 1
1685094150.602559805 -0.10163402868812764 -1.1199943953661446 0 0 0 0 1
1685094150.635893106 -0.10613808724716056 -1.1476841553759294 0 0 0 0 1
1685094150.669226408 -0.11049920692461285 -1.1755965508925894 0 0 0 0 1
1685094150.702559710 -0.11453635292069411 -1.2030591419372774 0 0 0 0 1
1685094150.735893011 -0.11814198898758017 -1.2299632873665258 0 0 0 0 1
1685094150.769226551 -0.12111602650806623 -1.2564862486833714 0 0 0 0 1
1685094150.802559853 -0.12398193505874863 -1.28290024279895 0 0 0 0 1
1685094150.835893154 -0.12686791024185762 -1.3095624550243143 0 0 0 0 1
1685094150.869226456 -0.12957935692697264 -1.3358261245695318 0 0 0 0 1
1685094150.902559757 -0.1323319534910472 -1.3619688453650964 0 0 0 0 1
1685094150.935893059 -0.13519167889847394 -1.3883202775821386 0 0 0 0 1
1685094150.969226360 -0.13786392978478598 -1.4144840603175945 0 0 0 0 1
1685094151.002559662 -0.14007223569727487 -1.4408046662140799 0 0 0 0 1
1685094151.035893202 -0.14366956769251452 -1.404942329639819 0 0 0 0 1
1685094151.069226503 -0.12653079071150156 -1.386413017298254 0 0 0 0 1
1685094151.102559805 -0.1096047440822641 -1.3683634048813222 0 0 0 0 1
1685094151.135893106 -0.09305617168157196 -1.3506633926404823 0 0 0 0 1
