1685094133.408467293 0.0 0.0 0 0 0 0 1
1685094133.441800833 0.00393072521164357 -0.010536901549479375 0 0 0 0 1
1685094133.475134134 0.005988224953716425 -0.02185631238027684 0 0 0 0 1
1685094133.508467436 0.011433346398869263 -0.03419855729248921 0 0 0 0 1
1685094133.541800737 0.011140245361410662 -0.05386717862495281 0 0 0 0 1
1685094133.575134039 0.011300398204933728 -0.06850726828543519 0 0 0 0 1
1685094133.608467340 0.011993985912061769 -0.08161488438385898 0 0 0 0 1
1685094133.641800642 0.013015339162533748 -0.09401582860437369 0 0 0 0 1
1685094133.675134182 0.01534937982954419 -0.10905215663251781 0 0 0 0 1
1685094133.708467484 0.019321456599777718 -0.11890327779107594 0 0 0 0 1
1685094133.741800785 0.03050535551418774 -0.1315423279691436 0 0 0 0 1
1685094133.775134087 0.03683620942371759 -0.1430275313840639 0 0 0 0 1
1685094133.808467388 0.04363401249613818 -0.1547427832549969 0 0 0 0 1
1685094133.841800690 0.04966004649476719 -0.156122188224355 0 0 0 0 1
1685094133.875133991 0.06472079537369423 -0.16414778118672044 0 0 0 0 1
1685094133.908467293 0.08003136799582436 -0.16662473136078845 0 0 0 0 1
1685094133.941800833 0.09412169699035496 -0.17121824262017987 0 0 0 0 1
1685094133.975134134 0.10676505708271687 -0.17523138817666742 0 0 0 0 1
1685094134.008467436 0.12215610593205023 -0.1795148022535126 0 0 0 0 1
1685094134.041800737 0.13830148878213916 -0.18131133582721431 0 0 0 0 1
1685094134.075134039 0.15251113974726688 -0.18419417802354457 0 0 0 0 1
1685094134.108467340 0.1594397163743149 -0.1875352052642126 0 0 0 0 1
1685094134.141800642 0.1655227566261029 -0.19342746562263258 0 0 0 0 1
1685094134.175134182 0.17828405156385252 -0.19185054535763962 0 0 0 0 1
1685094134.208467484 0.1928180218727833 -0.18956125253405057 0 0 0 0 1
1685094134.241800785 0.20567519893700037 -0.18553713485175347 0 0 0 0 1
1685094134.275134087 0.22286159482786944 -0.1782766967427262 0 0 0 0 1
1685094134.308467388 0.24646283013200612 -0.17378604763004618 0 0 0 0 1
1685094134.341800690 0.2585131523326701 -0.1675236795315709 0 0 0 0 1
1685094134.375133991 0.2742038172842201 -0.16767069168701385 0 0 0 0 1
1685094134.408467293 0.2924773960990951 -0.16596891392475233 0 0 0 0 1
1685094134.441800833 0.31059561882056286 -0.16728519981104417 0 0 0 0 1
1685094134.475134134 0.3230468249095958 -0.1621088396223111 0 0 0 0 1
1685094134.508467436 0.3364528364753237 -0.160709298035892 0 0 0 0 1
1685094134.541800737 0.35165250927246344 -0.15701168120774597 0 0 0 0 1
1685094134.575134039 0.36977274266721316 -0.15210837430498875 0 0 0 0 1
1685094134.608467340 0.3784120458441225 -0.14973679351119595 0 0 0 0 1
1685094134.641800642 0.394090500654129 -0.14101298856707586 0 0 0 0 1
