1685094269.432324886 -3.810382143226361e-19 2.5605985538192738e-18 0 0 0 0 1
1685094269.465658188 3.28754539419447e-05 -0.012611075169083833 0 0 0 0 1
1685094269.498991728 -0.00018471393273650972 -0.025700833982068128 0 0 0 0 1
1685094269.532325029 -0.0004131987652518344 -0.03924039009451772 0 0 0 0 1
1685094269.565658331 -0.0002603696954958356 -0.05274729817649789 0 0 0 0 1
1685094269.598991632 -0.00017471460114398487 -0.06628675597131795 0 0 0 0 1
1685094269.632324934 -0.00032966624194022653 -0.08060394205294408 0 0 0 0 1
1685094269.665658236 -0.0002863922578845895 -0.09567185724738514 0 0 0 0 1
1685094269.698991537 -0.00019798537491825407 -0.1117753163241822 0 0 0 0 1
1685094269.732324839 -0.00014686636696862964 -0.12867104716605784 0 0 0 0 1
1685094269.765658379 5.8357504820375624e-05 -0.142314871934296 0 0 0 0 1
1685094269.798991680 0.0016277202727097656 -0.16052854006708042 0 0 0 0 1
1685094269.832324982 0.003445623703106841 -0.17938220426636745 0 0 0 0 1
1685094269.865658283 0.005386149803063812 -0.19884170581116462 0 0 0 0 1
1685094269.898991585 0.007224882098141292 -0.21815819742061948 0 0 0 0 1
1685094269.932324886 0.0066946236091763155 -0.23767596819180478 0 0 0 0 1
1685094269.965658188 0.006290593373113417 -0.2581030728086071 0 0 0 0 1
1685094269.998991728 0.005725035074172356 -0.27864317552360857 0 0 0 0 1
1685094270.032325029 0.005105186680505622 -0.2992095888563359 0 0 0 0 1
1685094270.065658331 0.004319695522946031 -0.3205128623356042 0 0 0 0 1
1685094270.098991632 0.0033272449202555268 -0.3424519773327217 0 0 0 0 1
1685094270.132324934 0.002070614517451576 -0.36540331858944886 0 0 0 0 1
1685094270.165658236 0.0006617752176933268 -0.38834581970156495 0 0 0 0 1
1685094270.198991537 -0.0011582184883618023 -0.4120877404815891 0 0 0 0 1
1685094270.232324839 0.007468954097894421 -0.41988610839606916 0 0 0 0 1
1685094270.265658379 0.006159539543984714 -0.44434777717258733 0 0 0 0 1
1685094270.298991680 0.00511806783598958 -0.4691113353308298 0 0 0 0 1
1685094270.332324982 0.004477365298661454 -0.49429858435478785 0 0 0 0 1
1685094270.365658283 0.0038221626953949274 -0.520094142293968 0 0 0 0 1
1685094270.398991585 0.0032137400108414316 -0.5458908459919571 0 0 0 0 1
1685094270.432324886 0.0026288254976568177 -0.5719950926576707 0 0 0 0 1
1685094270.465658188 0.0019238560697699431 -0.5985363455328991 0 0 0 0 1
1685094270.498991728 0.0019500740121175335 -0.6178845322291896 0 0 0 0 1
1685094270.532325029 -0.003592564509460099 -0.6364218506445952 0 0 0 0 1
1685094270.565658331 -0.019107527701939128 -0.6584321620648245 0 0 0 0 1
1685094270.598991632 -0.03478898555146241 -0.6809259216544076 0 0 0 0 1
1685094270.632324934 -0.0504447641463093 -0.7034375616957167 0 0 0 0 1
1685094270.665658236 -0.06607484309869192 -0.7259670528728965 0 0 0 0 1
1685094270.698991537 -0.08229266660611102 -0.7491505824901095 0 0 0 0 1
1685094270.732324839 -0.08750114393779986 -0.7458239208819649 0 0 0 0 1
1685094270.765658379 -0.06643014074986119 -0.7658928926387143 0 0 0 0 1
1685094270.798991680 -0.045628938578813255 -0.7859857894809482 0 0 0 0 1
1685094270.832324982 -0.02482773662213942 -0.8060786865451132 0 0 0 0 1
1685094270.865658283 -0.0038849376383345785 -0.8260469258661888 0 0 0 0 1
1685094270.898991585 0.01702763343734734 -0.8460468204125198 0 0 0 0 1
1685094270.932324886 0.03790992875780672 -0.8660783244251725 0 0 0 0 1
1685094270.965658188 0.05876190054521375 -0.8861413920728926 0 0 0 0 1
1685094270.998991728 0.08064865900716432 -0.9067232397771159 0 0 0 0 1
1685094271.032325029 0.10269698628508109 -0.9272376685340313 0 0 0 0 1
1685094271.065658331 0.12482139025070225 -0.9476700269917006 0 0 0 0 1
1685094271.098991632 0.1470215654164188 -0.9680200330258075 0 0 0 0 1
1685094271.132324934 0.16929720524839373 -0.9882874056491352 0 0 0 0 1
1685094271.165658236 0.191648002170795 -1.0084718650154463 0 0 0 0 1
1685094271.198991537 0.21407364757004244 -1.028573132423346 0 0 0 0 1
1685094271.232324839 0.2365738317990687 -1.0485909303201315 0 0 0 0 1
1685094271.265658379 0.25914824418159554 -1.0685249823056235 0 0 0 0 1
1685094271.298991680 0.2817965730164227 -1.088375013135983 0 0 0 0 1
1685094271.332324982 0.3045185055817321 -1.1081407487275114 0 0 0 0 1
1685094271.365658283 0.3264445613975164 -1.1274309254711656 0 0 0 0 1
1685094271.398991585 0.34838118491465253 -1.1467090838662437 0 0 0 0 1
1685094271.432324886 0.37032836954551346 -1.165975218123463 0 0 0 0 1
1685094271.465658188 0.39228610869930003 -1.1852293224571513 0 0 0 0 1
1685094271.498991728 0.41425439578204426 -1.2044713910852491 0 0 0 0 1
1685094271.532325029 0.4362332241966101 -1.2237014182293113 0 0 0 0 1
1685094271.565658331 0.45839377678156007 -1.2432887891730149 0 0 0 0 1
1685094271.598991632 0.4800058187561908 -1.2626519958179978 0 0 0 0 1
1685094271.632324934 0.5015361917107752 -1.2821059715125953 0 0 0 0 1
1685094271.665658236 0.5229845144247709 -1.3016503718013173 0 0 0 0 1
1685094271.698991537 0.5441276021989967 -1.320436482463377 0 0 0 0 1
1685094271.732324839 0.5653114721967538 -1.3391765936251039 0 0 0 0 1
1685094271.765658379 0.5865360243404386 -1.357870616753788 0 0 0 0 1
1685094271.798991680 0.6078011583602546 -1.3765184635344494 0 0 0 0 1
1685094271.832324982 0.6291067737946872 -1.3951200458702568 0 0 0 0 1
1685094271.865658283 0.6504528288286548 -1.4138621122263995 0 0 0 0 1
1685094271.898991585 0.6627603129987845 -1.418201033898481 0 0 0 0 1
1685094271.932324886 0.6844917110524236 -1.4363919720611578 0 0 0 0 1
1685094271.965658188 0.7056679998273699 -1.4543764223078015 0 0 0 0 1
1685094271.998991728 0.7266208128757968 -1.471697445483553 0 0 0 0 1
1685094272.032325029 0.7509975962184764 -1.493741965861718 0 0 0 0 1
1685094272.065658331 0.7465550484365316 -1.4969979839261116 0 0 0 0 1
1685094272.098991632 0.7514849191832953 -1.4945415110785667 0 0 0 0 1
1685094272.132324934 0.7507335967389326 -1.516671995776647 0 0 0 0 1
1685094272.165658236 0.756405473571466 -1.5424227651905738 0 0 0 0 1
1685094272.198991537 0.7622285537704969 -1.5678726925013533 0 0 0 0 1
1685094272.232324839 0.7675305869592618 -1.5936155885313377 0 0 0 0 1
1685094272.265658379 0.7722303774070002 -1.6185330925170913 0 0 0 0 1
1685094272.298991680 0.7769796086931724 -1.6434001992435465 0 0 0 0 1
1685094272.332324982 0.7817095063284436 -1.668610258365617 0 0 0 0 1
1685094272.365658283 0.7880513428797441 -1.6994501068603416 0 0 0 0 1
1685094272.398991585 0.7930144763587245 -1.7236463642652886 0 0 0 0 1
1685094272.432324886 0.7974623201622507 -1.747049125749866 0 0 0 0 1
