1685094217.042103052 3.3160424696427193e-21 -1.418240375510982e-19 0 0 0 0 1
1685094217.075436592 4.1303202111512755e-05 -0.014635641085496648 0 0 0 0 1
1685094217.108769894 -4.6353941694338625e-05 -0.030023237876438513 0 0 0 0 1
1685094217.142103195 -0.00037217070884870614 -0.046116337600090124 0 0 0 0 1
1685094217.175436497 -0.0008918161664609363 -0.06311877964152227 0 0 0 0 1
1685094217.208769798 -0.0013739303793964522 -0.0803984105779924 0 0 0 0 1
1685094217.242103100 -0.0020425117604287043 -0.10233269633104762 0 0 0 0 1
1685094217.275436401 -0.0027443306188386714 -0.12037436252177226 0 0 0 0 1
1685094217.308769941 -0.0034353075623258706 -0.13909977099187024 0 0 0 0 1
1685094217.342103243 -0.0044498733276670255 -0.1584180119871006 0 0 0 0 1
1685094217.375436544 -0.005826334119872408 -0.18812800521340262 0 0 0 0 1
1685094217.408769846 -0.006546096444474423 -0.20857990424538964 0 0 0 0 1
1685094217.442103148 -0.005545419113387115 -0.2262725005187002 0 0 0 0 1
1685094217.475436449 -0.009935559480695251 -0.24784349594957938 0 0 0 0 1
1685094217.508769751 -0.014575237330464562 -0.26973374481173334 0 0 0 0 1
1685094217.542103052 -0.019163037930079306 -0.29163492495013793 0 0 0 0 1
1685094217.575436592 -0.036979659812563626 -0.2987818879122091 0 0 0 0 1
1685094217.608769894 -0.014196422290430229 -0.2955782152674106 0 0 0 0 1
1685094217.642103195 -0.010357878038014388 -0.29483226268148005 0 0 0 0 1
1685094217.675436497 0.007369406720925373 -0.2785882963768378 0 0 0 0 1
1685094217.708769798 0.025595677938643993 -0.2617758590643741 0 0 0 0 1
1685094217.742103100 0.04354611150381079 -0.24520797820167065 0 0 0 0 1
1685094217.775436401 0.061315744858196936 -0.22809242988965947 0 0 0 0 1
1685094217.808769941 0.07925011050980905 -0.2104892217721903 0 0 0 0 1
1685094217.842103243 0.0744517492303334 -0.24181783292843523 0 0 0 0 1
1685094217.875436544 0.08522594720767414 -0.27946609223275914 0 0 0 0 1
1685094217.908769846 0.11137129662501338 -0.28159946451620305 0 0 0 0 1
1685094217.942103148 0.13811217008157772 -0.2835502036762791 0 0 0 0 1
1685094217.975436449 0.1652580731340991 -0.2855067087321897 0 0 0 0 1
1685094218.008769751 0.19240941131263573 -0.2873862830684241 0 0 0 0 1
1685094218.042103052 0.21987590814263103 -0.28929961734423026 0 0 0 0 1
1685094218.075436592 0.24621869022504303 -0.29267580430748646 0 0 0 0 1
1685094218.108769894 0.27277674929264034 -0.2925742916761416 0 0 0 0 1
1685094218.142103195 0.29909295249368684 -0.2889968267450013 0 0 0 0 1
1685094218.175436497 0.3202644489045794 -0.2986811985381397 0 0 0 0 1
1685094218.208769798 0.3111760043116732 -0.3252073901137409 0 0 0 0 1
1685094218.242103100 0.30207966619882737 -0.3517308758869308 0 0 0 0 1
1685094218.275436401 0.29297543537161047 -0.3782516535087988 0 0 0 0 1
1685094218.308769941 0.28394007458981624 -0.4051820147929292 0 0 0 0 1
1685094218.342103243 0.2753039653855548 -0.412465155734069 0 0 0 0 1
1685094218.375436544 0.2695091271944216 -0.4407522942467998 0 0 0 0 1
1685094218.408769846 0.2638352790816671 -0.46906394913472943 0 0 0 0 1
1685094218.442103148 0.2582825247573507 -0.497399602900147 0 0 0 0 1
1685094218.475436449 0.25285096571810556 -0.5257587376066756 0 0 0 0 1
1685094218.508769751 0.24710229378059914 -0.5544221461174904 0 0 0 0 1
1685094218.542103052 0.24177157700882632 -0.5836178671929518 0 0 0 0 1
1685094218.575436592 0.23634351775772147 -0.6127956471493415 0 0 0 0 1
1685094218.608769894 0.23081817640500163 -0.6419551614346127 0 0 0 0 1
1685094218.642103195 0.21238628242010874 -0.6535412175840368 0 0 0 0 1
1685094218.675436497 0.2187957985664107 -0.6743472146939624 0 0 0 0 1
1685094218.708769798 0.24055218531974942 -0.6735528291407907 0 0 0 0 1
1685094218.742103100 0.2454272886015014 -0.6523347995206732 0 0 0 0 1
1685094218.775436401 0.22619952417091974 -0.6421238011380469 0 0 0 0 1
1685094218.808769941 0.21135134923387153 -0.6580455822572167 0 0 0 0 1
1685094218.842103243 0.22287765085882238 -0.6765149023264176 0 0 0 0 1
1685094218.875436544 0.24370429679499317 -0.6701728023573759 0 0 0 0 1
1685094218.908769846 0.24298037591538588 -0.6484139569944435 0 0 0 0 1
1685094218.942103148 0.2217782461401472 -0.643470162301915 0 0 0 0 1
1685094218.975436449 0.21150503002773716 -0.662664756428274 0 0 0 0 1
1685094219.008769751 0.24092746451280564 -0.6610001329809673 0 0 0 0 1
1685094219.042103052 0.2706767142862968 -0.6590621904629447 0 0 0 0 1
1685094219.075436592 0.30042386574755603 -0.6570923013214883 0 0 0 0 1
1685094219.108769894 0.3301688845902912 -0.6550904678283987 0 0 0 0 1
1685094219.142103195 0.35991173651066966 -0.6530566922923164 0 0 0 0 1
1685094219.175436497 0.3896632399078062 -0.6511199641260503 0 0 0 0 1
1685094219.208769798 0.41906367136798056 -0.6492339124085845 0 0 0 0 1
1685094219.242103100 0.4483010837006884 -0.6475746368174365 0 0 0 0 1
1685094219.275436401 0.4775358458645495 -0.6458693049955813 0 0 0 0 1
1685094219.308769941 0.5067678853095364 -0.644117921175031 0 0 0 0 1
1685094219.342103243 0.5356341284403109 -0.6424019922754065 0 0 0 0 1
1685094219.375436544 0.5645042615399408 -0.6407528048138977 0 0 0 0 1
1685094219.408769846 0.5957857739847209 -0.6447612012260739 0 0 0 0 1
1685094219.442103148 0.6269498089643222 -0.649598885219501 0 0 0 0 1
1685094219.475436449 0.6553432431246419 -0.6494350733394627 0 0 0 0 1
1685094219.508769751 0.6840328960084099 -0.6488479394334433 0 0 0 0 1
1685094219.542103052 0.6871279579491747 -0.6743755804794652 0 0 0 0 1
1685094219.575436592 0.6674618039477039 -0.6545390375392178 0 0 0 0 1
1685094219.608769894 0.6481132288054314 -0.6350832654304773 0 0 0 0 1
1685094219.642103195 0.6287096283930629 -0.6156823706206871 0 0 0 0 1
1685094219.675436497 0.609729983825839 -0.5968699806405802 0 0 0 0 1
1685094219.708769798 0.5906904700610185 -0.5781181849862704 0 0 0 0 1
1685094219.742103100 0.5721195871882037 -0.5601766797229021 0 0 0 0 1
1685094219.775436401 0.5536004570946045 -0.5426190485285749 0 0 0 0 1
1685094219.808769941 0.535008384445481 -0.5251386759012715 0 0 0 0 1
1685094219.842103243 0.5165709087832661 -0.507964192665986 0 0 0 0 1
1685094219.875436544 0.4908321973290897 -0.5103541962267127 0 0 0 0 1
