1685094215.636027813 9.398699816202195e-19 -1.0869007273590312e-18 0 0 0 0 1
1685094215.669361115 0.00047043941477276606 -0.015503991708933292 0 0 0 0 1
1685094215.702694416 0.0013699720720916377 -0.03417468419627626 0 0 0 0 1
1685094215.736027956 0.002485578733518416 -0.05144185951540135 0 0 0 0 1
1685094215.769361258 0.002562221727642563 -0.06969644603785857 0 0 0 0 1
1685094215.802694559 0.002596997474749297 -0.08893950870794148 0 0 0 0 1
1685094215.836027861 -0.0015671143391112789 -0.0903204474543846 0 0 0 0 1
1685094215.869361162 0.015963201976724517 -0.0778746870642976 0 0 0 0 1
1685094215.902694464 0.026035525179668343 -0.05423299049248613 0 0 0 0 1
1685094215.936027765 0.03633156390374557 -0.035211806322517074 0 0 0 0 1
1685094215.969361305 0.04677245169901096 -0.01584055566050481 0 0 0 0 1
1685094216.002694607 0.057370109549487264 0.003446618020873066 0 0 0 0 1
1685094216.036027908 0.07555372089100006 0.0058069977081730215 0 0 0 0 1
1685094216.069361210 0.09636802966761734 -0.00576513666774469 0 0 0 0 1
1685094216.102694511 0.11728904298494106 -0.01781767409124938 0 0 0 0 1
1685094216.136027813 0.13840008358708494 -0.030332151245644992 0 0 0 0 1
1685094216.169361115 0.1578177964062046 -0.03912570282989974 0 0 0 0 1
1685094216.202694416 0.18173469757555388 -0.04636473804148409 0 0 0 0 1
1685094216.236027956 0.20586917257516893 -0.05355774903231551 0 0 0 0 1
1685094216.269361258 0.22990669513384385 -0.061068394800987136 0 0 0 0 1
1685094216.302694559 0.25384308504641245 -0.06889536922120545 0 0 0 0 1
1685094216.336027861 0.2553767650495364 -0.06633924562311365 0 0 0 0 1
1685094216.369361162 0.25242146010643435 -0.06594922652873432 0 0 0 0 1
1685094216.402694464 0.22800752893104292 -0.0796325529929125 0 0 0 0 1
1685094216.436027765 0.2036614123697061 -0.09343617813067373 0 0 0 0 1
1685094216.469361305 0.19457507729819515 -0.10743272081448528 0 0 0 0 1
1685094216.502694607 0.1922621465659501 -0.13472889860245366 0 0 0 0 1
1685094216.536027908 0.18941653480103504 -0.16197469578454987 0 0 0 0 1
1685094216.569361210 0.18607961013384117 -0.1898550348509101 0 0 0 0 1
1685094216.602694511 0.1827176755592128 -0.21794544588735215 0 0 0 0 1
1685094216.636027813 0.17920964313636736 -0.24627944352382153 0 0 0 0 1
1685094216.669361115 0.17459077869985737 -0.27458319827511923 0 0 0 0 1
1685094216.702694416 0.1710080006094854 -0.303041780074238 0 0 0 0 1
1685094216.736027956 0.16918933597905797 -0.331667286809037 0 0 0 0 1
1685094216.769361258 0.16828634544559404 -0.3605292061935773 0 0 0 0 1
1685094216.802694559 0.16787266337485665 -0.3880956542212438 0 0 0 0 1
1685094216.836027861 0.17081160004607915 -0.4175076008391555 0 0 0 0 1
1685094216.869361162 0.17723113943604982 -0.4463604943965262 0 0 0 0 1
1685094216.902694464 0.1870399727535572 -0.4742439436372803 0 0 0 0 1
1685094216.936027765 0.19355997573122566 -0.49633556773603843 0 0 0 0 1
1685094216.969361305 0.21494262696299288 -0.5145417134128564 0 0 0 0 1
1685094217.002694607 0.23550473584195292 -0.5336697345482145 0 0 0 0 1
1685094217.036027908 0.257543761192866 -0.5561123069206371 0 0 0 0 1
1685094217.069361210 0.2791912983924973 -0.5792043009399254 0 0 0 0 1
1685094217.102694511 0.29939551126957614 -0.5893753655766598 0 0 0 0 1
1685094217.136027813 0.3220148747979755 -0.5892167232208031 0 0 0 0 1
1685094217.169361115 0.35420041223931487 -0.5854086411228461 0 0 0 0 1
1685094217.202694416 0.38584967626255157 -0.5820306998349154 0 0 0 0 1
1685094217.236027956 0.4175593353373283 -0.5792768076949271 0 0 0 0 1
1685094217.269361258 0.44931708588499575 -0.5771480332330863 0 0 0 0 1
1685094217.302694559 0.44111256386084186 -0.5710558948092412 0 0 0 0 1
1685094217.336027861 0.4413992764544739 -0.5812708900666443 0 0 0 0 1
1685094217.369361162 0.4492491647542174 -0.5747281394293616 0 0 0 0 1
1685094217.402694464 0.4786187792594697 -0.5590795857325306 0 0 0 0 1
1685094217.436027765 0.508067388539533 -0.5435802018589727 0 0 0 0 1
1685094217.469361305 0.52873516910293 -0.5352362141908522 0 0 0 0 1
1685094217.502694607 0.5490864311622342 -0.5261474620093918 0 0 0 0 1
1685094217.536027908 0.5690943475325474 -0.5163259261752653 0 0 0 0 1
1685094217.569361210 0.5971308540505468 -0.49721424082556515 0 0 0 0 1
1685094217.602694511 0.6250306279581019 -0.47790349691065936 0 0 0 0 1
1685094217.636027813 0.6527922559702233 -0.458394672631468 0 0 0 0 1
1685094217.669361115 0.6805510252329063 -0.4389165713649736 0 0 0 0 1
1685094217.702694416 0.708696294199451 -0.4228022432973683 0 0 0 0 1
1685094217.736027956 0.7341925990384511 -0.41950636059890073 0 0 0 0 1
1685094217.769361258 0.7642818478174876 -0.4037535957592773 0 0 0 0 1
1685094217.802694559 0.7944233652611634 -0.38810107460861826 0 0 0 0 1
1685094217.836027861 0.8246168174042852 -0.3725489705753934 0 0 0 0 1
1685094217.869361162 0.8548618697062285 -0.3570974559754604 0 0 0 0 1
1685094217.902694464 0.8851581870546439 -0.34174670201015495 0 0 0 0 1
1685094217.936027765 0.9155054337691697 -0.3264968787643948 0 0 0 0 1
1685094217.969361305 0.9459032736051523 -0.31134815520479453 0 0 0 0 1
1685094218.002694607 0.9764033239876776 -0.29584267551456656 0 0 0 0 1
1685094218.036027908 1.0071012996364512 -0.28073283551448813 0 0 0 0 1
1685094218.069361210 1.0379920686719089 -0.26602116116522834 0 0 0 0 1
1685094218.102694511 1.0690704669845952 -0.2517101118648208 0 0 0 0 1
1685094218.136027813 1.1003312990984624 -0.23780208003751782 0 0 0 0 1
1685094218.169361115 1.1306934354315439 -0.22518147126459634 0 0 0 0 1
1685094218.202694416 1.1612819079965067 -0.21272176615358057 0 0 0 0 1
1685094218.236027956 1.1920284400199412 -0.20065736920044364 0 0 0 0 1
1685094218.269361258 1.2219490623934102 -0.18988844841620584 0 0 0 0 1
1685094218.302694559 1.2519501814327278 -0.1793458607612883 0 0 0 0 1
1685094218.336027861 1.2820300850791837 -0.16903020786421702 0 0 0 0 1
1685094218.369361162 1.3121870567781062 -0.15894207840314653 0 0 0 0 1
1685094218.402694464 1.34241937557682 -0.14908204807226672 0 0 0 0 1
1685094218.436027765 1.3727253162228545 -0.13945067954894916 0 0 0 0 1
1685094218.469361305 1.4021516735025905 -0.1295653598814655 0 0 0 0 1
1685094218.502694607 1.4315097199585969 -0.11947897519863732 0 0 0 0 1
1685094218.536027908 1.4611427851977379 -0.10921033010567233 0 0 0 0 1
1685094218.569361210 1.4907952353284726 -0.0989977971800585 0 0 0 0 1
1685094218.602694511 1.5204669640988104 -0.08884141301580228 0 0 0 0 1
1685094218.636027813 1.549143642049011 -0.07895299691755342 0 0 0 0 1
1685094218.669361115 1.577471505407003 -0.06529134420878732 0 0 0 0 1
1685094218.702694416 1.605227363847839 -0.05043867486224062 0 0 0 0 1
1685094218.736027956 1.6328242279512681 -0.03529263392203364 0 0 0 0 1
1685094218.769361258 1.6602589969749926 -0.019854923174630827 0 0 0 0 1
1685094218.802694559 1.6640861712441302 0.004349962230423475 0 0 0 0 1
1685094218.836027861 1.6398021118358894 0.007637544779227223 0 0 0 0 1
1685094218.869361162 1.6127309961404397 -0.00953831690394 0 0 0 0 1
1685094218.902694464 1.5853655562659534 -0.026236021827038183 0 0 0 0 1
1685094218.936027765 1.596214472157441 -0.031667450108676595 0 0 0 0 1
1685094218.969361305 1.6044588574455207 -0.022766354646833274 0 0 0 0 1
1685094219.002694607 1.5982134843659457 -0.012364686304876108 0 0 0 0 1
1685094219.036027908 1.5864817751181572 -0.015457644003343627 0 0 0 0 1
1685094219.069361210 1.586176335263602 -0.02758637417984612 0 0 0 0 1
1685094219.102694511 1.560365350294071 -0.048895957124038415 0 0 0 0 1
1685094219.136027813 1.5346766242873326 -0.07035276551912582 0 0 0 0 1
1685094219.169361115 1.5349704715008536 -0.0656340761357423 0 0 0 0 1
1685094219.202694416 1.5041153751586493 -0.05263059586365664 0 0 0 0 1
1685094219.236027956 1.4728373949522227 -0.03910907490187016 0 0 0 0 1
1685094219.269361258 1.4415361770001887 -0.025641434810416704 0 0 0 0 1
1685094219.302694559 1.410211814120102 -0.01222771552491244 0 0 0 0 1
1685094219.336027861 1.379092274394777 0.0006159106198764547 0 0 0 0 1
1685094219.369361162 1.348740550288289 0.013206218333840676 0 0 0 0 1
1685094219.402694464 1.3184268780670358 0.025887869686527305 0 0 0 0 1
1685094219.436027765 1.2881515326293433 0.03866074967488746 0 0 0 0 1
1685094219.469361305 1.2579147885259716 0.05152474246856959 0 0 0 0 1
1685094219.502694607 1.226100241060356 0.06526937678417213 0 0 0 0 1
1685094219.536027908 1.1944214023265802 0.07891982938257736 0 0 0 0 1
1685094219.569361210 1.1627493167053249 0.09258594338992242 0 0 0 0 1
1685094219.602694511 1.131690371315344 0.10625040281598339 0 0 0 0 1
1685094219.636027813 1.1006315201431174 0.11991507639444023 0 0 0 0 1
1685094219.669361115 1.0695727631901222 0.13357996412464318 0 0 0 0 1
1685094219.702694416 1.0385141004578344 0.14724506600594267 0 0 0 0 1
1685094219.736027956 1.007455531947731 0.16091038203768906 0 0 0 0 1
1685094219.769361258 0.9763970576612885 0.17457591221923263 0 0 0 0 1
1685094219.802694559 0.9509081617477673 0.1860494482159468 0 0 0 0 1
1685094219.836027861 0.9269747224198225 0.20048954257484186 0 0 0 0 1
1685094219.869361162 0.9012928476902642 0.21969811579432494 0 0 0 0 1
1685094219.902694464 0.8755594911978813 0.2388376648587332 0 0 0 0 1
1685094219.936027765 0.8496514553314264 0.2586374896091847 0 0 0 0 1
1685094219.969361305 0.8234908376159206 0.2781023672956555 0 0 0 0 1
1685094220.002694607 0.7970819680690483 0.297229076156889 0 0 0 0 1
1685094220.036027908 0.7704292177983043 0.31601445040419796 0 0 0 0 1
1685094220.069361210 0.7429329752977485 0.33456202225779613 0 0 0 0 1
1685094220.102694511 0.7155036664966132 0.35320843724850454 0 0 0 0 1
1685094220.136027813 0.6875923366173734 0.3719791303788929 0 0 0 0 1
1685094220.169361115 0.659689567853558 0.3907241874011252 0 0 0 0 1
1685094220.202694416 0.6315795307383443 0.4091569701762516 0 0 0 0 1
1685094220.236027956 0.6014170337079262 0.41768721613980353 0 0 0 0 1
1685094220.269361258 0.614330168619594 0.43464105733556146 0 0 0 0 1
1685094220.302694559 0.6307731511393367 0.46404130473457805 0 0 0 0 1
1685094220.336027861 0.6470879897536878 0.4930443391936338 0 0 0 0 1
1685094220.369361162 0.6632528007785505 0.5221312580984605 0 0 0 0 1
1685094220.402694464 0.67926715292537 0.551301285389554 0 0 0 0 1
1685094220.436027765 0.69513061891994 0.5805536427900204 0 0 0 0 1
1685094220.469361305 0.7113747875441124 0.6090751333760118 0 0 0 0 1
1685094220.502694607 0.7290016093950255 0.6377045232862923 0 0 0 0 1
1685094220.536027908 0.7467790545021367 0.6662406277972859 0 0 0 0 1
1685094220.569361210 0.7456196874215598 0.652041815105633 0 0 0 0 1
1685094220.602694511 0.7431443776295914 0.6387651509746822 0 0 0 0 1
1685094220.636027813 0.7566491851282869 0.6386342180320396 0 0 0 0 1
1685094220.669361115 0.7880190628645544 0.6286321725989586 0 0 0 0 1
1685094220.702694416 0.7911406002679469 0.6251036855174404 0 0 0 0 1
1685094220.736027956 0.7864356556284776 0.6248634506641229 0 0 0 0 1
1685094220.769361258 0.7819051593702201 0.6361553655036172 0 0 0 0 1
1685094220.802694559 0.7926285131279578 0.604734633340259 0 0 0 0 1
1685094220.836027861 0.7741254837553125 0.6021112419303886 0 0 0 0 1
1685094220.869361162 0.7547022045850121 0.5995152396242157 0 0 0 0 1
1685094220.902694464 0.7301802499598025 0.5769340339620161 0 0 0 0 1
1685094220.936027765 0.7060742917764417 0.5539092671258143 0 0 0 0 1
1685094220.969361305 0.682392352060598 0.5304486013404078 0 0 0 0 1
1685094221.002694607 0.6586994204236687 0.506786629067668 0 0 0 0 1
1685094221.036027908 0.6350027205394833 0.48312843057355287 0 0 0 0 1
1685094221.069361210 0.6121506861248492 0.4597845208747044 0 0 0 0 1
1685094221.102694511 0.5900682129323883 0.43571134130448874 0 0 0 0 1
1685094221.136027813 0.5687785609719498 0.41093424873253853 0 0 0 0 1
1685094221.169361115 0.5483041551553617 0.38547934147729085 0 0 0 0 1
1685094221.202694416 0.525872920737912 0.36559974464342915 0 0 0 0 1
1685094221.236027956 0.49500581368431384 0.35339347692367323 0 0 0 0 1
1685094221.269361258 0.46416503642321566 0.3411208355031815 0 0 0 0 1
1685094221.302694559 0.43335073167814003 0.32878187717671625 0 0 0 0 1
1685094221.336027861 0.4026393760938694 0.31684857552249984 0 0 0 0 1
1685094221.369361162 0.3900609849954127 0.307413371575432 0 0 0 0 1
1685094221.402694464 0.39880893606644097 0.3387137111573535 0 0 0 0 1
1685094221.436027765 0.407898976949092 0.36991642037684974 0 0 0 0 1
1685094221.469361305 0.4173300184858464 0.40101776056367633 0 0 0 0 1
1685094221.502694607 0.4336395023683618 0.4207809507155273 0 0 0 0 1
1685094221.536027908 0.45458170047687935 0.4463435986132284 0 0 0 0 1
1685094221.569361210 0.4756853367705573 0.4717731319227957 0 0 0 0 1
1685094221.602694511 0.4912761290225075 0.4836207993077022 0 0 0 0 1
1685094221.636027813 0.5141738138627934 0.5068519201931337 0 0 0 0 1
1685094221.669361115 0.5374152827672654 0.5297391015792514 0 0 0 0 1
1685094221.702694416 0.560995370094073 0.5522772565680414 0 0 0 0 1
1685094221.736027956 0.5849088349401375 0.5744613758359913 0 0 0 0 1
1685094221.769361258 0.6088989131483554 0.5957582882133373 0 0 0 0 1
1685094221.802694559 0.6331022113734667 0.6168125676897547 0 0 0 0 1
1685094221.836027861 0.6511653653864424 0.6268672613769972 0 0 0 0 1
1685094221.869361162 0.6651594714010436 0.6420836799731341 0 0 0 0 1
1685094221.902694464 0.6649050483089537 0.6455391470595253 0 0 0 0 1
