1685093681.234086275 -1.519191355518908e-20 1.6060263392890537e-19 0 0 0 0 1
1685093681.267419577 0.0008248792239400317 -0.00824764795661159 0 0 0 0 1
1685093681.300752878 0.0015333326242454582 -0.017608505081575444 0 0 0 0 1
1685093681.334086180 0.002079823966370458 -0.02808976274463635 0 0 0 0 1
1685093681.367419481 0.0025687160278065617 -0.03932862130799118 0 0 0 0 1
1685093681.400752783 0.0028775968557770448 -0.049667859803198044 0 0 0 0 1
1685093681.434086323 0.004202517877623307 -0.062080960107283194 0 0 0 0 1
1685093681.467419624 0.005808836253205007 -0.07508683773211014 0 0 0 0 1
1685093681.500752926 0.0066551536470306205 -0.08787519732561183 0 0 0 0 1
1685093681.534086227 0.007898489363506922 -0.10178912852540471 0 0 0 0 1
1685093681.567419529 0.009171864960677158 -0.11624785427292403 0 0 0 0 1
1685093681.600752831 0.010054184992628038 -0.13116531285708732 0 0 0 0 1
1685093681.634086132 0.012079163346362776 -0.14619562606836478 0 0 0 0 1
1685093681.667419434 0.014147748373523892 -0.1615983351115933 0 0 0 0 1
1685093681.700752974 0.015344552823936146 -0.17675204726159316 0 0 0 0 1
1685093681.734086275 0.017476667130322927 -0.1925794656234266 0 0 0 0 1
1685093681.767419577 0.019601049389730802 -0.20865745353933357 0 0 0 0 1
1685093681.800752878 0.021615413030620804 -0.22243083194879065 0 0 0 0 1
1685093681.834086180 0.025838842623491006 -0.23908651607794001 0 0 0 0 1
1685093681.867419481 0.030035576763955508 -0.2561696946994293 0 0 0 0 1
1685093681.900752783 0.03448573443028763 -0.27418798771433034 0 0 0 0 1
1685093681.934086323 0.039181581082825406 -0.29257158062124494 0 0 0 0 1
1685093681.967419624 0.0452042146823212 -0.31172503309901256 0 0 0 0 1
1685093682.000752926 0.04976332775810034 -0.33092007115648614 0 0 0 0 1
1685093682.034086227 0.054502614140251295 -0.3505746789470045 0 0 0 0 1
1685093682.067419529 0.05544640611163295 -0.3664226911139061 0 0 0 0 1
1685093682.100752831 0.05790508267103201 -0.38688262357170744 0 0 0 0 1
1685093682.134086132 0.06018259320712937 -0.40786765210723347 0 0 0 0 1
1685093682.167419434 0.06247344146998902 -0.4291721109592807 0 0 0 0 1
1685093682.200752974 0.06466686712707226 -0.4508621498354315 0 0 0 0 1
1685093682.234086275 0.06669717663235837 -0.4728679447067536 0 0 0 0 1
1685093682.267419577 0.06862380234058332 -0.4953971631443865 0 0 0 0 1
1685093682.300752878 0.07050165468382509 -0.5180844693081299 0 0 0 0 1
1685093682.334086180 0.0724748520486375 -0.5406001029194752 0 0 0 0 1
1685093682.367419481 0.07465800231331561 -0.5627321925221375 0 0 0 0 1
1685093682.400752783 0.07720734968650605 -0.584993307721917 0 0 0 0 1
1685093682.434086323 0.08019255310669038 -0.6073922707238224 0 0 0 0 1
1685093682.467419624 0.08336777561789677 -0.6300026665743175 0 0 0 0 1
1685093682.500752926 0.08662330729097827 -0.6528723789730753 0 0 0 0 1
1685093682.534086227 0.09013326900100559 -0.6766311576947248 0 0 0 0 1
1685093682.567419529 0.09441539482797695 -0.7070132350732341 0 0 0 0 1
1685093682.600752831 0.09767013444173812 -0.7312974785463392 0 0 0 0 1
1685093682.634086132 0.100835593489035 -0.755747256403196 0 0 0 0 1
1685093682.667419434 0.10383356350425545 -0.780634412566598 0 0 0 0 1
1685093682.700752974 0.10680964321516107 -0.8055776869800283 0 0 0 0 1
1685093682.734086275 0.10979077628982252 -0.8306385531358987 0 0 0 0 1
1685093682.767419577 0.11298035389405849 -0.8557137256774668 0 0 0 0 1
1685093682.800752878 0.11608508853191316 -0.8805474375856397 0 0 0 0 1
1685093682.834086180 0.11912191917679288 -0.9052965348962381 0 0 0 0 1
1685093682.867419481 0.12207327905008984 -0.9303044475168467 0 0 0 0 1
1685093682.900752783 0.12535508278139532 -0.9556820241639089 0 0 0 0 1
1685093682.934086323 0.12871610222211866 -0.9807758695079205 0 0 0 0 1
1685093682.967419624 0.13200690404102836 -1.0057580175369392 0 0 0 0 1
1685093683.000752926 0.1354133619012436 -1.0310275541385914 0 0 0 0 1
1685093683.034086227 0.13857907407319006 -1.0567114720562731 0 0 0 0 1
1685093683.067419529 0.14167341175133533 -1.0823396030662837 0 0 0 0 1
1685093683.100752831 0.14466931513247988 -1.1077802262045475 0 0 0 0 1
1685093683.134086132 0.14767015172879733 -1.1333821113352798 0 0 0 0 1
1685093683.167419434 0.1503474514525413 -1.1590208461843776 0 0 0 0 1
1685093683.200752974 0.15313600435867497 -1.1845840593745318 0 0 0 0 1
1685093683.234086275 0.155670730517652 -1.2089049091343504 0 0 0 0 1
1685093683.267419577 0.15844885636280887 -1.2333851112714775 0 0 0 0 1
1685093683.300752878 0.16129008538492648 -1.2577770964636361 0 0 0 0 1
1685093683.334086180 0.16408972392199805 -1.2821230656609734 0 0 0 0 1
1685093683.367419481 0.16708547093004775 -1.3063375869301281 0 0 0 0 1
1685093683.400752783 0.16980697978366197 -1.3302495899235822 0 0 0 0 1
1685093683.434086323 0.17246944477765275 -1.3541946379309113 0 0 0 0 1
1685093683.467419624 0.175097053025994 -1.3777077175117782 0 0 0 0 1
1685093683.500752926 0.17769327506362345 -1.4007358098844205 0 0 0 0 1
1685093683.534086227 0.1800881831246236 -1.4229911224554912 0 0 0 0 1
1685093683.567419529 0.18237089444103627 -1.4444677261960022 0 0 0 0 1
