1685094156.839385748 8.506561533341746e-21 -7.867474653969565e-21 0 0 0 0 1
1685094156.872719288 -0.0034023100650110477 -0.006907515420988197 0 0 0 0 1
1685094156.906052589 -0.0018071404337095984 -0.011179675429987995 0 0 0 0 1
1685094156.939385891 -0.005910017729465329 -0.02225228894442881 0 0 0 0 1
1685094156.972719193 -0.011157932180468557 -0.032337876417977626 0 0 0 0 1
1685094157.006052494 -0.0203878483530561 -0.04471443714677886 0 0 0 0 1
1685094157.039385796 -0.02600859996649344 -0.0505079932937048 0 0 0 0 1
1685094157.072719097 -0.031526854758560846 -0.05904729529469414 0 0 0 0 1
1685094157.106052399 -0.0395229551653582 -0.06981761786366394 0 0 0 0 1
1685094157.139385939 -0.04790546551671716 -0.081359175516712 0 0 0 0 1
1685094157.172719240 -0.055814933942558265 -0.0911895217076784 0 0 0 0 1
1685094157.206052542 -0.06481379994964603 -0.10195627632357053 0 0 0 0 1
1685094157.239385843 -0.07017960561234327 -0.11178887868183376 0 0 0 0 1
1685094157.272719145 -0.07540743399909855 -0.1260533540074697 0 0 0 0 1
1685094157.306052446 -0.08263514370270851 -0.13707652837929946 0 0 0 0 1
1685094157.339385748 -0.09097328621104135 -0.1497635222817266 0 0 0 0 1
1685094157.372719288 -0.0977271721564686 -0.16595137238130336 0 0 0 0 1
1685094157.406052589 -0.1070554757521942 -0.1787875161682639 0 0 0 0 1
1685094157.439385891 -0.11676889189387502 -0.1912598723012889 0 0 0 0 1
1685094157.472719193 -0.1228083995119676 -0.20377720997714532 0 0 0 0 1
1685094157.506052494 -0.1299802548980176 -0.21725315673971798 0 0 0 0 1
1685094157.539385796 -0.1375807955973623 -0.23046988560864357 0 0 0 0 1
1685094157.572719097 -0.14597934646414512 -0.2461388073656793 0 0 0 0 1
1685094157.606052399 -0.15468119225103116 -0.2615183124600384 0 0 0 0 1
1685094157.639385939 -0.16449002192928647 -0.27900036225629515 0 0 0 0 1
1685094157.672719240 -0.17289517303730134 -0.2954076561100515 0 0 0 0 1
1685094157.706052542 -0.17922410084007753 -0.30695733394017566 0 0 0 0 1
1685094157.739385843 -0.18632115430113264 -0.3243739629454094 0 0 0 0 1
1685094157.772719145 -0.19232240622737215 -0.33869014546725434 0 0 0 0 1
1685094157.806052446 -0.19638895759949088 -0.35680856527063665 0 0 0 0 1
1685094157.839385748 -0.19899388503712143 -0.3695250169815744 0 0 0 0 1
1685094157.872719288 -0.2090618086292643 -0.3775875884835093 0 0 0 0 1
1685094157.906052589 -0.22287223166821554 -0.3854622786442505 0 0 0 0 1
1685094157.939385891 -0.23855081079144053 -0.39494191390440675 0 0 0 0 1
1685094157.972719193 -0.2502420091439139 -0.4023510796041393 0 0 0 0 1
1685094158.006052494 -0.2544305824817923 -0.3988175064681514 0 0 0 0 1
1685094158.039385796 -0.25667780144208024 -0.4006554270179004 0 0 0 0 1
1685094158.072719097 -0.2697141077359335 -0.40799479953116236 0 0 0 0 1
1685094158.106052399 -0.2837260874966131 -0.4117872518241462 0 0 0 0 1
1685094158.139385939 -0.29573471611880947 -0.41850792198218684 0 0 0 0 1
1685094158.172719240 -0.31801887892455233 -0.4198824044368902 0 0 0 0 1
