1685094321.730365753 2.94042753990065e-21 -1.5697984017788053e-19 0 0 0 0 1
1685094321.763699055 -7.065392594123848e-06 -0.018200294044154 0 0 0 0 1
1685094321.797032595 -8.19149309125524e-06 -0.03631480363723896 0 0 0 0 1
1685094321.830365896 -0.00015536220389487847 -0.055686236492710366 0 0 0 0 1
1685094321.863699198 -4.988810652510969e-06 -0.07517151393921365 0 0 0 0 1
1685094321.897032499 0.0003552179712593344 -0.09507895991135062 0 0 0 0 1
1685094321.930365801 0.0006372117154953326 -0.11532403065793621 0 0 0 0 1
1685094321.963699102 0.0010106842649650794 -0.13606813084064776 0 0 0 0 1
1685094321.997032404 0.001888862354145776 -0.15726969873136804 0 0 0 0 1
1685094322.030365944 0.002999019092178791 -0.1789687958046998 0 0 0 0 1
1685094322.063699245 0.004205577139398849 -0.201257631787908 0 0 0 0 1
1685094322.097032547 0.0058897768309256965 -0.22356698617206197 0 0 0 0 1
1685094322.130365849 0.007301394596501934 -0.24709478149611286 0 0 0 0 1
1685094322.163699150 0.008647844450959634 -0.271125383529978 0 0 0 0 1
1685094322.197032452 0.009893902629992504 -0.29509161284940133 0 0 0 0 1
1685094322.230365753 0.011073993767784599 -0.3192205967011461 0 0 0 0 1
1685094322.263699055 0.01218531915367392 -0.3433488441348985 0 0 0 0 1
1685094322.297032595 0.013218182531302008 -0.3673054454877869 0 0 0 0 1
1685094322.330365896 0.013889887874005075 -0.39131571705292795 0 0 0 0 1
1685094322.363699198 0.014468932048125228 -0.4156218670239417 0 0 0 0 1
1685094322.397032499 0.014995513232274892 -0.44000720328070436 0 0 0 0 1
1685094322.430365801 0.015478526877893488 -0.4646744916203026 0 0 0 0 1
1685094322.463699102 0.015766216775241673 -0.4897877469516996 0 0 0 0 1
1685094322.497032404 0.015789550637615286 -0.514407946585142 0 0 0 0 1
1685094322.530365944 0.01629490576518832 -0.539817880597935 0 0 0 0 1
1685094322.563699245 0.016901914766834582 -0.5653093414503976 0 0 0 0 1
1685094322.597032547 0.017684849681035 -0.5914984407419523 0 0 0 0 1
1685094322.630365849 0.01843356360472271 -0.6172463721822663 0 0 0 0 1
1685094322.663699150 0.0196205301097414 -0.6436414402060561 0 0 0 0 1
1685094322.697032452 0.02076020520702894 -0.670121082364835 0 0 0 0 1
1685094322.730365753 0.022116911483774798 -0.6971903304053687 0 0 0 0 1
1685094322.763699055 0.02351247650555246 -0.7241850190974317 0 0 0 0 1
1685094322.797032595 0.02514020559279926 -0.7510846249897137 0 0 0 0 1
1685094322.830365896 0.026821021600950644 -0.7774588347911731 0 0 0 0 1
1685094322.863699198 0.028573857392971705 -0.8037409996591829 0 0 0 0 1
1685094322.897032499 0.030477619744367763 -0.8302183067330907 0 0 0 0 1
1685094322.930365801 0.03240413838739208 -0.8565860647742606 0 0 0 0 1
1685094322.963699102 0.034601149540285175 -0.8828779287547427 0 0 0 0 1
1685094322.997032404 0.03721088073009975 -0.9078154195771051 0 0 0 0 1
1685094323.030365944 0.04011863666246978 -0.9344519716709465 0 0 0 0 1
1685094323.063699245 0.04282355369470357 -0.9607685832593098 0 0 0 0 1
1685094323.097032547 0.04515241012642516 -0.9866360875801667 0 0 0 0 1
1685094323.130365849 0.04738765923613615 -1.0123066834529544 0 0 0 0 1
1685094323.163699150 0.04933583486094659 -1.0382353542748273 0 0 0 0 1
1685094323.197032452 0.05102327664906439 -1.064426587983835 0 0 0 0 1
1685094323.230365753 0.05332398106394665 -1.0911721143554096 0 0 0 0 1
1685094323.263699055 0.054469505846953224 -1.1176596719048741 0 0 0 0 1
1685094323.297032595 0.05535594218749673 -1.1443456878119194 0 0 0 0 1
1685094323.330365896 0.05608008639383269 -1.1710512820815224 0 0 0 0 1
1685094323.363699198 0.05698011667019046 -1.1974802110385243 0 0 0 0 1
1685094323.397032499 0.05784266739703563 -1.2231431031943256 0 0 0 0 1
1685094323.430365801 0.05911150422275064 -1.248791822484922 0 0 0 0 1
1685094323.463699102 0.06055473739602626 -1.2745545068562032 0 0 0 0 1
1685094323.497032404 0.06211937998885617 -1.3002552683792645 0 0 0 0 1
1685094323.530365944 0.06363639502401461 -1.3256795472098364 0 0 0 0 1
1685094323.563699245 0.06521695927142074 -1.351188741550838 0 0 0 0 1
1685094323.597032547 0.06650368825631268 -1.3768773660749387 0 0 0 0 1
1685094323.630365849 0.06794494257818258 -1.402788821719839 0 0 0 0 1
1685094323.663699150 0.06935000166349056 -1.4288445503212006 0 0 0 0 1
1685094323.697032452 0.07099680091712052 -1.4549257293209055 0 0 0 0 1
1685094323.730365753 0.07269247366500178 -1.4816312904776605 0 0 0 0 1
1685094323.763699055 0.07400099458001017 -1.5071039837349736 0 0 0 0 1
1685094323.797032595 0.07703841954799841 -1.5349779036695648 0 0 0 0 1
1685094323.830365896 0.08030556291632322 -1.5632363631194266 0 0 0 0 1
1685094323.863699198 0.07953321260150319 -1.588697456492091 0 0 0 0 1
1685094323.897032499 0.0791007628597931 -1.6182053972828072 0 0 0 0 1
1685094323.930365801 0.07927353671512652 -1.64727026602426 0 0 0 0 1
1685094323.963699102 0.07928688531490363 -1.675957026553036 0 0 0 0 1
1685094323.997032404 0.07935173664473665 -1.7047448177426274 0 0 0 0 1
1685094324.030365944 0.07933414736358699 -1.7336611135194089 0 0 0 0 1
1685094324.063699245 0.07889485351753608 -1.762414513682179 0 0 0 0 1
1685094324.097032547 0.07852545695912991 -1.7907204765200344 0 0 0 0 1
1685094324.130365849 0.07844670965052761 -1.818927058943596 0 0 0 0 1
1685094324.163699150 0.0786594807226641 -1.8473202583156736 0 0 0 0 1
1685094324.197032452 0.07891554590681801 -1.8759957782588832 0 0 0 0 1
1685094324.230365753 0.07854403782857088 -1.9041337107795524 0 0 0 0 1
1685094324.263699055 0.07863063257330877 -1.932986757759867 0 0 0 0 1
1685094324.297032595 0.07897041844685598 -1.9623834594279856 0 0 0 0 1
1685094324.330365896 0.07939918083172912 -1.9918867371602194 0 0 0 0 1
1685094324.363699198 0.07940734539921442 -2.0213179567748014 0 0 0 0 1
1685094324.397032499 0.07932955631998591 -2.0509519849206153 0 0 0 0 1
1685094324.430365801 0.07821534381259924 -2.0795445404231048 0 0 0 0 1
1685094324.463699102 0.0760643500585878 -2.109448504691847 0 0 0 0 1
1685094324.497032404 0.07336276558335875 -2.138108996111097 0 0 0 0 1
1685094324.530365944 0.06936082428561008 -2.1676203527449704 0 0 0 0 1
1685094324.563699245 0.06511119208785958 -2.1970543791835513 0 0 0 0 1
1685094324.597032547 0.060868130663687466 -2.2270355445743357 0 0 0 0 1
1685094324.630365849 0.056398975353780655 -2.254876697310448 0 0 0 0 1
1685094324.663699150 0.05140626938548677 -2.2849295179097746 0 0 0 0 1
1685094324.697032452 0.04598610175607245 -2.3136214883965445 0 0 0 0 1
1685094324.730365753 0.04130217876469531 -2.343122994166563 0 0 0 0 1
1685094324.763699055 0.036877180554765174 -2.372243374273154 0 0 0 0 1
1685094324.797032595 0.0324947437338131 -2.401289583691894 0 0 0 0 1
1685094324.830365896 0.027884655164000877 -2.42982619369019 0 0 0 0 1
1685094324.863699198 0.02149069712483518 -2.4570604541226513 0 0 0 0 1
1685094324.897032499 0.015951631318409785 -2.4861199011462105 0 0 0 0 1
1685094324.930365801 0.010382440299554303 -2.5154135966191182 0 0 0 0 1
1685094324.963699102 0.0048026909727183886 -2.544909205596448 0 0 0 0 1
1685094324.997032404 -0.000837469711108574 -2.5740967034448543 0 0 0 0 1
1685094325.030365944 -0.00625350191148946 -2.602982830259711 0 0 0 0 1
1685094325.063699245 -0.011146333192027158 -2.6316778785526753 0 0 0 0 1
1685094325.097032547 -0.015892875667849863 -2.6602498393726797 0 0 0 0 1
1685094325.130365849 -0.02100820996120115 -2.688325631058428 0 0 0 0 1
1685094325.163699150 -0.025892547361716953 -2.7160869697856826 0 0 0 0 1
1685094325.197032452 -0.030579601544529343 -2.7436402872112358 0 0 0 0 1
1685094325.230365753 -0.035299263251918594 -2.7704974165817124 0 0 0 0 1
1685094325.263699055 -0.03996845350713718 -2.79682431843138 0 0 0 0 1
1685094325.297032595 -0.04474863144281911 -2.8228690783869195 0 0 0 0 1
1685094325.330365896 -0.04971830721298484 -2.8486677773146654 0 0 0 0 1
1685094325.363699198 -0.054715092649843255 -2.8723568428942845 0 0 0 0 1
1685094325.397032499 -0.0579942624364959 -2.8982757811442137 0 0 0 0 1
