1685094142.411656618 9.338388132556398e-19 -3.8069897715920835e-18 0 0 0 0 1
1685094142.444989920 0.00015878452440857456 -0.0182800002243926 0 0 0 0 1
1685094142.478323221 0.00028116375557874027 -0.037365862729507905 0 0 0 0 1
1685094142.511656523 0.000464281041935294 -0.05697692438411424 0 0 0 0 1
1685094142.544989824 0.0005517648909114768 -0.07717307618718035 0 0 0 0 1
1685094142.578323126 0.0005698608871354967 -0.09770030182765353 0 0 0 0 1
1685094142.611656427 0.0007123174441847758 -0.11864523918517282 0 0 0 0 1
1685094142.644989729 0.0009477538250494985 -0.14006156057312402 0 0 0 0 1
1685094142.678323269 0.0011240902618147612 -0.16197241414058866 0 0 0 0 1
1685094142.711656570 0.0013150260449364118 -0.18398310126016357 0 0 0 0 1
1685094142.744989872 0.0015762287206802041 -0.2061363892341529 0 0 0 0 1
1685094142.778323174 0.0018455629882001693 -0.2284225210169345 0 0 0 0 1
1685094142.811656475 0.0023742525411053254 -0.2512434986355401 0 0 0 0 1
1685094142.844989777 0.0030529929466809958 -0.27447483850716164 0 0 0 0 1
1685094142.878323078 0.0038349113115574954 -0.2977412218999866 0 0 0 0 1
1685094142.911656618 0.004493737994185847 -0.32083655577492376 0 0 0 0 1
1685094142.944989920 0.005300050618230409 -0.343768406777824 0 0 0 0 1
1685094142.978323221 0.006129905052145815 -0.36686965584656966 0 0 0 0 1
1685094143.011656523 0.006709598405117793 -0.3902807439114224 0 0 0 0 1
1685094143.044989824 0.007248708683635774 -0.4140001455544611 0 0 0 0 1
1685094143.078323126 0.008360815984315755 -0.4376849672190994 0 0 0 0 1
1685094143.111656427 0.01144336566332038 -0.4593159515627066 0 0 0 0 1
1685094143.144989729 0.015291143823641074 -0.4838005437638972 0 0 0 0 1
1685094143.178323269 0.01877800618248391 -0.5086932298010047 0 0 0 0 1
1685094143.211656570 0.021457652564249037 -0.5336099204266948 0 0 0 0 1
1685094143.244989872 0.02436734323615177 -0.5584426552517473 0 0 0 0 1
1685094143.278323174 0.02727411508303188 -0.5832465289916807 0 0 0 0 1
1685094143.311656475 0.030557318170884067 -0.6074397159215578 0 0 0 0 1
1685094143.344989777 0.0329565142853097 -0.6320388360163752 0 0 0 0 1
1685094143.378323078 0.03542760660942932 -0.6564199707295901 0 0 0 0 1
1685094143.411656618 0.038003234075967576 -0.680505943832905 0 0 0 0 1
1685094143.444989920 0.04075217923522419 -0.7045754089631677 0 0 0 0 1
1685094143.478323221 0.04352095451396542 -0.7290033131731364 0 0 0 0 1
1685094143.511656523 0.04695676393626388 -0.7544449816992151 0 0 0 0 1
1685094143.544989824 0.050394626169061374 -0.7790437778292796 0 0 0 0 1
1685094143.578323126 0.05417245676778617 -0.8038611071636982 0 0 0 0 1
1685094143.611656427 0.059145257938633004 -0.835428303637717 0 0 0 0 1
1685094143.644989729 0.06304058304679978 -0.8609498427973626 0 0 0 0 1
1685094143.678323269 0.06656309641707464 -0.8864822079890587 0 0 0 0 1
1685094143.711656570 0.06996547905803088 -0.9124915925000002 0 0 0 0 1
1685094143.744989872 0.07414491983122659 -0.9453468855458192 0 0 0 0 1
1685094143.778323174 0.07836274356167612 -0.9781182792021414 0 0 0 0 1
1685094143.811656475 0.08190473124429809 -1.004223886040952 0 0 0 0 1
1685094143.844989777 0.08550839493757814 -1.0303966829195066 0 0 0 0 1
1685094143.878323078 0.08901394376124193 -1.0566744864222137 0 0 0 0 1
1685094143.911656618 0.09268125961612655 -1.0829414736402982 0 0 0 0 1
1685094143.944989920 0.09638648822677291 -1.1090332317576215 0 0 0 0 1
1685094143.978323221 0.10002325404554063 -1.1351099522529529 0 0 0 0 1
1685094144.011656523 0.10398272662595955 -1.1613271470550055 0 0 0 0 1
1685094144.044989824 0.10807866137760506 -1.1875757456840625 0 0 0 0 1
1685094144.078323126 0.11202204216219985 -1.2135865984415986 0 0 0 0 1
1685094144.111656427 0.11594013220659953 -1.2396275214684964 0 0 0 0 1
1685094144.144989729 0.12076581614130955 -1.2653492448314227 0 0 0 0 1
1685094144.178323269 0.1252261053881414 -1.2916439951795993 0 0 0 0 1
1685094144.211656570 0.13015881871783788 -1.3173750659836467 0 0 0 0 1
1685094144.244989872 0.13595281287345215 -1.3433066657742783 0 0 0 0 1
1685094144.278323174 0.1418373505916276 -1.3693599007668447 0 0 0 0 1
1685094144.311656475 0.14782812435067377 -1.3956082155945178 0 0 0 0 1
1685094144.344989777 0.15540090611755744 -1.4287986339162122 0 0 0 0 1
1685094144.378323078 0.16148664523412015 -1.4556073989452012 0 0 0 0 1
1685094144.411656618 0.16761423228459454 -1.4826070732636294 0 0 0 0 1
1685094144.444989920 0.1739926437504474 -1.510028141156927 0 0 0 0 1
1685094144.478323221 0.18031444425531262 -1.5376419286075131 0 0 0 0 1
1685094144.511656523 0.18641073021016272 -1.5651305750341329 0 0 0 0 1
1685094144.544989824 0.19238621353201443 -1.5930675352370542 0 0 0 0 1
1685094144.578323126 0.19841188310255745 -1.6212616088688856 0 0 0 0 1
1685094144.611656427 0.2043427294233138 -1.6497776682243166 0 0 0 0 1
1685094144.644989729 0.20947875492105666 -1.6768443753541582 0 0 0 0 1
1685094144.678323269 0.21535968334877434 -1.70515708239944 0 0 0 0 1
1685094144.711656570 0.22106792099636496 -1.7336386432562694 0 0 0 0 1
1685094144.744989872 0.22704319957350075 -1.7619700695536789 0 0 0 0 1
1685094144.778323174 0.23280646989796477 -1.7904216991918833 0 0 0 0 1
1685094144.811656475 0.23845066099253157 -1.8190309357961127 0 0 0 0 1
1685094144.844989777 0.24332249327142622 -1.846150176765903 0 0 0 0 1
1685094144.878323078 0.24858921327668693 -1.874753431367574 0 0 0 0 1
1685094144.911656618 0.2545710761049731 -1.9010964507430324 0 0 0 0 1
1685094144.944989920 0.26187022744787386 -1.9296348294836934 0 0 0 0 1
1685094144.978323221 0.26945194086089375 -1.9584237788665135 0 0 0 0 1
1685094145.011656523 0.27727998967417017 -1.9872769280166434 0 0 0 0 1
1685094145.044989824 0.2836555268356716 -2.0159601429196474 0 0 0 0 1
1685094145.078323126 0.2908354290404461 -2.045404567846133 0 0 0 0 1
1685094145.111656427 0.29791136988423395 -2.0749497063520725 0 0 0 0 1
1685094145.144989729 0.305153709966937 -2.1047327106971636 0 0 0 0 1
1685094145.178323269 0.31184997154847904 -2.1343933498406553 0 0 0 0 1
1685094145.211656570 0.31861071138210084 -2.1643033313421003 0 0 0 0 1
1685094145.244989872 0.3253077992755863 -2.193805582941037 0 0 0 0 1
1685094145.278323174 0.3315039807236443 -2.222925286519538 0 0 0 0 1
1685094145.311656475 0.3375646952634481 -2.2522945025337653 0 0 0 0 1
1685094145.344989777 0.3436258911639608 -2.28197069762976 0 0 0 0 1
1685094145.378323078 0.3498134627912344 -2.3116435131510675 0 0 0 0 1
1685094145.411656618 0.35592264369482124 -2.3407748481263253 0 0 0 0 1
1685094145.444989920 0.36519960788426115 -2.3598259656967935 0 0 0 0 1
1685094145.478323221 0.3792624334752983 -2.386266931318012 0 0 0 0 1
1685094145.511656523 0.3934555517572203 -2.412306554521377 0 0 0 0 1
1685094145.544989824 0.4076141875098386 -2.438266571294622 0 0 0 0 1
1685094145.578323126 0.42196688062413745 -2.4601663626483607 0 0 0 0 1
1685094145.611656427 0.4384055119173969 -2.4850060417066704 0 0 0 0 1
1685094145.644989729 0.4578264217339607 -2.5057545784427617 0 0 0 0 1
1685094145.678323269 0.4777939961749702 -2.5273570051660466 0 0 0 0 1
1685094145.711656570 0.49803218040742514 -2.5490584699817567 0 0 0 0 1
1685094145.744989872 0.5185576257468576 -2.570745017192698 0 0 0 0 1
1685094145.778323174 0.5386598799628697 -2.592078176109119 0 0 0 0 1
1685094145.811656475 0.5586296656328374 -2.6130712157574574 0 0 0 0 1
1685094145.844989777 0.5786848869338076 -2.633866358573545 0 0 0 0 1
1685094145.878323078 0.5985919608632102 -2.6543892851411357 0 0 0 0 1
1685094145.911656618 0.6185447702625178 -2.67466546596913 0 0 0 0 1
1685094145.944989920 0.6381967202898073 -2.694839813500695 0 0 0 0 1
1685094145.978323221 0.6543333031370311 -2.7106623726369485 0 0 0 0 1
1685094146.011656523 0.6755380672753064 -2.727271421834482 0 0 0 0 1
