1685094260.105003357 -1.062738661259545e-17 1.4243197205429265e-16 0 0 0 0 1
1685094260.138336658 0.0004623022022037029 -0.016255206872063437 0 0 0 0 1
1685094260.171669960 0.0011108890767097584 -0.03344808103671321 0 0 0 0 1
1685094260.205003500 0.0018821613773472258 -0.050750298513320025 0 0 0 0 1
1685094260.238336802 0.003095869072757779 -0.06842184887589364 0 0 0 0 1
1685094260.271670103 0.004184665390677301 -0.08682899183361434 0 0 0 0 1
1685094260.305003405 0.005282043939920607 -0.10562512263378661 0 0 0 0 1
1685094260.338336706 0.006380025523359083 -0.12469229683140144 0 0 0 0 1
1685094260.371670008 0.00716457399772953 -0.14431044475048266 0 0 0 0 1
1685094260.405003309 0.007895256579898141 -0.16414742823291373 0 0 0 0 1
1685094260.438336611 0.00840346140731962 -0.18433422351215767 0 0 0 0 1
1685094260.471670151 0.008628969101154614 -0.2055349896917889 0 0 0 0 1
1685094260.505003452 0.008696547736695563 -0.22704477821586638 0 0 0 0 1
1685094260.538336754 0.008665426412897826 -0.24848100471465362 0 0 0 0 1
1685094260.571670055 0.008520065027983222 -0.2703525969011438 0 0 0 0 1
1685094260.605003357 0.008353603692920786 -0.2931020833358782 0 0 0 0 1
1685094260.638336658 0.00805295652972941 -0.3165639998532579 0 0 0 0 1
1685094260.671669960 0.007859593973558263 -0.3403582531324244 0 0 0 0 1
1685094260.705003500 0.007882761498333833 -0.36414519664122436 0 0 0 0 1
1685094260.738336802 0.008216029550448324 -0.3881678907975534 0 0 0 0 1
1685094260.771670103 0.008746190103008446 -0.4125588997016212 0 0 0 0 1
1685094260.805003405 0.009319691987678735 -0.4374213132078778 0 0 0 0 1
1685094260.838336706 0.010110120953940501 -0.4624888577989133 0 0 0 0 1
1685094260.871670008 0.010842961231687456 -0.4871452271780414 0 0 0 0 1
1685094260.905003309 0.011795687579392564 -0.5119086978217199 0 0 0 0 1
1685094260.938336611 0.012895849626491701 -0.537097034158564 0 0 0 0 1
1685094260.971670151 0.013964810538436302 -0.5629988216980135 0 0 0 0 1
1685094261.005003452 0.015192745951630749 -0.5883951081107239 0 0 0 0 1
1685094261.038336754 0.016544308650382648 -0.613347818790513 0 0 0 0 1
1685094261.071670055 0.01803884012131162 -0.6385989823170406 0 0 0 0 1
1685094261.105003357 0.01979623907332619 -0.6642983930857652 0 0 0 0 1
1685094261.138336658 0.020881642214911532 -0.6902033766008381 0 0 0 0 1
1685094261.171669960 0.021740212120059825 -0.7164082619641193 0 0 0 0 1
1685094261.205003500 0.02239488588637228 -0.7429518690505897 0 0 0 0 1
1685094261.238336802 0.023035213797022388 -0.7694969798100184 0 0 0 0 1
1685094261.271670103 0.023325251921946833 -0.7964282869668625 0 0 0 0 1
1685094261.305003405 0.02489349137850712 -0.8231040665380133 0 0 0 0 1
1685094261.338336706 0.026548358599688706 -0.8498372256797123 0 0 0 0 1
1685094261.371670008 0.0282328699176691 -0.8766345880315671 0 0 0 0 1
1685094261.405003309 0.0298668234293126 -0.9036012571867788 0 0 0 0 1
1685094261.438336611 0.031607809576904386 -0.9304605215754715 0 0 0 0 1
1685094261.471670151 0.03336259998816212 -0.9571631464340674 0 0 0 0 1
1685094261.505003452 0.034905670124348635 -0.9843816836768522 0 0 0 0 1
1685094261.538336754 0.036606444569054646 -1.0121786227964358 0 0 0 0 1
1685094261.571670055 0.038128076917512875 -1.0397370514938398 0 0 0 0 1
1685094261.605003357 0.03942095078180152 -1.0670689103957616 0 0 0 0 1
1685094261.638336658 0.04088539930547262 -1.0945256058339925 0 0 0 0 1
1685094261.671669960 0.04238982969475225 -1.1220592031442216 0 0 0 0 1
1685094261.705003500 0.04358027581752549 -1.1495013133114809 0 0 0 0 1
1685094261.738336802 0.04472004656413935 -1.1836519777989192 0 0 0 0 1
1685094261.771670103 0.04554849034329472 -1.2109377664282226 0 0 0 0 1
1685094261.805003405 0.04714902752462893 -1.238257547968236 0 0 0 0 1
1685094261.838336706 0.04821645363403581 -1.2655944422834355 0 0 0 0 1
1685094261.871670008 0.04930612115228372 -1.2924909075473667 0 0 0 0 1
1685094261.905003309 0.05051081773914903 -1.3191111195517424 0 0 0 0 1
1685094261.938336611 0.051963302818218794 -1.3458389983320382 0 0 0 0 1
1685094261.971670151 0.05310258955805297 -1.3725230320259338 0 0 0 0 1
1685094262.005003452 0.05400321165998282 -1.3990695949957266 0 0 0 0 1
1685094262.038336754 0.055198064659223084 -1.4323241275970067 0 0 0 0 1
1685094262.071670055 0.05619812170588289 -1.458942283389829 0 0 0 0 1
1685094262.105003357 0.057091903656183454 -1.4852544841359183 0 0 0 0 1
1685094262.138336658 0.057923475925516346 -1.511416241995042 0 0 0 0 1
1685094262.171669960 0.05861239147419606 -1.537025916087409 0 0 0 0 1
1685094262.205003500 0.059337550140660535 -1.562365388977372 0 0 0 0 1
1685094262.238336802 0.06028597163772263 -1.5875514682351672 0 0 0 0 1
1685094262.271670103 0.061987436885597616 -1.6106294487908606 0 0 0 0 1
1685094262.305003405 0.06535840544147853 -1.6351144045324293 0 0 0 0 1
1685094262.338336706 0.06886405629544996 -1.6596096908648776 0 0 0 0 1
1685094262.371670008 0.07290221111869918 -1.6845865384524636 0 0 0 0 1
1685094262.405003309 0.07729029724433586 -1.7098435391121949 0 0 0 0 1
1685094262.438336611 0.08177562158544086 -1.7352554759875385 0 0 0 0 1
1685094262.471670151 0.08683833759380533 -1.7612813312501818 0 0 0 0 1
1685094262.505003452 0.09148118210798145 -1.7872954086137869 0 0 0 0 1
1685094262.538336754 0.09536053067485607 -1.8135087436217552 0 0 0 0 1
1685094262.571670055 0.09988252994200235 -1.8404020260780192 0 0 0 0 1
1685094262.605003357 0.10431143105222136 -1.8675667889399765 0 0 0 0 1
1685094262.638336658 0.1083380309563314 -1.894090877168236 0 0 0 0 1
1685094262.671669960 0.11266404304543802 -1.9221638135771817 0 0 0 0 1
1685094262.705003500 0.11699235043676783 -1.9499686473071762 0 0 0 0 1
1685094262.738336802 0.121118468099678 -1.977315373928914 0 0 0 0 1
1685094262.771670103 0.12481375106148637 -2.004552929006613 0 0 0 0 1
1685094262.805003405 0.1294529214876561 -2.0320863493463275 0 0 0 0 1
1685094262.838336706 0.134228624318051 -2.0598925873775604 0 0 0 0 1
1685094262.871670008 0.138705420495923 -2.087611219699422 0 0 0 0 1
1685094262.905003309 0.1447720829145775 -2.115828212297094 0 0 0 0 1
1685094262.938336611 0.15125776018753637 -2.143332106043692 0 0 0 0 1
1685094262.971670151 0.15813302956523603 -2.171806150572005 0 0 0 0 1
1685094263.005003452 0.16492979555548237 -2.200169242548946 0 0 0 0 1
1685094263.038336754 0.17188300237033788 -2.2284747602007426 0 0 0 0 1
1685094263.071670055 0.1790833848846876 -2.2570261280416015 0 0 0 0 1
1685094263.105003357 0.18599469080140818 -2.285469274700704 0 0 0 0 1
1685094263.138336658 0.19367828766213124 -2.313226220273907 0 0 0 0 1
1685094263.171669960 0.20112593570096543 -2.3414435472786765 0 0 0 0 1
1685094263.205003500 0.2106140620517161 -2.377748653398901 0 0 0 0 1
1685094263.238336802 0.21757336106839878 -2.4065167119034765 0 0 0 0 1
1685094263.271670103 0.22404619375901075 -2.4350107157594634 0 0 0 0 1
1685094263.305003405 0.23033694634929808 -2.4637319182110984 0 0 0 0 1
1685094263.338336706 0.23647463143742295 -2.4923199260045625 0 0 0 0 1
1685094263.371670008 0.24248349649744055 -2.521040199619339 0 0 0 0 1
1685094263.405003309 0.2485940140088483 -2.5492119101891078 0 0 0 0 1
1685094263.438336611 0.2554771685989679 -2.5776847748307237 0 0 0 0 1
1685094263.471670151 0.2624206960207589 -2.606284169627816 0 0 0 0 1
1685094263.505003452 0.26938315863082396 -2.634239372574845 0 0 0 0 1
1685094263.538336754 0.27614169225902235 -2.6617895389556323 0 0 0 0 1
1685094263.571670055 0.28334699591447915 -2.6890089735810396 0 0 0 0 1
1685094263.605003357 0.2906953447866484 -2.7161262833981135 0 0 0 0 1
1685094263.638336658 0.2977483096291239 -2.7430911890964476 0 0 0 0 1
1685094263.671669960 0.30410203009373243 -2.768951328347314 0 0 0 0 1
1685094263.705003500 0.31078810789081285 -2.79386880741292 0 0 0 0 1
1685094263.738336802 0.31832229575469473 -2.820278878828711 0 0 0 0 1
1685094263.771670103 0.32588263017946834 -2.8463004847881437 0 0 0 0 1
1685094263.805003405 0.33325861890464836 -2.8717240208735095 0 0 0 0 1
1685094263.838336706 0.34067554676856016 -2.8968336899683775 0 0 0 0 1
