1685093625.503179789 -3.206721775409033e-21 2.952442162104676e-20 0 0 0 0 1
1685093625.536513090 -6.998123329956259e-05 -0.02182358766593358 0 0 0 0 1
1685093625.569846630 -0.00019300138651603613 -0.04364694080030789 0 0 0 0 1
1685093625.603179932 -0.00017378731564702 -0.06752935849403628 0 0 0 0 1
1685093625.636513233 -0.0004439650776916007 -0.09040122730512837 0 0 0 0 1
1685093625.669846535 -0.0004384496337727165 -0.1123141343415852 0 0 0 0 1
1685093625.703179836 -0.00013106416157699806 -0.13568677535610094 0 0 0 0 1
1685093625.736513138 0.0005202736660635384 -0.15971146952528126 0 0 0 0 1
1685093625.769846439 0.0012619457217871823 -0.18373354465317396 0 0 0 0 1
1685093625.803179979 0.0024546630013272293 -0.20327334631378308 0 0 0 0 1
1685093625.836513281 -0.011583434196088477 -0.21382692742647655 0 0 0 0 1
1685093625.869846582 0.012918524173859787 -0.21197646717317195 0 0 0 0 1
1685093625.903179884 0.015032061782602867 -0.2059506187400192 0 0 0 0 1
1685093625.936513186 0.017548010444520572 -0.20008138600536846 0 0 0 0 1
1685093625.969846487 0.04337277065009574 -0.20134945630789858 0 0 0 0 1
1685093626.003179789 0.06958056033078903 -0.20297977848862944 0 0 0 0 1
1685093626.036513090 0.09578237102892094 -0.20470352629492194 0 0 0 0 1
1685093626.069846630 0.12294527198423916 -0.20624982075968334 0 0 0 0 1
1685093626.103179932 0.1360968255144766 -0.19271673366548606 0 0 0 0 1
1685093626.136513233 0.1502833347850724 -0.20516063824857936 0 0 0 0 1
1685093626.169846535 0.12299105049363901 -0.2062530136358537 0 0 0 0 1
1685093626.203179836 0.09919314543463019 -0.20567278082977744 0 0 0 0 1
1685093626.236513138 0.07775666646656577 -0.21159707522818788 0 0 0 0 1
1685093626.269846439 0.08842908590966686 -0.2151274152189668 0 0 0 0 1
1685093626.303179979 0.09007112500600362 -0.2104462003173355 0 0 0 0 1
1685093626.336513281 0.09221912658958688 -0.20597449431782283 0 0 0 0 1
1685093626.369846582 0.0948469156575612 -0.20176678829632036 0 0 0 0 1
1685093626.403179884 0.10569214137058713 -0.20314089859584414 0 0 0 0 1
1685093626.436513186 0.129777811346879 -0.1894436400399068 0 0 0 0 1
1685093626.469846487 0.12173239245977058 -0.1766131810435612 0 0 0 0 1
1685093626.503179789 0.10905518586028543 -0.18489797892642573 0 0 0 0 1
1685093626.536513090 0.08566668588095805 -0.17807907691479719 0 0 0 0 1
1685093626.569846630 0.07948009628921415 -0.15980692126559315 0 0 0 0 1
1685093626.603179932 0.07045057508341414 -0.14275953701933938 0 0 0 0 1
1685093626.636513233 0.054930009761684946 -0.12033118772031869 0 0 0 0 1
