1685094205.270433903 -7.879651424070156e-19 9.084609212979255e-19 0 0 0 0 1
1685094205.303767204 -9.636653396981967e-05 -0.01348908611084886 0 0 0 0 1
1685094205.337100506 -0.0005059089348925771 -0.02745239170480003 0 0 0 0 1
1685094205.370433807 -0.0011199356471681718 -0.041805981102425116 0 0 0 0 1
1685094205.403767109 0.0012094843530707354 -0.05297375879289298 0 0 0 0 1
1685094205.437100410 0.0015835971085043552 -0.0670071751163432 0 0 0 0 1
1685094205.470433950 0.000580183092757912 -0.0816553572671014 0 0 0 0 1
1685094205.503767252 -0.0001281545106863956 -0.09770700943446685 0 0 0 0 1
1685094205.537100554 0.0006240241341345226 -0.11057673903212697 0 0 0 0 1
1685094205.570433855 0.0010677268469882245 -0.12706744265837114 0 0 0 0 1
1685094205.603767157 0.0016761057569974537 -0.14372813344441931 0 0 0 0 1
1685094205.637100458 0.0024363135449546533 -0.16102060973658594 0 0 0 0 1
1685094205.670433760 0.003457372446496035 -0.17920977846016012 0 0 0 0 1
1685094205.703767300 0.0047076298895598985 -0.1983313506804776 0 0 0 0 1
1685094205.737100601 0.00621507600348669 -0.21833511744590461 0 0 0 0 1
1685094205.770433903 0.0078106986389382405 -0.23908916116691123 0 0 0 0 1
1685094205.803767204 0.009477226883996529 -0.26025302403137296 0 0 0 0 1
1685094205.837100506 0.011089446578914626 -0.2817977160162467 0 0 0 0 1
1685094205.870433807 0.012409711596735856 -0.3025207530242048 0 0 0 0 1
1685094205.903767109 0.012172731818572476 -0.3246117922651745 0 0 0 0 1
1685094205.937100410 0.011295514149260812 -0.3470406960407146 0 0 0 0 1
1685094205.970433950 -0.02167015857962379 -0.3813118829952277 0 0 0 0 1
1685094206.003767252 -0.04356269548759601 -0.38736449228547315 0 0 0 0 1
1685094206.037100554 -0.05910217639893623 -0.38623468506942543 0 0 0 0 1
1685094206.070433855 -0.07376870547009909 -0.3809768474583844 0 0 0 0 1
1685094206.103767157 -0.09636652721753078 -0.37434612715729476 0 0 0 0 1
1685094206.137100458 -0.11916606118502679 -0.36788933320520933 0 0 0 0 1
1685094206.170433760 -0.14214358338395763 -0.36149874258481285 0 0 0 0 1
1685094206.203767300 -0.16564917523560527 -0.3551848367627045 0 0 0 0 1
1685094206.237100601 -0.19003788905495153 -0.3488150657767382 0 0 0 0 1
1685094206.270433903 -0.21472012064218876 -0.3422360004295634 0 0 0 0 1
1685094206.303767204 -0.23944189418683964 -0.3356398029650167 0 0 0 0 1
1685094206.337100506 -0.26419295962220757 -0.32915438331796004 0 0 0 0 1
1685094206.370433807 -0.2900287106526232 -0.3222411882830253 0 0 0 0 1
1685094206.403767109 -0.3157860259070535 -0.31543934674886487 0 0 0 0 1
1685094206.437100410 -0.33479202353304693 -0.307345435388724 0 0 0 0 1
1685094206.470433950 -0.35283709904567273 -0.2972898599895377 0 0 0 0 1
1685094206.503767252 -0.37343918827093014 -0.287279400400459 0 0 0 0 1
1685094206.537100554 -0.39402479458766065 -0.26975769236070096 0 0 0 0 1
1685094206.570433855 -0.414833792782701 -0.25214866025907146 0 0 0 0 1
1685094206.603767157 -0.43571072199195365 -0.2346202192494075 0 0 0 0 1
1685094206.637100458 -0.4568923038110517 -0.21696090285635908 0 0 0 0 1
1685094206.670433760 -0.47831456728287197 -0.199152388970797 0 0 0 0 1
1685094206.703767300 -0.49983500275798814 -0.18112027886417903 0 0 0 0 1
1685094206.737100601 -0.521265554623093 -0.16298143698568837 0 0 0 0 1
1685094206.770433903 -0.5426056935417374 -0.14473631136625803 0 0 0 0 1
1685094206.803767204 -0.5638548924106799 -0.12638535266203854 0 0 0 0 1
1685094206.837100506 -0.5850126263729059 -0.10792901414326665 0 0 0 0 1
1685094206.870433807 -0.6060783728305917 -0.0893677516830693 0 0 0 0 1
1685094206.903767109 -0.6261188608312312 -0.0655129493479691 0 0 0 0 1
1685094206.937100410 -0.6447695827751873 -0.04055652082304337 0 0 0 0 1
1685094206.970433950 -0.6619701093581871 -0.014579326228206983 0 0 0 0 1
1685094207.003767252 -0.6800241149364619 0.00691746790634651 0 0 0 0 1
1685094207.037100554 -0.6983352375493974 0.028195674224967365 0 0 0 0 1
1685094207.070433855 -0.7169008308857223 0.04925221761541873 0 0 0 0 1
1685094207.103767157 -0.7357182118582255 0.07008405500004306 0 0 0 0 1
1685094207.137100458 -0.755017633427817 0.09138767209233968 0 0 0 0 1
1685094207.170433760 -0.7743526859075739 0.11265895601553191 0 0 0 0 1
1685094207.203767300 -0.7937233151284011 0.1338978471759774 0 0 0 0 1
1685094207.237100601 -0.8131294668215316 0.15510428607078525 0 0 0 0 1
1685094207.270433903 -0.8323961698415477 0.17697253761539583 0 0 0 0 1
1685094207.303767204 -0.8515397460166773 0.19894865560986605 0 0 0 0 1
1685094207.337100506 -0.8705595914574182 0.22103194681136482 0 0 0 0 1
1685094207.370433807 -0.8894551061773898 0.24322171459625166 0 0 0 0 1
1685094207.403767109 -0.9082256941122586 0.26551725898205275 0 0 0 0 1
1685094207.437100410 -0.9276434565246242 0.29288004212609403 0 0 0 0 1
1685094207.470433950 -0.9311678992032836 0.32624693743110794 0 0 0 0 1
1685094207.503767252 -0.9226221507673142 0.3536876291059404 0 0 0 0 1
1685094207.537100554 -0.9141795418918726 0.38116022875177685 0 0 0 0 1
1685094207.570433855 -0.9058401917095897 0.40866434870609203 0 0 0 0 1
1685094207.603767157 -0.8974478169429345 0.43604389193041615 0 0 0 0 1
1685094207.637100458 -0.8891207516969293 0.4634433686733285 0 0 0 0 1
1685094207.670433760 -0.8808256918077964 0.49095343196141483 0 0 0 0 1
1685094207.703767300 -0.8727659893572326 0.5185333666438465 0 0 0 0 1
1685094207.737100601 -0.8649422327570992 0.5461811592020362 0 0 0 0 1
1685094207.770433903 -0.8573549931936416 0.5738947911633207 0 0 0 0 1
1685094207.803767204 -0.8500048245857889 0.6016722392483221 0 0 0 0 1
1685094207.837100506 -0.8423677503737057 0.6297257898792745 0 0 0 0 1
1685094207.870433807 -0.8347710950125727 0.6577903125520093 0 0 0 0 1
1685094207.903767109 -0.827214874265598 0.685865749032094 0 0 0 0 1
1685094207.937100410 -0.8196914339574906 0.7136475239030721 0 0 0 0 1
1685094207.970433950 -0.8121040654055507 0.7414119076979343 0 0 0 0 1
1685094208.003767252 -0.8028828652195658 0.7684106684512011 0 0 0 0 1
1685094208.037100554 -0.7992320560965714 0.7967061664646592 0 0 0 0 1
1685094208.070433855 -0.7950450437042382 0.8125807498535923 0 0 0 0 1
1685094208.103767157 -0.7889467976724979 0.8381809159718955 0 0 0 0 1
1685094208.137100458 -0.7830715653128578 0.8634342591592024 0 0 0 0 1
1685094208.170433760 -0.7771682584296307 0.8885814857132583 0 0 0 0 1
1685094208.203767300 -0.7714657198243673 0.9134364756504326 0 0 0 0 1
1685094208.237100601 -0.7657154115611451 0.9379376330450453 0 0 0 0 1
1685094208.270433903 -0.7600389472255069 0.9624560039420667 0 0 0 0 1
