1685094333.556195259 -2.2770830523699577e-19 -8.240018412331574e-20 0 0 0 0 1
1685094333.589528561 0.00022838482239547918 -0.014075801758285185 0 0 0 0 1
1685094333.622861862 0.0004314689658871876 -0.02901166349555636 0 0 0 0 1
1685094333.656195164 0.00046590932084134164 -0.04490337712313175 0 0 0 0 1
1685094333.689528465 0.0002973191015533468 -0.06169325718916513 0 0 0 0 1
1685094333.722861767 9.251316836424731e-05 -0.07926005360476879 0 0 0 0 1
1685094333.756195068 -5.540561157489787e-05 -0.09723244997097957 0 0 0 0 1
1685094333.789528608 -0.00016346215773000748 -0.11567498540568842 0 0 0 0 1
1685094333.822861910 -0.00013122617262655703 -0.13453436043454398 0 0 0 0 1
1685094333.856195211 -0.00011389818903511396 -0.15390479769873952 0 0 0 0 1
1685094333.889528513 0.0014529320913963073 -0.17243802312721707 0 0 0 0 1
1685094333.922861814 0.004881353386058986 -0.19601666396832734 0 0 0 0 1
1685094333.956195116 0.005970452072486316 -0.2173630099873068 0 0 0 0 1
1685094333.989528418 0.007101891929141137 -0.23922169535818724 0 0 0 0 1
1685094334.022861958 0.007933441197906515 -0.2613113131360743 0 0 0 0 1
1685094334.056195259 0.008885424423528387 -0.2839437896703187 0 0 0 0 1
1685094334.089528561 0.009602710111755825 -0.3068360856433503 0 0 0 0 1
1685094334.122861862 0.010582341278275148 -0.32973524431291723 0 0 0 0 1
1685094334.156195164 0.013341308807604372 -0.32319622812254584 0 0 0 0 1
1685094334.189528465 -0.00807295788264789 -0.3132693610711484 0 0 0 0 1
1685094334.222861767 -0.029527831256686527 -0.30343056460809786 0 0 0 0 1
1685094334.256195068 -0.031870078593450604 -0.31489633899212793 0 0 0 0 1
1685094334.289528608 -0.053194489591157475 -0.32720071792093847 0 0 0 0 1
1685094334.322861910 -0.07444397405897198 -0.33963404631984234 0 0 0 0 1
1685094334.356195211 -0.09561775224444052 -0.3521958679463205 0 0 0 0 1
1685094334.389528513 -0.11723374684100292 -0.36539484804156785 0 0 0 0 1
1685094334.422861814 -0.13942326945551628 -0.3788753518976129 0 0 0 0 1
1685094334.456195116 -0.12050023114259131 -0.37580654892229454 0 0 0 0 1
1685094334.489528418 -0.12803213800739796 -0.39343519917333836 0 0 0 0 1
1685094334.522861958 -0.10637729579416734 -0.4079793714280589 0 0 0 0 1
1685094334.556195259 -0.08448809986257969 -0.42272424287671706 0 0 0 0 1
1685094334.589528561 -0.06751258415628508 -0.43318888123684696 0 0 0 0 1
1685094334.622861862 -0.041609031061873795 -0.43990777956303395 0 0 0 0 1
1685094334.656195164 -0.01598542348393864 -0.44662789775783673 0 0 0 0 1
1685094334.689528465 -0.0002895255708636624 -0.44838330000422355 0 0 0 0 1
1685094334.722861767 0.014249230560215178 -0.44221343626947957 0 0 0 0 1
1685094334.756195068 0.023891933272372313 -0.42970500180511717 0 0 0 0 1
1685094334.789528608 0.037097422924047725 -0.4072147366308024 0 0 0 0 1
1685094334.822861910 0.055079508686108836 -0.38832448580670326 0 0 0 0 1
1685094334.856195211 0.07381714775627553 -0.36792185458673266 0 0 0 0 1
1685094334.889528513 0.09314544281733855 -0.3466160795572698 0 0 0 0 1
1685094334.922861814 0.11240886376406474 -0.32489378196058166 0 0 0 0 1
1685094334.956195116 0.1315232294732136 -0.3030402096442128 0 0 0 0 1
1685094334.989528418 0.15048764536897272 -0.2810563853822121 0 0 0 0 1
1685094335.022861958 0.16930122389336522 -0.2589433380445798 0 0 0 0 1
1685094335.056195259 0.18796308454778865 -0.23670210254911475 0 0 0 0 1
1685094335.089528561 0.2067134999397245 -0.21477638960946938 0 0 0 0 1
1685094335.122861862 0.22554142182219078 -0.19291719651206476 0 0 0 0 1
1685094335.156195164 0.2444466142080571 -0.17112479723765586 0 0 0 0 1
1685094335.189528465 0.26342884014169293 -0.1493994649298112 0 0 0 0 1
1685094335.222861767 0.2824878617019376 -0.12774147189148924 0 0 0 0 1
1685094335.256195068 0.30162344000508245 -0.10615108958162521 0 0 0 0 1
1685094335.289528608 0.3067839730801955 -0.12986410205554585 0 0 0 0 1
1685094335.322861910 0.31992577987968074 -0.151302402849979 0 0 0 0 1
1685094335.356195211 0.3207821150235178 -0.17991390982532773 0 0 0 0 1
1685094335.389528513 0.32099922394682046 -0.20853740550622635 0 0 0 0 1
1685094335.422861814 0.32057699833941716 -0.23715861035185526 0 0 0 0 1
1685094335.456195116 0.31924016229982616 -0.2663837667124645 0 0 0 0 1
1685094335.489528418 0.29905514711680964 -0.2618313425292893 0 0 0 0 1
1685094335.522861958 0.30793112320221255 -0.234127129284718 0 0 0 0 1
1685094335.556195259 0.3167427005108004 -0.20640236619638658 0 0 0 0 1
1685094335.589528561 0.3079516531714577 -0.22309966292814545 0 0 0 0 1
1685094335.622861862 0.2795683228479756 -0.22218579382370193 0 0 0 0 1
1685094335.656195164 0.2507766236190424 -0.22110597255477313 0 0 0 0 1
1685094335.689528465 0.222185269494997 -0.2202653540696252 0 0 0 0 1
1685094335.722861767 0.1935911208203281 -0.21952587340383886 0 0 0 0 1
1685094335.756195068 0.1651222550245465 -0.21879165870133513 0 0 0 0 1
1685094335.789528608 0.13652626946475216 -0.21825132281428472 0 0 0 0 1
1685094335.822861910 0.10792668550907593 -0.21746085325398418 0 0 0 0 1
1685094335.856195211 0.07932306564574178 -0.21683317875441302 0 0 0 0 1
1685094335.889528513 0.05135820724424833 -0.21610737839940714 0 0 0 0 1
1685094335.922861814 0.023225575825355046 -0.21548480010888285 0 0 0 0 1
1685094335.956195116 -0.004992688976354168 -0.21501018313544354 0 0 0 0 1
1685094335.989528418 -0.03326506374457433 -0.214336694141224 0 0 0 0 1
1685094336.022861958 -0.048159958956971415 -0.21566756830304487 0 0 0 0 1
1685094336.056195259 -0.0561616758126785 -0.20303421337317826 0 0 0 0 1
1685094336.089528561 -0.04763006205032416 -0.1930751391141365 0 0 0 0 1
1685094336.122861862 -0.07587209624497628 -0.19673781970141624 0 0 0 0 1
1685094336.156195164 -0.10350427383409037 -0.20069863715754066 0 0 0 0 1
1685094336.189528465 -0.13110631151854318 -0.20486430984068882 0 0 0 0 1
1685094336.222861767 -0.15839779579687446 -0.20953433514913292 0 0 0 0 1
1685094336.256195068 -0.17487888231451676 -0.201491630892126 0 0 0 0 1
1685094336.289528608 -0.18651622217870104 -0.18731828882142312 0 0 0 0 1
1685094336.322861910 -0.20616101485756178 -0.17001570269570987 0 0 0 0 1
1685094336.356195211 -0.22568648710032715 -0.1529713980566221 0 0 0 0 1
1685094336.389528513 -0.24357450411054163 -0.13979229682029617 0 0 0 0 1
1685094336.422861814 -0.26302462026369555 -0.12537471594825256 0 0 0 0 1
1685094336.456195116 -0.2823910475979773 -0.11084491385465607 0 0 0 0 1
1685094336.489528418 -0.3054557174407348 -0.0970035091285058 0 0 0 0 1
