1685094179.392989874 -2.729305766382469e-20 3.2362144830911532e-18 0 0 0 0 1
1685094179.426323175 -0.00019381316408850215 -0.01610588708597027 0 0 0 0 1
1685094179.459656477 -0.00020281126300738465 -0.032691632382320514 0 0 0 0 1
1685094179.492989779 -0.0001369126510331238 -0.050015507580916316 0 0 0 0 1
1685094179.526323080 0.00030601799682585554 -0.06813394387860888 0 0 0 0 1
1685094179.559656382 0.0007402133131625536 -0.08664725537829393 0 0 0 0 1
1685094179.592989683 0.000974477042611604 -0.10562607017678544 0 0 0 0 1
1685094179.626323223 0.001425393846818746 -0.12529952703625855 0 0 0 0 1
1685094179.659656525 0.0014603952858238383 -0.14549739751530752 0 0 0 0 1
1685094179.692989826 0.0010430822479542677 -0.17164223187038888 0 0 0 0 1
1685094179.726323128 0.0005856210925315464 -0.1932297630721827 0 0 0 0 1
1685094179.759656429 0.001905717893176629 -0.21258528297332327 0 0 0 0 1
1685094179.792989731 0.0015227153614805417 -0.23520279123462245 0 0 0 0 1
1685094179.826323032 0.0010561035187484466 -0.25845303317603924 0 0 0 0 1
1685094179.859656572 0.0004397278194789863 -0.2823421556939804 0 0 0 0 1
1685094179.892989874 0.009203026439851145 -0.309277866348914 0 0 0 0 1
1685094179.926323175 0.02548529001434244 -0.33245578265057735 0 0 0 0 1
1685094179.959656477 0.029462454320999417 -0.3432052147826706 0 0 0 0 1
1685094179.992989779 0.03999483450942191 -0.34772595528076916 0 0 0 0 1
1685094180.026323080 0.061663468253184764 -0.332116970053394 0 0 0 0 1
1685094180.059656382 0.08343244899063396 -0.3166482407648481 0 0 0 0 1
1685094180.092989683 0.10515689068086512 -0.3010451089069856 0 0 0 0 1
1685094180.126323223 0.12693374400224808 -0.2851077659367091 0 0 0 0 1
1685094180.159656525 0.14815777379520806 -0.26844130857826615 0 0 0 0 1
1685094180.192989826 0.16543300493005905 -0.25181595743207663 0 0 0 0 1
1685094180.226323128 0.18195429018547205 -0.22977613756022966 0 0 0 0 1
1685094180.259656429 0.1982744915403612 -0.2075870061168842 0 0 0 0 1
1685094180.292989731 0.21439225966575726 -0.18525039766505882 0 0 0 0 1
1685094180.326323032 0.23119518800821462 -0.16146435017918961 0 0 0 0 1
1685094180.359656572 0.23760384700487336 -0.14193433146847337 0 0 0 0 1
1685094180.392989874 0.24509520516391367 -0.12279348263908854 0 0 0 0 1
1685094180.426323175 0.2650865496526936 -0.10031148814903944 0 0 0 0 1
1685094180.459656477 0.2850601721586441 -0.07781374749115423 0 0 0 0 1
1685094180.492989779 0.3050160602793119 -0.05530027463521613 0 0 0 0 1
1685094180.526323080 0.3249542016232558 -0.032771083560777035 0 0 0 0 1
1685094180.559656382 0.3448745838100543 -0.010226188257148994 0 0 0 0 1
1685094180.592989683 0.3647771944703134 0.012334397276604554 0 0 0 0 1
1685094180.626323223 0.38466202124567417 0.03491065903167742 0 0 0 0 1
1685094180.659656525 0.4049711837632235 0.05746151729384993 0 0 0 0 1
1685094180.692989826 0.42575247265253113 0.08022429396519813 0 0 0 0 1
1685094180.726323128 0.42746615903502894 0.09563222391585441 0 0 0 0 1
1685094180.759656429 0.4158902480051757 0.10594431925146937 0 0 0 0 1
1685094180.792989731 0.4007819535313248 0.10246862299412819 0 0 0 0 1
1685094180.826323032 0.3910434693537429 0.09121017945037366 0 0 0 0 1
1685094180.859656572 0.40388188345676757 0.08367587467659539 0 0 0 0 1
1685094180.892989874 0.4089619411383657 0.09766814536639255 0 0 0 0 1
1685094180.926323175 0.3812693462370342 0.11170352515907929 0 0 0 0 1
1685094180.959656477 0.35357770476651096 0.12574078596602484 0 0 0 0 1
1685094180.992989779 0.3258870168545635 0.13977992772246206 0 0 0 0 1
1685094181.026323080 0.298197282628955 0.15382095036361526 0 0 0 0 1
1685094181.059656382 0.2705085022174442 0.16786385382470007 0 0 0 0 1
1685094181.092989683 0.24282067574778543 0.18190863804092333 0 0 0 0 1
1685094181.126323223 0.21513380334772858 0.19595530294748328 0 0 0 0 1
1685094181.159656525 0.1870724794302 0.20978792341063762 0 0 0 0 1
1685094181.192989826 0.15899777996899428 0.22359337664641063 0 0 0 0 1
1685094181.226323128 0.1309097312657226 0.23737164972124764 0 0 0 0 1
1685094181.259656429 0.10328866056999021 0.2515059055140084 0 0 0 0 1
1685094181.292989731 0.07557873935093136 0.26546516764448624 0 0 0 0 1
1685094181.326323032 0.047781076269282456 0.27924887760925887 0 0 0 0 1
1685094181.359656572 0.020756461000448964 0.29289885760081885 0 0 0 0 1
1685094181.392989874 -0.006197859118102169 0.3066871283823609 0 0 0 0 1
1685094181.426323175 -0.03308117642839148 0.3206133279570028 0 0 0 0 1
1685094181.459656477 -0.05989278513654523 0.33467709070668367 0 0 0 0 1
1685094181.492989779 -0.08663198133132531 0.3488780474017628 0 0 0 0 1
1685094181.526323080 -0.11329806300260982 0.36321582521071355 0 0 0 0 1
1685094181.559656382 -0.14147492126583291 0.37751947060430663 0 0 0 0 1
1685094181.592989683 -0.16905807280542892 0.3912086465761623 0 0 0 0 1
1685094181.626323223 -0.1962765976118157 0.40462697091191546 0 0 0 0 1
1685094181.659656525 -0.2235148560909941 0.41754635676669827 0 0 0 0 1
1685094181.692989826 -0.25068432176490235 0.4299110050601202 0 0 0 0 1
1685094181.726323128 -0.2779200914913938 0.442128911584203 0 0 0 0 1
1685094181.759656429 -0.3043639193174009 0.454115645121963 0 0 0 0 1
1685094181.792989731 -0.3313557974283388 0.46586445538718596 0 0 0 0 1
1685094181.826323032 -0.35795519141590576 0.4776319651021208 0 0 0 0 1
1685094181.859656572 -0.384335990285074 0.4891252455738076 0 0 0 0 1
1685094181.892989874 -0.3988269893677953 0.5072367758848292 0 0 0 0 1
1685094181.926323175 -0.39781392902983365 0.4792225442031876 0 0 0 0 1
1685094181.959656477 -0.39694043127296136 0.4512036136449063 0 0 0 0 1
1685094181.992989779 -0.3964645749936675 0.4243481023573587 0 0 0 0 1
1685094182.026323080 -0.39616630242176804 0.39776988592036133 0 0 0 0 1
1685094182.059656382 -0.3955207548152907 0.3714445719951639 0 0 0 0 1
1685094182.092989683 -0.39482383170826224 0.345329353483003 0 0 0 0 1
