1685094142.088567495 -7.485373889700978e-20 -3.143265591530806e-19 0 0 0 0 1
1685094142.121900797 -0.0013080991416260593 -0.016877186459378638 0 0 0 0 1
1685094142.155234337 -0.0014022252056956632 -0.031582276638156805 0 0 0 0 1
1685094142.188567638 -0.0016367988531052619 -0.04676617886494958 0 0 0 0 1
1685094142.221900940 -0.0023158545681378037 -0.06273790082743852 0 0 0 0 1
1685094142.255234241 -0.0011637175197618543 -0.07883362488958914 0 0 0 0 1
1685094142.288567543 -0.0006046574065028154 -0.09701388249787755 0 0 0 0 1
1685094142.321900845 -0.002317704916538003 -0.11433381650154381 0 0 0 0 1
1685094142.355234146 -0.0038555236296633514 -0.13206912283348873 0 0 0 0 1
1685094142.388567448 -0.005453737030337456 -0.15016042642429106 0 0 0 0 1
1685094142.421900988 -0.007299230963907537 -0.1687697865522083 0 0 0 0 1
1685094142.455234289 -0.009407419517370884 -0.18789202197444096 0 0 0 0 1
1685094142.488567591 -0.012593285698005288 -0.2049169655085582 0 0 0 0 1
1685094142.521900892 -0.015411942109585028 -0.22550011320554594 0 0 0 0 1
1685094142.555234194 -0.018247733139224957 -0.24646197460986802 0 0 0 0 1
1685094142.588567495 -0.021391843244560504 -0.26739598820526433 0 0 0 0 1
1685094142.621900797 -0.02456735743526643 -0.2889998774560731 0 0 0 0 1
1685094142.655234337 -0.027642684539868293 -0.3110760553726369 0 0 0 0 1
1685094142.688567638 -0.030769874047515765 -0.33359486890368517 0 0 0 0 1
1685094142.721900940 -0.03292992865137662 -0.35494023310549433 0 0 0 0 1
1685094142.755234241 -0.03506698628098831 -0.37807354718677394 0 0 0 0 1
1685094142.788567543 -0.0373155435388439 -0.401912248148422 0 0 0 0 1
1685094142.821900845 -0.03938084112987646 -0.4257675246955764 0 0 0 0 1
1685094142.855234146 -0.04134442444888649 -0.44956722102628616 0 0 0 0 1
1685094142.888567448 -0.043324991277000305 -0.4737378138756956 0 0 0 0 1
1685094142.921900988 -0.045330627317643014 -0.49795555650327533 0 0 0 0 1
1685094142.955234289 -0.047255204749947405 -0.5221709979570899 0 0 0 0 1
1685094142.988567591 -0.04947630399980473 -0.5464696612091746 0 0 0 0 1
1685094143.021900892 -0.051650155348678346 -0.5707725969995052 0 0 0 0 1
1685094143.055234194 -0.0689636213624398 -0.5778580197952298 0 0 0 0 1
1685094143.088567495 -0.0913487713867373 -0.5907347207157678 0 0 0 0 1
1685094143.121900797 -0.1137132347500048 -0.6036473171502715 0 0 0 0 1
1685094143.155234337 -0.13605695389235026 -0.6165957758653186 0 0 0 0 1
1685094143.188567638 -0.1583798713072715 -0.629580063535187 0 0 0 0 1
1685094143.221900940 -0.18250227546928363 -0.6426974904866465 0 0 0 0 1
1685094143.255234241 -0.2068893116000518 -0.6556637099288467 0 0 0 0 1
1685094143.288567543 -0.2221751505569459 -0.6621506321236744 0 0 0 0 1
1685094143.321900845 -0.23270916360903368 -0.6749869712122266 0 0 0 0 1
1685094143.355234146 -0.23474517280737156 -0.7026451552246904 0 0 0 0 1
1685094143.388567448 -0.23254234066122406 -0.7204690405956278 0 0 0 0 1
1685094143.421900988 -0.22116920487104014 -0.7461152666104602 0 0 0 0 1
1685094143.455234289 -0.2094341018462612 -0.7715649972983533 0 0 0 0 1
1685094143.488567591 -0.1979112289425397 -0.7965637228869575 0 0 0 0 1
1685094143.521900892 -0.1863126025508297 -0.8215273914241575 0 0 0 0 1
1685094143.555234194 -0.17502866121920746 -0.846735777918329 0 0 0 0 1
1685094143.588567495 -0.16369642034236498 -0.8719224886667423 0 0 0 0 1
1685094143.621900797 -0.15219112559512832 -0.89748178248949 0 0 0 0 1
1685094143.655234337 -0.14100475067834478 -0.9233319608828431 0 0 0 0 1
1685094143.688567638 -0.13017178918675962 -0.9492009192296688 0 0 0 0 1
1685094143.721900940 -0.09970284330276044 -0.9743137299900047 0 0 0 0 1
1685094143.755234241 -0.10762102190982853 -0.9937328538757765 0 0 0 0 1
1685094143.788567543 -0.12117553771589282 -1.0181104767121691 0 0 0 0 1
1685094143.821900845 -0.13484017300585222 -1.0426306605060667 0 0 0 0 1
1685094143.855234146 -0.14845696566737807 -1.0671774449901317 0 0 0 0 1
1685094143.888567448 -0.16202586391761237 -1.0917507368161956 0 0 0 0 1
1685094143.921900988 -0.17554681615583326 -1.1163504425352864 0 0 0 0 1
1685094143.955234289 -0.18876471780940365 -1.1426812782878057 0 0 0 0 1
1685094143.988567591 -0.20182549391864418 -1.1690904047969106 0 0 0 0 1
1685094144.021900892 -0.2147286807814339 -1.1955768844484902 0 0 0 0 1
1685094144.055234194 -0.22759469379863945 -1.221392140530405 0 0 0 0 1
1685094144.088567495 -0.2401803297233941 -1.2473452425782001 0 0 0 0 1
1685094144.121900797 -0.25271179498831964 -1.2725667665774485 0 0 0 0 1
1685094144.155234337 -0.26540991387969143 -1.2977047989418018 0 0 0 0 1
1685094144.188567638 -0.2782741301598742 -1.3227582385066075 0 0 0 0 1
1685094144.221900940 -0.2913038803153817 -1.3477259878127772 0 0 0 0 1
1685094144.255234241 -0.3044985935815615 -1.3726069531548613 0 0 0 0 1
1685094144.288567543 -0.31785769196759717 -1.3974000446289576 0 0 0 0 1
1685094144.321900845 -0.33138059028182676 -1.4221041761804551 0 0 0 0 1
1685094144.355234146 -0.34506669615737723 -1.446718265651608 0 0 0 0 1
1685094144.388567448 -0.3592028401877143 -1.4715971855583636 0 0 0 0 1
1685094144.421900988 -0.3732448671087137 -1.496240790124513 0 0 0 0 1
1685094144.455234289 -0.3873156210266156 -1.5208680037355704 0 0 0 0 1
1685094144.488567591 -0.4019165543654422 -1.5470191098747827 0 0 0 0 1
1685094144.521900892 -0.4169092749589905 -1.5709901250498626 0 0 0 0 1
1685094144.555234194 -0.4317908444959502 -1.5950303024085417 0 0 0 0 1
1685094144.588567495 -0.44564232944022986 -1.6190298586518277 0 0 0 0 1
1685094144.621900797 -0.4592865408648925 -1.6428549914891106 0 0 0 0 1
1685094144.655234337 -0.47291475184278847 -1.6668262468670743 0 0 0 0 1
1685094144.688567638 -0.4856037396741437 -1.695266278459852 0 0 0 0 1
1685094144.721900940 -0.5007111589225302 -1.717991620743416 0 0 0 0 1
1685094144.755234241 -0.5157512184439363 -1.7408149280380498 0 0 0 0 1
1685094144.788567543 -0.5308121650421541 -1.7634370928824434 0 0 0 0 1
1685094144.821900845 -0.5455966482220943 -1.7855136563167058 0 0 0 0 1
1685094144.855234146 -0.5604434013773757 -1.8075483906402934 0 0 0 0 1
1685094144.888567448 -0.5751311217463005 -1.8289291168763706 0 0 0 0 1
1685094144.921900988 -0.5898728013913788 -1.8502726748098477 0 0 0 0 1
1685094144.955234289 -0.60466834625609 -1.8715789282621589 0 0 0 0 1
1685094144.988567591 -0.6195176619402369 -1.8928477412927527 0 0 0 0 1
1685094145.021900892 -0.6331305872712842 -1.9128319923335104 0 0 0 0 1
1685094145.055234194 -0.6464901368595641 -1.9322123600172971 0 0 0 0 1
