1685094129.920335770 -5.764393306790736e-20 -3.709302489552362e-18 0 0 0 0 1
1685094129.953669071 0.00021633240811125482 -0.012903770138848988 0 0 0 0 1
1685094129.987002373 0.000593352677075433 -0.026463622626260522 0 0 0 0 1
1685094130.020335674 -0.0012470978840175518 -0.04017425464505601 0 0 0 0 1
1685094130.053669214 0.0006203979486716089 -0.05554367217251524 0 0 0 0 1
1685094130.087002516 0.0025356696003876883 -0.07196963177342 0 0 0 0 1
1685094130.120335817 0.003991068633939331 -0.0889778589444844 0 0 0 0 1
1685094130.153669119 0.005318233894488547 -0.10697203466560243 0 0 0 0 1
1685094130.187002420 0.006883304614192502 -0.12619994309117388 0 0 0 0 1
1685094130.220335722 0.008834791813134867 -0.14632865065626682 0 0 0 0 1
1685094130.253669024 0.014313566246341176 -0.16521758766055397 0 0 0 0 1
1685094130.287002325 0.015794082132488747 -0.18328711924146157 0 0 0 0 1
1685094130.320335865 0.022879387225848216 -0.20457980092229833 0 0 0 0 1
1685094130.353669167 0.029969845197750804 -0.22603839925881614 0 0 0 0 1
1685094130.387002468 0.03717116959558446 -0.24837471233067046 0 0 0 0 1
1685094130.420335770 0.04436531413323893 -0.2709235068581992 0 0 0 0 1
1685094130.453669071 0.05166763720623768 -0.29407378094255004 0 0 0 0 1
1685094130.487002373 0.058949441309383954 -0.3176664949164449 0 0 0 0 1
1685094130.520335674 0.06650122713934489 -0.34159894345287195 0 0 0 0 1
1685094130.553669214 0.07407012122267882 -0.3655259868248726 0 0 0 0 1
1685094130.587002516 0.08165611969066361 -0.38944761280251167 0 0 0 0 1
1685094130.620335817 0.08925921866583442 -0.4133638091586232 0 0 0 0 1
1685094130.653669119 0.07884813282595067 -0.41839702268972967 0 0 0 0 1
1685094130.687002420 0.07241351145678414 -0.4087887140638265 0 0 0 0 1
1685094130.720335722 0.05673143747828525 -0.38672631521745465 0 0 0 0 1
1685094130.753669024 0.04106226192959124 -0.36459941178989047 0 0 0 0 1
1685094130.787002325 0.025754947173814484 -0.34244980169887823 0 0 0 0 1
1685094130.820335865 0.010522001172792355 -0.32029695663462365 0 0 0 0 1
1685094130.853669167 -0.004736564026412343 -0.29816174991834143 0 0 0 0 1
1685094130.887002468 -0.02002072800023906 -0.27604421117796385 0 0 0 0 1
1685094130.920335770 -0.035330470290863315 -0.25394437001777453 0 0 0 0 1
1685094130.953669071 -0.050665770406224026 -0.231862256018369 0 0 0 0 1
1685094130.987002373 -0.06813009869193484 -0.21034141910300394 0 0 0 0 1
1685094131.020335674 -0.08405340208689416 -0.18765667548530146 0 0 0 0 1
1685094131.053669214 -0.09835837145568062 -0.16391816172881496 0 0 0 0 1
1685094131.087002516 -0.11420966061836331 -0.14060070621069556 0 0 0 0 1
1685094131.120335817 -0.11694353128357057 -0.11254197762879417 0 0 0 0 1
1685094131.153669119 -0.11981819170193043 -0.08419221575923307 0 0 0 0 1
1685094131.187002420 -0.12269080019678111 -0.05584224590004246 0 0 0 0 1
1685094131.220335722 -0.1255613567530739 -0.027492068199738203 0 0 0 0 1
1685094131.253669024 -0.13411474843714422 -0.0006419302844453026 0 0 0 0 1
1685094131.287002325 -0.14230259694727163 0.026321926119017774 0 0 0 0 1
1685094131.320335865 -0.1501233911714659 0.053394524684249406 0 0 0 0 1
1685094131.353669167 -0.15757568773960234 0.08057086901589039 0 0 0 0 1
1685094131.387002468 -0.1591157918265422 0.1087533576250487 0 0 0 0 1
1685094131.420335770 -0.16097595824899819 0.13758691929538133 0 0 0 0 1
1685094131.453669071 -0.16298869175266747 0.16641023280301462 0 0 0 0 1
1685094131.487002373 -0.16467721429342358 0.19585201524563964 0 0 0 0 1
1685094131.520335674 -0.1663445814386031 0.2252950033510049 0 0 0 0 1
1685094131.553669214 -0.16799079232735598 0.25473918191790096 0 0 0 0 1
1685094131.587002516 -0.16961584610975505 0.2841845357445034 0 0 0 0 1
1685094131.620335817 -0.17121974194679634 0.31363104962838156 0 0 0 0 1
1685094131.653669119 -0.1728024790103996 0.3430787083665054 0 0 0 0 1
1685094131.687002420 -0.16675307574570006 0.38265396409394414 0 0 0 0 1
1685094131.720335722 -0.14379626086323055 0.41545306158462464 0 0 0 0 1
1685094131.753669024 -0.10868406762793166 0.43468662682766174 0 0 0 0 1
1685094131.787002325 -0.06868467810745468 0.43637333478705886 0 0 0 0 1
1685094131.820335865 -0.03207791816404361 0.420164038929539 0 0 0 0 1
1685094131.853669167 -0.006441343389071745 0.38941404413997177 0 0 0 0 1
1685094131.887002468 0.0029183058550237098 0.35048856261721295 0 0 0 0 1
1685094131.920335770 0.0024106397125344824 0.32125154534829026 0 0 0 0 1
1685094131.953669071 0.0018789611840522753 0.2918269765497495 0 0 0 0 1
1685094131.987002373 0.0013651542478199288 0.2624020902548122 0 0 0 0 1
1685094132.020335674 0.0008692190933777088 0.2329768973181415 0 0 0 0 1
1685094132.053669214 0.0002667740978381529 0.20445978527794892 0 0 0 0 1
1685094132.087002516 0.00011308278050691619 0.17607496445341767 0 0 0 0 1
1685094132.120335817 0.00019769364231568814 0.14768985365102988 0 0 0 0 1
1685094132.153669119 0.011061071464003164 0.12780355114566866 0 0 0 0 1
1685094132.187002420 -0.016355632933783386 0.12986992539451025 0 0 0 0 1
1685094132.220335722 -0.04421395559020843 0.1316616974329951 0 0 0 0 1
1685094132.253669024 -0.07184316811365607 0.13350274671472037 0 0 0 0 1
1685094132.287002325 -0.09940260837277783 0.13484816749628312 0 0 0 0 1
1685094132.320335865 -0.12703488649526862 0.1361976237231387 0 0 0 0 1
1685094132.353669167 -0.15478420050615158 0.13738701797054656 0 0 0 0 1
1685094132.387002468 -0.1818845587205784 0.13859302203442658 0 0 0 0 1
1685094132.420335770 -0.21156740512677952 0.1404968225436783 0 0 0 0 1
1685094132.453669071 -0.23762872256936746 0.1457528877366169 0 0 0 0 1
1685094132.487002373 -0.26342614419270116 0.1510791949924792 0 0 0 0 1
1685094132.520335674 -0.2891988387514362 0.15625145121627854 0 0 0 0 1
1685094132.553669214 -0.3148905927471118 0.1614465098825683 0 0 0 0 1
1685094132.587002516 -0.3405827655617787 0.16663949688253227 0 0 0 0 1
1685094132.620335817 -0.3655621723419266 0.1717066050501156 0 0 0 0 1
1685094132.653669119 -0.3902262869334613 0.17697603445775217 0 0 0 0 1
1685094132.687002420 -0.4141285866434066 0.1825661999568802 0 0 0 0 1
1685094132.720335722 -0.4378353508136679 0.18820396349211452 0 0 0 0 1
1685094132.753669024 -0.46138927618771397 0.1938806685319019 0 0 0 0 1
1685094132.787002325 -0.4815711551234868 0.1965485797720001 0 0 0 0 1
1685094132.820335865 -0.5035833901484883 0.20475069927865944 0 0 0 0 1
