1685094228.077427387 -7.330324687533578e-19 -3.1943961872274092e-18 0 0 0 0 1
1685094228.110760689 -0.0002127956973029466 -0.014046960502286638 0 0 0 0 1
1685094228.144093990 -0.00032441031809853825 -0.029156193861858377 0 0 0 0 1
1685094228.177427292 -0.00011445363094383774 -0.045114685495567734 0 0 0 0 1
1685094228.210760593 0.0031155928112514 -0.06174711853967544 0 0 0 0 1
1685094228.244093895 0.001457159881260994 -0.07859586247718885 0 0 0 0 1
1685094228.277427197 -0.0007963890694270069 -0.09617894891601987 0 0 0 0 1
1685094228.310760736 -0.0031055489486913235 -0.11337141002289144 0 0 0 0 1
1685094228.344094038 -0.005591058454992578 -0.13116794899645084 0 0 0 0 1
1685094228.377427340 -0.008265199178274637 -0.1494653148745262 0 0 0 0 1
1685094228.410760641 -0.010654770166416229 -0.16807943133598788 0 0 0 0 1
1685094228.444093943 -0.013131368399221762 -0.1872356148567552 0 0 0 0 1
1685094228.477427244 -0.021094938894776916 -0.20770226760299434 0 0 0 0 1
1685094228.510760546 -0.0235389900004199 -0.22815567409632864 0 0 0 0 1
1685094228.544094086 -0.02636873317116907 -0.24913422191529158 0 0 0 0 1
1685094228.577427387 -0.0239811930255192 -0.2570041767089239 0 0 0 0 1
1685094228.610760689 -0.021969953357620385 -0.2649786015407959 0 0 0 0 1
1685094228.644093990 -0.02784055192615714 -0.2873568843595574 0 0 0 0 1
1685094228.677427292 -0.03388994864539724 -0.3101485364657168 0 0 0 0 1
1685094228.710760593 -0.04014790000244265 -0.33293086204238126 0 0 0 0 1
1685094228.744093895 -0.046776665807290556 -0.3556080703752597 0 0 0 0 1
1685094228.777427197 -0.05364660945628001 -0.378950824037941 0 0 0 0 1
1685094228.810760736 -0.06063894436207591 -0.4026381819820387 0 0 0 0 1
1685094228.844094038 -0.06698785295190955 -0.4274840039684678 0 0 0 0 1
1685094228.877427340 -0.0725388799148358 -0.4525201700112201 0 0 0 0 1
1685094228.910760641 -0.07801017098151977 -0.47817754688243624 0 0 0 0 1
1685094228.944093943 -0.08344516329160971 -0.5038426374226479 0 0 0 0 1
1685094228.977427244 -0.08884384597015853 -0.5295153902782405 0 0 0 0 1
1685094229.010760546 -0.09420620821487162 -0.5551957540802678 0 0 0 0 1
1685094229.044094086 -0.09195740957949679 -0.5847642955972219 0 0 0 0 1
1685094229.077427387 -0.08541610930059242 -0.6136877658835398 0 0 0 0 1
1685094229.110760689 -0.08292315794970702 -0.6433575907100568 0 0 0 0 1
1685094229.144093990 -0.09144462767749635 -0.6588055412174758 0 0 0 0 1
1685094229.177427292 -0.06374141328781271 -0.6630050720547938 0 0 0 0 1
1685094229.210760593 -0.04181513025600211 -0.6653394836826038 0 0 0 0 1
1685094229.244093895 -0.0570219284202856 -0.68925364011612 0 0 0 0 1
1685094229.277427197 -0.05722794049450694 -0.6905934884188988 0 0 0 0 1
1685094229.310760736 -0.053931934926393386 -0.7190627071096788 0 0 0 0 1
1685094229.344094038 -0.050635814163572025 -0.7475319124636293 0 0 0 0 1
1685094229.377427340 -0.04703804177012154 -0.7763781648288919 0 0 0 0 1
1685094229.410760641 -0.04322625173707956 -0.8051969173775277 0 0 0 0 1
1685094229.444093943 -0.03015533061397285 -0.8233097050314104 0 0 0 0 1
1685094229.477427244 -0.016865964797926698 -0.8412628332214622 0 0 0 0 1
1685094229.510760546 -0.0033601043013821107 -0.8590536675990007 0 0 0 0 1
1685094229.544094086 0.001132761130563951 -0.8868382594109183 0 0 0 0 1
1685094229.577427387 0.006894555921532087 -0.9143876895816355 0 0 0 0 1
1685094229.610760689 0.013913166286447558 -0.9416440372916636 0 0 0 0 1
1685094229.644093990 0.023696555920025144 -0.9706499831135622 0 0 0 0 1
1685094229.677427292 0.03325526273506651 -0.9997307453073114 0 0 0 0 1
1685094229.710760593 0.042514280601847386 -1.0279903508561075 0 0 0 0 1
1685094229.744093895 0.06438810423380971 -1.0184862615279218 0 0 0 0 1
1685094229.777427197 0.05316782398479221 -0.9974411389249568 0 0 0 0 1
1685094229.810760736 0.03308578737908636 -1.01030596228198 0 0 0 0 1
1685094229.844094038 0.007881146729516852 -1.0259704293977479 0 0 0 0 1
1685094229.877427340 -0.01720940907216365 -1.041816988956771 0 0 0 0 1
1685094229.910760641 -0.03976160515054797 -1.0516559607071274 0 0 0 0 1
1685094229.944093943 -0.06410058733256958 -1.055264403502218 0 0 0 0 1
1685094229.977427244 -0.09459601626012135 -1.0561205171881822 0 0 0 0 1
1685094230.010760546 -0.09723618853073096 -1.0683721392221979 0 0 0 0 1
1685094230.044094086 -0.0984915738918332 -1.0991927539260942 0 0 0 0 1
1685094230.077427387 -0.1005166373686002 -1.129545413147122 0 0 0 0 1
1685094230.110760689 -0.10204322844122349 -1.1611111590812433 0 0 0 0 1
1685094230.144093990 -0.10375399022500244 -1.1926674594157194 0 0 0 0 1
1685094230.177427292 -0.10564886446606114 -1.2242132396135696 0 0 0 0 1
1685094230.210760593 -0.1059197596520355 -1.2387003826374803 0 0 0 0 1
1685094230.244093895 -0.09725897562983732 -1.2685004430623055 0 0 0 0 1
1685094230.277427197 -0.0818893677221294 -1.2956760563095904 0 0 0 0 1
1685094230.310760736 -0.1106081239405581 -1.307851464950886 0 0 0 0 1
1685094230.344094038 -0.14039372405543804 -1.3171156735038352 0 0 0 0 1
1685094230.377427340 -0.15573492365857491 -1.3383709604244645 0 0 0 0 1
1685094230.410760641 -0.1600733156331938 -1.3642228072137392 0 0 0 0 1
1685094230.444093943 -0.15251115441131666 -1.3893216786026266 0 0 0 0 1
1685094230.477427244 -0.1346132817041101 -1.4084738528890672 0 0 0 0 1
1685094230.510760546 -0.11008331304311846 -1.4177161613037612 0 0 0 0 1
1685094230.544094086 -0.08399724681135366 -1.4151360884572015 0 0 0 0 1
1685094230.577427387 -0.06175308542135711 -1.4012675300823252 0 0 0 0 1
1685094230.610760689 -0.03489111356003747 -1.388344748725856 0 0 0 0 1
1685094230.644093990 -0.0035914845302746057 -1.3932522522783621 0 0 0 0 1
1685094230.677427292 0.027836873877321925 -1.398440489515805 0 0 0 0 1
1685094230.710760593 0.059110705607929026 -1.404490858654462 0 0 0 0 1
1685094230.744093895 0.0872615061976351 -1.4240307461731545 0 0 0 0 1
1685094230.777427197 0.10585873346648925 -1.4528129961893563 0 0 0 0 1
1685094230.810760736 0.11210408001859266 -1.4865067704589257 0 0 0 0 1
1685094230.844094038 0.11672808780789376 -1.5099229596906467 0 0 0 0 1
1685094230.877427340 0.12176170717281477 -1.5332545271960754 0 0 0 0 1
1685094230.910760641 0.12643630657842572 -1.556557951339883 0 0 0 0 1
1685094230.944093943 0.13102352850844554 -1.5798787328746837 0 0 0 0 1
1685094230.977427244 0.13552330851860356 -1.6032165441750033 0 0 0 0 1
1685094231.010760546 0.14214918653786046 -1.6329662880258686 0 0 0 0 1
1685094231.044094086 0.14919910207832762 -1.6626184078420043 0 0 0 0 1
1685094231.077427387 0.15667161822788422 -1.6921668599353505 0 0 0 0 1
1685094231.110760689 0.16410396156428408 -1.7202152030568938 0 0 0 0 1
1685094231.144093990 0.17137776592757448 -1.748305077556765 0 0 0 0 1
1685094231.177427292 0.17849279927234324 -1.7764355873252846 0 0 0 0 1
1685094231.210760593 0.18544883461821535 -1.8046058349564458 0 0 0 0 1
1685094231.244093895 0.1923514601164249 -1.833462894965509 0 0 0 0 1
1685094231.277427197 0.19882033184573916 -1.8624202748484489 0 0 0 0 1
1685094231.310760736 0.1995406095738977 -1.8664244331109632 0 0 0 0 1
1685094231.344094038 0.20051754006198583 -1.8703738242309191 0 0 0 0 1
1685094231.377427340 0.20174705848756644 -1.8742520155410662 0 0 0 0 1
1685094231.410760641 0.20322404905771022 -1.878042870623056 0 0 0 0 1
1685094231.444093943 0.20494236629484025 -1.881730616448018 0 0 0 0 1
1685094231.477427244 0.21984415687815345 -1.9070903659744685 0 0 0 0 1
1685094231.510760546 0.22934326136468347 -1.911564391860087 0 0 0 0 1
1685094231.544094086 0.2390631486982603 -1.9155360015959215 0 0 0 0 1
1685094231.577427387 0.2489772672902396 -1.9189943460286492 0 0 0 0 1
1685094231.610760689 0.26853822535491967 -1.9418961088661737 0 0 0 0 1
1685094231.644093990 0.2883490635933436 -1.9646428533940072 0 0 0 0 1
1685094231.677427292 0.3080129090350215 -1.9872064312964173 0 0 0 0 1
1685094231.710760593 0.32749307466710614 -2.0098466787841254 0 0 0 0 1
1685094231.744093895 0.347037856589172 -2.0327884359719812 0 0 0 0 1
1685094231.777427197 0.3664351887954949 -2.0558549967586526 0 0 0 0 1
1685094231.810760736 0.38521913206830616 -2.079892616314078 0 0 0 0 1
1685094231.844094038 0.4033505758296712 -2.104426153072891 0 0 0 0 1
1685094231.877427340 0.42090311216554915 -2.1286826515275403 0 0 0 0 1
1685094231.910760641 0.43803661269513705 -2.153236926281753 0 0 0 0 1
1685094231.944093943 0.4561525464740317 -2.178738703542162 0 0 0 0 1
1685094231.977427244 0.4747651657595447 -2.2038802648193254 0 0 0 0 1
1685094232.010760546 0.4942179570626744 -2.228719009140103 0 0 0 0 1
1685094232.044094086 0.5134564598653034 -2.253414836176151 0 0 0 0 1
1685094232.077427387 0.5326235539346356 -2.2781661264055213 0 0 0 0 1
1685094232.110760689 0.551719079375236 -2.302972673348386 0 0 0 0 1
1685094232.144093990 0.5707428768887092 -2.3278342700639536 0 0 0 0 1
1685094232.177427292 0.5896947877750273 -2.3527507091521986 0 0 0 0 1
1685094232.210760593 0.6085746539338531 -2.3777217827555903 0 0 0 0 1
1685094232.244093895 0.6274844143610968 -2.403884135753128 0 0 0 0 1
1685094232.277427197 0.6465225147597149 -2.430024734929637 0 0 0 0 1
1685094232.310760736 0.6574236364639977 -2.4463972567915815 0 0 0 0 1
1685094232.344094038 0.6748267745838548 -2.437230757453633 0 0 0 0 1
1685094232.377427340 0.6609756578982446 -2.4081412640257196 0 0 0 0 1
1685094232.410760641 0.6466500387446839 -2.379282492444134 0 0 0 0 1
1685094232.444093943 0.6444518750482109 -2.3742631734575665 0 0 0 0 1
1685094232.477427244 0.6310014867233845 -2.345110566760269 0 0 0 0 1
1685094232.510760546 0.6177164301589769 -2.3158822466679947 0 0 0 0 1
1685094232.544094086 0.6045971315324971 -2.2865791508096183 0 0 0 0 1
1685094232.577427387 0.591644011704027 -2.257202219212781 0 0 0 0 1
1685094232.610760689 0.5784985323958511 -2.228202692444929 0 0 0 0 1
1685094232.644093990 0.5651820215175822 -2.1992813038712455 0 0 0 0 1
1685094232.677427292 0.5516949435079036 -2.170439062180248 0 0 0 0 1
1685094232.710760593 0.5380377687543518 -2.1416769733000574 0 0 0 0 1
1685094232.744093895 0.5242109735769119 -2.1129960403633103 0 0 0 0 1
1685094232.777427197 0.510380111429443 -2.083596784598792 0 0 0 0 1
1685094232.810760736 0.5006555586198562 -2.0688310117678035 0 0 0 0 1
1685094232.844094038 0.5226163728653088 -2.0710237584863935 0 0 0 0 1
1685094232.877427340 0.5011692656983477 -2.0658173110734213 0 0 0 0 1
1685094232.910760641 0.48778305959080603 -2.0368202422704798 0 0 0 0 1
1685094232.944093943 0.47429495526344584 -2.0078704313078775 0 0 0 0 1
1685094232.977427244 0.4901679982002198 -1.9971457481300456 0 0 0 0 1
1685094233.010760546 0.5214465662462194 -2.000397515601739 0 0 0 0 1
1685094233.044094086 0.5527713137802183 -2.003236503878323 0 0 0 0 1
1685094233.077427387 0.5563850207265593 -1.9770748963365594 0 0 0 0 1
1685094233.110760689 0.5665518056632124 -2.0013836727391126 0 0 0 0 1
1685094233.144093990 0.541425020261639 -1.9934511585398964 0 0 0 0 1
1685094233.177427292 0.5694136849752929 -2.0073422280629627 0 0 0 0 1
1685094233.210760593 0.5964649895299565 -2.021241271024029 0 0 0 0 1
1685094233.244093895 0.6226693493903726 -2.0349251091227507 0 0 0 0 1
1685094233.277427197 0.6488743694362379 -2.048607682901175 0 0 0 0 1
1685094233.310760736 0.6750800496065508 -2.0622889923274497 0 0 0 0 1
1685094233.344094038 0.6837087530011184 -2.100009341526035 0 0 0 0 1
1685094233.377427340 0.7112335946344323 -2.1017006235409514 0 0 0 0 1
1685094233.410760641 0.7370409938538905 -2.116084608267915 0 0 0 0 1
1685094233.444093943 0.7632557477350917 -2.1297120640115996 0 0 0 0 1
1685094233.477427244 0.7898556851170186 -2.142571465334196 0 0 0 0 1
1685094233.510760546 0.7881101893847694 -2.139410231424357 0 0 0 0 1
1685094233.544094086 0.7914793780436928 -2.1381107226846408 0 0 0 0 1
1685094233.577427387 0.8065421380170212 -2.142083970304089 0 0 0 0 1
1685094233.610760689 0.8169241713408285 -2.151165855499291 0 0 0 0 1
1685094233.644093990 0.8116951125659803 -2.1384016791073472 0 0 0 0 1
1685094233.677427292 0.8106687991308866 -2.152157184745761 0 0 0 0 1
1685094233.710760593 0.8177341159074513 -2.1403103052628647 0 0 0 0 1
1685094233.744093895 0.8453423956173183 -2.1350283482656063 0 0 0 0 1
1685094233.777427197 0.8760100755355144 -2.1298436954193485 0 0 0 0 1
1685094233.810760736 0.9066489836120507 -2.124491637069639 0 0 0 0 1
1685094233.844094038 0.9379051248970575 -2.1192239036360667 0 0 0 0 1
1685094233.877427340 0.9693231737674414 -2.1149577439823886 0 0 0 0 1
1685094233.910760641 1.0002670835182015 -2.110872564726564 0 0 0 0 1
1685094233.944093943 1.0310220578667135 -2.106921983904237 0 0 0 0 1
1685094233.977427244 1.0619596090467798 -2.1028930501783725 0 0 0 0 1
1685094234.010760546 1.0933405597840558 -2.098780460357102 0 0 0 0 1
1685094234.044094086 1.1238232705829398 -2.091457782230129 0 0 0 0 1
1685094234.077427387 1.1536457076206879 -2.0817913701900164 0 0 0 0 1
1685094234.110760689 1.1844408600926208 -2.0729343872877894 0 0 0 0 1
1685094234.144093990 1.2156222530998249 -2.0645015069541826 0 0 0 0 1
1685094234.177427292 1.2468179028461692 -2.056121520230204 0 0 0 0 1
1685094234.210760593 1.2780277196072538 -2.0477944512182296 0 0 0 0 1
1685094234.244093895 1.3092516136179317 -2.0395203238684356 0 0 0 0 1
1685094234.277427197 1.3404894950725668 -2.031299161978726 0 0 0 0 1
1685094234.310760736 1.3711932394001642 -2.0241252435881756 0 0 0 0 1
1685094234.344094038 1.4017391420550687 -2.0174754468633744 0 0 0 0 1
1685094234.377427340 1.4326396007477677 -2.0109426603318137 0 0 0 0 1
1685094234.410760641 1.4635274994166154 -2.0043507438343795 0 0 0 0 1
1685094234.444093943 1.4387486703415286 -2.007786904623101 0 0 0 0 1
1685094234.477427244 1.4698984801738755 -2.01249547985215 0 0 0 0 1
1685094234.510760546 1.5011102213283274 -2.016774328691087 0 0 0 0 1
1685094234.544094086 1.532304401968712 -2.020768609453747 0 0 0 0 1
1685094234.577427387 1.5634698793260933 -2.0249809966299748 0 0 0 0 1
1685094234.610760689 1.594605128442461 -2.029411284103449 0 0 0 0 1
1685094234.644093990 1.6257086258389029 -2.0340592550957672 0 0 0 0 1
1685094234.677427292 1.65677884959015 -2.0389246821770555 0 0 0 0 1
1685094234.710760593 1.6498816505140521 -2.043221581657817 0 0 0 0 1
1685094234.744093895 1.6559638785858095 -2.048610570609951 0 0 0 0 1
