1685093621.885828018 -6.489485052888064e-21 1.298257642350204e-19 0 0 0 0 1
1685093621.919161320 7.381477756682542e-05 -0.011431670947651134 0 0 0 0 1
1685093621.952494621 0.00019663276252020867 -0.02342606039526234 0 0 0 0 1
1685093621.985827923 0.0004209975507930779 -0.03595554849567198 0 0 0 0 1
1685093622.019161463 0.0008904710941175323 -0.04930229745861424 0 0 0 0 1
1685093622.052494764 0.0010757191466879013 -0.06302780030992658 0 0 0 0 1
1685093622.085828066 0.0008768156839049805 -0.0780720591404621 0 0 0 0 1
1685093622.119161367 0.0005477887910145234 -0.0935587913260464 0 0 0 0 1
1685093622.152494669 0.0003280001036437388 -0.10966894233486583 0 0 0 0 1
1685093622.185827971 0.00016258818454873333 -0.12642707410601559 0 0 0 0 1
1685093622.219161272 -0.00021289682513512834 -0.14371337235537213 0 0 0 0 1
1685093622.252494574 -0.0008463017441209565 -0.16157494994858967 0 0 0 0 1
1685093622.285828114 -0.0015705549968426738 -0.1800157227471944 0 0 0 0 1
1685093622.319161415 -0.002343548853900974 -0.19868465726010565 0 0 0 0 1
1685093622.352494717 -0.003209176625520223 -0.21743759240192487 0 0 0 0 1
1685093622.385828018 -0.00407870826518267 -0.23631461459086295 0 0 0 0 1
1685093622.419161320 -0.004925386601062247 -0.25546381785057015 0 0 0 0 1
1685093622.452494621 -0.006037001989258869 -0.28002090434792276 0 0 0 0 1
1685093622.485827923 -0.0069454676003802476 -0.3000172289365128 0 0 0 0 1
1685093622.519161463 -0.009235295302455397 -0.319913792204167 0 0 0 0 1
1685093622.552494764 -0.008357576786411344 -0.3398048183483777 0 0 0 0 1
1685093622.585828066 -0.006931638686674143 -0.35974590042450527 0 0 0 0 1
1685093622.619161367 -0.005302805707672751 -0.3797710539426491 0 0 0 0 1
1685093622.652494669 -0.0035688864464877576 -0.4002345596458813 0 0 0 0 1
1685093622.685827971 -0.0017936254049344365 -0.4214027032030483 0 0 0 0 1
1685093622.719161272 -0.00011560491002805556 -0.44292323895115526 0 0 0 0 1
1685093622.752494574 0.0015173014834485021 -0.4648807472842483 0 0 0 0 1
1685093622.785828114 0.0031077432483558407 -0.4871995208893518 0 0 0 0 1
1685093622.819161415 0.005322458605934156 -0.5112007689590187 0 0 0 0 1
1685093622.852494717 0.004634549789578769 -0.5340846721707952 0 0 0 0 1
1685093622.885828018 0.004027423395381042 -0.5568115594827854 0 0 0 0 1
1685093622.919161320 0.0033975087913130013 -0.5792477333856556 0 0 0 0 1
1685093622.952494621 0.002567419116034138 -0.5997480251805568 0 0 0 0 1
1685093622.985827923 0.003263933336855884 -0.6218661047302493 0 0 0 0 1
1685093623.019161463 0.003953708906520434 -0.6439579481365133 0 0 0 0 1
1685093623.052494764 0.004731957238494688 -0.66590771675413 0 0 0 0 1
1685093623.085828066 0.005546975522240639 -0.6874390218414599 0 0 0 0 1
1685093623.119161367 0.006379602247796529 -0.7087250875236571 0 0 0 0 1
1685093623.152494669 0.0071615025234383275 -0.7298698526715697 0 0 0 0 1
1685093623.185827971 0.008003313908134552 -0.7511001085677345 0 0 0 0 1
1685093623.219161272 0.008755255953511504 -0.7722554417027172 0 0 0 0 1
1685093623.252494574 0.00953804189215737 -0.7935014579667865 0 0 0 0 1
1685093623.285828114 0.010109509441040604 -0.8152147078341836 0 0 0 0 1
1685093623.319161415 0.010623865651896875 -0.837340187888219 0 0 0 0 1
1685093623.352494717 0.01102739818099414 -0.8599300945648781 0 0 0 0 1
1685093623.385828018 0.01130387335512498 -0.8825208595758567 0 0 0 0 1
1685093623.419161320 0.011570398794173061 -0.9050123536939075 0 0 0 0 1
1685093623.452494621 0.01175221748350159 -0.9273419925050207 0 0 0 0 1
1685093623.485827923 0.011996768168171799 -0.9495451716028929 0 0 0 0 1
1685093623.519161463 0.012348274927756815 -0.9718173478759757 0 0 0 0 1
1685093623.552494764 0.012673198242907495 -0.9941120114962085 0 0 0 0 1
1685093623.585828066 0.01310090781233594 -1.0162553727252202 0 0 0 0 1
1685093623.619161367 0.013608334963652696 -1.0380936193772732 0 0 0 0 1
1685093623.652494669 0.014088367415543807 -1.0599843106658866 0 0 0 0 1
1685093623.685827971 0.014540690877268381 -1.0820769833223265 0 0 0 0 1
1685093623.719161272 0.015349352662964253 -1.104409673824753 0 0 0 0 1
1685093623.752494574 0.016410306899358292 -1.1263872428691173 0 0 0 0 1
1685093623.785828114 0.017401067070433904 -1.148368602419828 0 0 0 0 1
1685093623.819161415 0.016710536349248784 -1.1704611812042796 0 0 0 0 1
1685093623.852494717 0.016779063713116216 -1.192735765194893 0 0 0 0 1
1685093623.885828018 0.01697841101727169 -1.2149997260443912 0 0 0 0 1
1685093623.919161320 0.017086411510010394 -1.2369805261498483 0 0 0 0 1
1685093623.952494621 0.017020096435962466 -1.2589816239660085 0 0 0 0 1
1685093623.985827923 0.017023046572200905 -1.2807718239630523 0 0 0 0 1
1685093624.019161463 0.017238399506378423 -1.3021718168135619 0 0 0 0 1
1685093624.052494764 0.017414459089816915 -1.3233660894000072 0 0 0 0 1
1685093624.085828066 0.017627906902312935 -1.3441199129035812 0 0 0 0 1
1685093624.119161367 0.017824979830325775 -1.3640426897488505 0 0 0 0 1
1685093624.152494669 0.018113036928012645 -1.3835345530839613 0 0 0 0 1
1685093624.185827971 0.018289486464975673 -1.4025426133344472 0 0 0 0 1
1685093624.219161272 0.01867595477343588 -1.4211899155630077 0 0 0 0 1
1685093624.252494574 0.019023453001173325 -1.4396759952861753 0 0 0 0 1
1685093624.285828114 0.01938973642769081 -1.4577639162032872 0 0 0 0 1
